3.528057205187249967e-01,1.454369167373651675e-03,3.029935765361774322e-05,3.029935765361774322e-05,6.938552902678462968e-03,4.514604290389043727e-03,2.120955035753242161e-04,5.938674100109077834e-03,3.029935765361774322e-05,2.755120591443461220e-01,1.454369167373651675e-03,0.000000000000000000e+00,2.726942188825596755e-04,0.000000000000000000e+00,4.675190885953217634e-02,0.000000000000000000e+00,2.814204338868016020e-01,2.263362016725245507e-02,0.000000000000000000e+00
7.857745700066936893e-04,7.575739937720089578e-01,0.000000000000000000e+00,1.783126218678152686e-01,1.746165711125985832e-03,8.177876080440033696e-03,0.000000000000000000e+00,6.402607607461947977e-04,2.910276185209976477e-05,2.619248566688978964e-03,1.251418759640289926e-03,0.000000000000000000e+00,4.091848316405227032e-02,1.309624283344489482e-03,2.793865137801577418e-03,0.000000000000000000e+00,2.764762375949477748e-03,1.164110474083990591e-04,9.603911411192922508e-04
8.036431824270023677e-04,6.697026520225020634e-05,3.485802303777122968e-01,0.000000000000000000e+00,3.013661934101258960e-03,4.018215912135011838e-04,1.272435038842753812e-03,4.420037503348512968e-03,2.477899812483257309e-03,3.951245646932761632e-03,0.000000000000000000e+00,1.674256630056255050e-03,0.000000000000000000e+00,0.000000000000000000e+00,4.500401821591213519e-02,2.678810608090008254e-04,9.442807393517278769e-03,5.786230913474417203e-01,0.000000000000000000e+00
4.252062250191342607e-05,2.610766221617484284e-01,4.252062250191342607e-05,3.113359979590101245e-01,1.275618675057402782e-04,1.953822603962921955e-01,4.252062250191342607e-05,4.677268475210477139e-04,0.000000000000000000e+00,1.148056807551662640e-03,4.894123649970235496e-02,0.000000000000000000e+00,8.929330725401820289e-04,5.923122714516540488e-02,1.424440853814099885e-02,4.252062250191342607e-05,5.025937579726167531e-02,5.667998979505060181e-02,4.252062250191342607e-05
5.676416307812762359e-03,4.753649124769308040e-04,9.227671830434539934e-04,8.388792573122308784e-05,3.852413175996868278e-01,1.451261115150159486e-01,3.444997483362228219e-01,1.420502209048710857e-02,0.000000000000000000e+00,5.592528382081539190e-05,0.000000000000000000e+00,1.677758514624461648e-03,2.516637771936692364e-04,1.677758514624461757e-04,8.226609250041944099e-02,5.033275543873384729e-04,8.864157485599238884e-03,8.976008053240870643e-03,1.006655108774676946e-03
3.004969757676156754e-03,5.374272835843896083e-03,7.705050660708094102e-05,8.699002195939438409e-02,1.028624263204530598e-01,6.569326193319721119e-01,3.894903108987941842e-02,1.020919212543822509e-03,0.000000000000000000e+00,5.778787995531070576e-05,1.926262665177023525e-05,1.425434372230997490e-03,1.348383865623916603e-04,5.971414262048773064e-04,5.035250606772739834e-02,1.521747505489848490e-03,5.085333436067341999e-03,4.931232422853180225e-03,4.066340486188696479e-02
0.000000000000000000e+00,0.000000000000000000e+00,3.331174238919219050e-04,7.402609419820487229e-05,2.273156287591376057e-01,3.532895345609327054e-02,6.612195799019153775e-01,5.551957064865365083e-05,0.000000000000000000e+00,3.701304709910243615e-05,0.000000000000000000e+00,5.126307023225687085e-03,1.295456648468585096e-04,4.811696122883316225e-04,1.173313593041547080e-02,2.568705468677708742e-02,4.256500416396779988e-04,6.292218006847413725e-03,2.576108078097529355e-02
2.873426739491807130e-02,2.730942768938494566e-03,5.105675611493706856e-03,2.374732842555212723e-03,5.034433626217050400e-02,7.836618380432201422e-03,2.493469484682973338e-03,5.734979814770838624e-01,0.000000000000000000e+00,4.440750415578247762e-02,0.000000000000000000e+00,2.849679411066255181e-03,1.187366421277606280e-04,2.018522916171930446e-03,2.379482308240322974e-01,1.068629779149845747e-03,2.897174067917359166e-02,6.293042032771313000e-03,3.205889337449537024e-03
0.000000000000000000e+00,4.295901709768880415e-05,2.663459060056706101e-03,0.000000000000000000e+00,0.000000000000000000e+00,0.000000000000000000e+00,0.000000000000000000e+00,4.295901709768880415e-05,9.934702294011512613e-01,1.847237735200618538e-03,0.000000000000000000e+00,0.000000000000000000e+00,0.000000000000000000e+00,0.000000000000000000e+00,9.021393590514649279e-04,0.000000000000000000e+00,0.000000000000000000e+00,1.031016410344531408e-03,0.000000000000000000e+00
3.250733500653964492e-01,3.322846336031672933e-03,2.227014033723355522e-03,9.897840149881579133e-04,0.000000000000000000e+00,7.069885821343985482e-05,0.000000000000000000e+00,1.191275760896461436e-02,1.520025451588956919e-03,6.229983385768319559e-01,3.146099190498073336e-03,7.776874403478383760e-04,3.534942910671992741e-05,1.484676022482236870e-03,5.196366078687828828e-03,7.069885821343985482e-05,1.852310085192124256e-02,2.474460037470394783e-03,1.767471455335996235e-04
1.461176539349484139e-03,1.022823577544639028e-03,0.000000000000000000e+00,3.351938981267716527e-02,0.000000000000000000e+00,2.922353078698968292e-05,0.000000000000000000e+00,0.000000000000000000e+00,0.000000000000000000e+00,2.776235424764020125e-03,8.190771208977468687e-01,0.000000000000000000e+00,5.844706157397936585e-05,4.968000233788246334e-04,2.308658932172185253e-03,7.513369765335048411e-02,9.059294543966802012e-04,2.922353078698968292e-05,6.318127356147169860e-02
0.000000000000000000e+00,0.000000000000000000e+00,6.692186203388923033e-04,2.676874481355569159e-05,1.873812136948898492e-03,2.087962095457343917e-03,6.130042562304253984e-03,9.369060684744492462e-04,0.000000000000000000e+00,4.015311722033353603e-04,0.000000000000000000e+00,7.834140857135208913e-01,2.676874481355569159e-05,1.338437240677784715e-04,1.383944106860829359e-02,8.129667799876863499e-02,1.070749792542227664e-04,1.930026501057365354e-02,8.975560135985223564e-02
5.869074492099322395e-03,6.379232505643340767e-01,0.000000000000000000e+00,6.772009029345372327e-03,5.417607223476297862e-03,1.805869074492099215e-03,3.160270880361173897e-03,9.029345372460496075e-04,0.000000000000000000e+00,4.514672686230248038e-04,9.029345372460496075e-04,4.514672686230248038e-04,2.961625282167043016e-01,1.670428893905191725e-02,2.708803611738148931e-03,4.514672686230248038e-04,0.000000000000000000e+00,8.126410835214446793e-03,1.218961625282167019e-02
0.000000000000000000e+00,1.218968336554184656e-03,2.973093503790694291e-05,4.153411624795599888e-02,8.919280511372083213e-05,8.919280511372082399e-04,9.216589861751152066e-04,6.243496357960457571e-04,0.000000000000000000e+00,8.621971160993012733e-04,4.756949606065110866e-04,2.973093503790693952e-04,7.432733759476735152e-04,7.903374461126801975e-01,4.816411476140924908e-03,6.383231752638619805e-02,2.735246023487438762e-03,2.973093503790694291e-05,9.056042812546453991e-02
5.089544377139847142e-02,2.403213062944430014e-03,1.823808269686594610e-02,1.145641295759810413e-02,9.375823018172241285e-02,9.023571240452989140e-02,1.925862523044508806e-02,6.557808796418225505e-02,0.000000000000000000e+00,5.728206478799052065e-03,2.666578878061627491e-03,1.418883328943903142e-02,9.876218066894917587e-05,6.715828285488543471e-03,5.114893336844877902e-01,4.115090861206215783e-03,2.093758230181722371e-02,7.400579404793257432e-02,8.230181722412431566e-03
0.000000000000000000e+00,7.350238882763689228e-05,2.205071664829107039e-04,0.000000000000000000e+00,8.820286659316428158e-04,5.439176773245130679e-03,9.996324880558618564e-02,1.543550165380374846e-03,0.000000000000000000e+00,1.470047776552738062e-03,1.894156560088202934e-01,2.248438074237412709e-01,1.470047776552737846e-04,1.558250643145902281e-01,1.117236310180080849e-02,2.316060271958838568e-01,2.205071664829107039e-04,7.717750826901874361e-02,0.000000000000000000e+00
2.237609686749350568e-01,3.039364674738957977e-03,4.583558017549879682e-03,3.085935585077699897e-02,7.843521741261827093e-03,7.181724594342860091e-03,8.333741850090690528e-04,6.152262365802245621e-03,0.000000000000000000e+00,1.362811902544242351e-02,6.372861414775234188e-04,1.225550272072160483e-04,0.000000000000000000e+00,2.353056522378548041e-03,1.414285013971273118e-02,1.960880435315456611e-04,6.667728810235795667e-01,1.754987989607333793e-02,3.431540761802049136e-04
1.316296929758371467e-02,8.384056877441856505e-05,1.464191693076445921e-01,2.230159129399533757e-02,5.281955832788370019e-03,4.057883528681858684e-03,5.131042808994416317e-03,6.874926639502321928e-04,1.173767962841859884e-03,1.240840417861394790e-03,0.000000000000000000e+00,1.230779549608464543e-02,4.192028438720928388e-04,5.030434126465113903e-05,3.484414038264835312e-02,1.782450492144138643e-02,1.240840417861394790e-02,7.015946476180894287e-01,2.101044653486929328e-02
0.000000000000000000e+00,1.874062968515742122e-03,0.000000000000000000e+00,0.000000000000000000e+00,1.124437781109445186e-03,1.150674662668665638e-01,7.298136645962732816e-02,1.713428999785821319e-03,0.000000000000000000e+00,4.283572499464553297e-04,1.155493681730563327e-01,1.803919468837009987e-01,2.141786249732276649e-03,1.611694152923538181e-01,1.392161062325979887e-02,5.354465624330691622e-05,5.889912186763761326e-04,6.709145427286357377e-02,2.659027629042621799e-01
