1.605422717568448232e-01,6.736407251506888912e-03,4.505551833083596552e-02,3.170298527789956050e-02,3.944253897086925226e-02,4.058448312676876668e-02,1.243135461230433607e-02,6.304934319221777370e-03,4.909674270988028180e-03,6.063339552610032442e-03,6.965773175227401789e-03,1.243192939014751801e-02,2.069772257259666366e-03,1.956901259413050976e-03,6.005494357927711248e-06,2.979896840568374414e-09,4.035919566017496553e-03,5.588802358945524698e-03,2.805467539635729098e-07,2.157937783185932899e-04,7.390532884761706178e-04,4.825407685697703786e-04,1.012358338092509216e-04,2.155853710498868616e-03,1.288356755092885404e-03,1.153497305764840386e-03,8.969747104041912375e-04,2.029691409403269558e-05,2.579006768260085417e-02,3.543135130083777118e-02,3.200923291180077235e-02,2.381389064207871387e-02,1.386329696838810299e-02,1.011657093823546509e-02,1.012080201323802085e-03,8.777827829222011567e-04,2.803314154264584506e-03,1.024477584639435154e-02,3.429593406033076830e-03,2.802340454720813039e-03,7.724260265819165661e-04,8.545399202055676136e-06,4.514816245778757969e-04,4.115801578130805043e-03,1.308319280659715365e-03,2.959474565616386109e-04,6.822334339185458414e-05,2.657202768874550726e-04,2.306766520379417926e-05,2.081824933785623229e-05,5.311084536468771411e-05,1.243631974005974215e-03,3.649175915771431505e-04,1.826651631666751990e-03,4.906352032490843187e-05,5.786020609654466676e-04,9.019427518884582870e-03,2.937793184101307291e-03,2.474794058542593728e-04,1.114111899123531148e-03,3.295369480356632216e-04,2.624515456155994522e-05,1.084439523499682598e-04,1.545262741796201442e-03,2.453197661691055957e-03,4.273219023576002454e-04,1.576246348552767546e-04,2.942856060086695176e-06,1.263944889340492227e-03,7.799532954672985818e-05,8.587876119841093400e-06,2.133296991579208737e-03,8.447428204841435362e-03,4.030214164217143909e-08,2.090760553300657041e-08,8.439584607829068519e-04,3.999561768348635152e-03,6.200689375571478436e-05,1.618106261276550323e-03,2.038799523350376972e-05,4.928442334992177770e-04,1.069696550505846555e-04,3.651469054687234953e-04,2.100039933919293621e-03,1.063783655712237887e-05,8.613521651100176541e-06,5.487826356572261491e-07,1.177246146260060768e-03,1.073582594429914371e-03,9.342953428159361459e-04,2.614061910114365574e-05,1.147264362961652648e-04,6.724455299466644900e-04,1.824043190660385610e-04,2.557314123670201315e-07,7.015272823768731528e-03,4.735350183131898684e-03,8.454136791241702482e-04,7.739540641484395815e-04,2.105732872191739816e-07,5.011926277148436026e-02,3.717326703683495465e-02,3.425509761181221025e-02,1.150215442464900401e-02,4.163106482416670251e-02,5.283714440106722365e-02,2.037414079829929017e-02,8.726079016290386875e-03,1.837646384468086952e-02,4.364664582550930108e-03,8.266973223561246281e-03,2.975973192452124536e-02,4.156564281428778464e-03,2.548446281128408097e-03,4.074931930695353637e-03,7.551393630274126504e-04,1.134739494125348684e-02,2.076710663234595394e-04,3.428393301810204064e-03,7.940148047522691682e-03,2.769525608667533154e-03,2.705344893008471575e-03,2.640249919829109801e-04,6.602269089809984122e-04,1.182319492030568450e-03,1.289163488351325026e-05,1.011724531436794527e-02,3.391189869372968329e-03,7.047473347962038151e-04,2.771107448617854321e-03,9.139223937818871310e-03,1.940218793434394379e-02,1.364334619772518756e-02,1.498620743113860537e-02,1.717198320045381765e-03,2.046576815346846587e-02,4.278717689143092008e-03,4.870010983553382973e-03,2.528627788336810719e-02,2.011524854701405435e-02,1.167861324108161389e-02,1.591893991477557127e-02,9.262549303098806600e-03,1.848794360201795649e-03,2.129316664998417031e-03,1.135055472716163137e-03,4.692860403287992498e-03,5.585493327678262530e-03,9.621222203316891555e-03,4.035392115185333986e-03,7.179868489578862534e-03,4.821348913576502249e-03,7.376128137717650459e-04,7.838656599670285269e-05,4.125830563859171521e-04,9.649857443079123325e-05,4.998532286465904792e-03,4.655526980185565634e-03,1.113040848352299904e-03,1.495202832205541621e-03,1.425355446369672889e-03,8.960541931013048592e-03,1.264956611304209749e-03,9.325261890836182219e-03,1.134416080924017557e-03,1.716057803780279530e-03,6.453007015587667629e-03,5.405777339540411910e-03,7.666028189542627332e-03,4.138210389773772992e-06,8.064510061969869551e-04,9.346398097294467090e-04,9.575128808108219472e-04,1.134302798802716474e-03,7.549540253344820800e-04,7.279833932379920110e-03,4.079055560146259071e-03,9.192378170045546618e-04,4.782741192910825410e-03,2.214436260690579548e-03,1.503634090190151575e-03,6.971373210853217157e-03,2.904366642473430009e-06,6.070911697459263970e-03,3.541749443748474450e-03,1.642219956113258978e-03,7.914294357437257575e-05,1.195449742320358705e-06,5.077957963626627842e-04,8.432652209578066281e-05,9.164683908379461352e-04,2.524519126505855946e-03,2.044064624952342431e-03,1.082200788495087974e-02,7.173801328219002807e-03,6.757337144500484040e-03,8.251104932409223823e-04,2.767371635508117725e-04,5.810293891563623504e-04,1.223915403054536694e-03,1.877310595047371709e-03,5.834599615466510837e-05,2.014134096212067161e-05,2.859228554531650424e-04,5.310743026419878152e-03,1.799013571239185426e-03,2.581024285135500185e-03,4.778701736177494615e-03,1.215550266323299922e-04,2.289332609098623374e-05,1.749862254084110676e-05,4.097352664684045347e-06,8.789838559812463434e-04,1.402753083856419711e-03,7.024728050883640605e-06,9.178753087057265258e-04,4.927891961000965436e-05,1.760960370575467515e-05,4.117720581595107130e-06,1.048551645397608021e-05,1.198995351055833500e-03,1.243728566786345873e-03,6.886232142801919755e-04,3.901589306720600753e-04,1.355422361426764826e-04,5.471803936493888552e-06,1.498801251684507671e-04,8.342616706096533258e-05,5.318105329611821507e-05,1.852252665479708427e-03,6.572242554554484422e-04,1.586108413558284867e-04
6.736407251506888912e-03,2.017497656616214219e-01,7.369385386777352331e-03,6.854788860790070326e-02,5.797550748124637165e-03,2.129380364095970982e-03,3.867709017041889592e-03,2.713924185125848182e-03,3.110902777709032073e-04,5.211296507294149206e-03,2.520441615681642388e-03,1.251507129080250622e-03,3.952066785023407346e-04,1.074345641239885830e-03,1.141302799471894140e-03,1.435139357556378863e-04,6.639107009629678370e-06,2.104415600030830018e-05,1.377243730312721160e-05,2.309256276659914327e-06,4.328906027246984495e-04,3.315579653426229062e-04,5.951167019606458863e-04,1.578014945065348712e-04,4.916488778717148083e-05,4.883222467158433028e-04,1.141699282631133321e-04,2.379025302101740920e-04,1.683156285183842055e-02,3.470826057501821826e-02,1.806497416248078330e-02,1.014962518107533253e-04,3.027395631655832890e-04,2.218897994275422197e-04,1.340273271081866976e-04,7.634523000473761539e-05,5.014835149521468379e-04,1.278938339075097669e-04,2.523634161993097941e-04,1.475089655931983057e-04,8.660082130224571593e-07,3.299781290113468367e-07,2.068513844574194069e-05,2.184405607314479896e-03,6.030935632781287510e-04,4.002053550757349900e-05,2.043709145327570899e-05,8.607924681222976770e-03,1.230592191834981681e-03,7.600784850002428872e-03,1.130989287462690868e-05,9.293174099825342023e-05,2.565930487380025131e-04,2.063403906045650023e-04,6.783973930658555428e-05,3.464976421904487810e-05,5.738858571374585993e-03,3.187330561001943947e-04,3.030244512830310849e-03,1.299747400856717417e-04,2.240393404465974413e-03,2.808039672255368147e-03,2.033063994770267292e-04,9.605310978326359693e-09,1.533369970397360912e-03,4.815940491864217107e-04,3.677279883081705837e-04,1.762128154877994719e-03,1.540087747961045627e-03,1.615296874803990321e-03,4.117397793225952007e-03,3.503357419232025201e-05,1.925526461157956544e-04,2.536297472233593124e-04,2.627840708310863948e-04,1.193321643889550627e-03,3.396553666188491375e-07,1.112686305813764169e-03,1.563131151836837367e-04,4.254062076806434771e-03,3.162537002422071211e-03,5.417506489662360890e-03,2.238760361466802357e-04,1.927431057558899065e-04,3.083344521491193126e-04,7.927473222962665026e-04,1.575218161760086528e-04,3.432844881593192544e-03,1.549469646371802098e-04,6.489844244135099111e-03,6.602436072408247088e-04,5.462264961697733696e-04,1.964493784655255365e-04,1.069353277288331286e-03,1.922302633390014564e-03,8.291287976432582408e-05,1.108439562357230353e-03,3.674506391648283240e-05,1.220693283768063101e-04,3.846601040661295134e-04,1.547621571484130223e-02,3.660049064653151524e-02,3.960527483148334332e-02,8.089795686925752016e-02,1.292912022214985114e-02,1.640332254869359893e-02,3.039070845582328602e-03,1.003006531039409358e-03,3.063470078978766230e-03,3.463548148333806930e-03,2.802006369468834114e-03,5.791477278424295047e-05,2.101930542782115378e-03,6.666755952490143393e-08,5.689095230700759654e-05,5.503360908322045076e-05,3.523085774288942443e-03,1.212117528119926638e-04,3.185611249874898554e-05,1.971047895469983126e-04,1.181875608844984991e-04,4.009269800909803956e-05,1.097954118256697130e-03,1.502121979935836773e-04,4.634583896800346936e-04,8.042848772761057358e-05,1.227976757743990419e-05,2.465952400420571803e-08,3.812867211587318199e-05,4.950262695167658659e-04,4.397527872687755426e-03,1.205131258528463478e-02,7.634523000473761539e-05,5.938727608634931498e-04,7.156391470277716242e-06,2.368143858575807743e-03,1.232249958575035035e-03,3.558052203545305093e-03,5.361345053909119274e-06,4.407861173597274907e-04,4.004261217406236630e-04,1.494378059110418365e-03,2.442074237891612466e-03,4.423816569875997314e-04,4.422344763852231141e-07,3.400642407787381633e-05,2.373896708673279036e-04,2.355157707368979664e-04,4.784209112306392879e-06,1.073378498410543633e-05,2.035290149112157446e-03,1.433361751183552936e-05,2.351884208359531284e-03,5.597861467746674255e-06,4.450113084304416536e-04,4.895342289888941420e-03,8.455638844218958759e-04,8.250251341178766991e-04,1.385064074895629932e-03,5.423974355863838206e-04,6.152011880367178227e-04,3.724224717003552280e-04,6.809445244275992330e-07,1.746147614052857150e-03,9.121006174314444034e-05,1.106374179789822951e-04,1.874306749411863479e-05,3.506183744323578422e-03,5.921712450571832431e-03,1.740994044810119856e-05,2.368598992156821569e-04,9.175291678542351129e-04,2.268919124816324694e-05,5.973194959331836439e-04,2.431311617761625944e-03,9.131144409245904852e-04,2.143951821031590322e-04,2.604974097669559316e-04,1.132406115812845099e-04,3.688743777776752370e-04,2.935846602817876737e-05,2.141618310953448401e-03,1.342770145598416258e-05,1.326567261094048142e-02,1.440961818008204610e-06,1.395862864896272898e-06,3.478055738578449563e-03,9.975719124099141362e-05,3.545943885964842474e-03,6.591304877802039097e-05,5.956261836642857445e-04,1.259605800920160826e-04,7.918409391464974387e-08,8.220647839759988740e-04,2.160070466184273738e-04,1.854616307029480573e-04,4.560520584308594763e-03,5.132370822340919132e-03,3.257637789219695098e-03,2.302377889890259988e-03,1.132406115812845099e-04,1.991934554082211455e-06,8.483211615904477534e-05,7.221522961003673904e-05,2.378712049713695674e-03,1.108294159088330817e-04,1.654038614469367487e-05,1.738540384760806388e-06,3.188611059923037827e-04,1.544340976451374350e-03,4.608755949705213380e-06,2.513401994291666240e-05,1.042830529531140116e-04,1.013287182596988992e-04,1.686757513993837338e-04,9.179822368044706661e-05,9.349807247118560333e-04,1.845790627564164194e-04,1.375940303819785180e-06,1.209693127260425471e-03,3.954767591700505063e-05,9.232337901849874584e-05,1.794046924671610101e-04,1.127652321747785977e-04,4.753726707519070351e-04,9.826709670214175268e-04,7.874630234724951257e-05,2.826507361555210912e-06,1.128488069363983498e-03,4.985124735271587328e-09,4.062100316290892695e-03,3.622756063199206048e-05
4.505551833083596552e-02,7.369385386777352331e-03,2.048883916292875973e-01,4.640563334368770498e-02,5.547979534257238034e-03,1.034728129481143552e-02,6.171956564183089659e-05,2.597613481847920857e-03,5.562494708736735825e-04,8.570625066274483415e-04,7.281573690357791230e-05,8.150271742224852491e-04,3.168095043151386223e-04,8.229569375739243903e-08,1.513408007249116612e-03,7.748082983293401666e-04,1.043869347434739185e-03,2.995283659903609790e-04,2.389709107416601716e-04,7.052735445033600291e-07,2.256384300270112368e-05,6.784171923330227245e-05,2.089637935093733556e-07,2.081985432677425522e-10,8.717297800263190503e-04,3.020436715836508571e-07,4.919548112235874228e-05,1.016012329387205366e-04,5.825458233718406112e-03,2.895892756928911214e-03,4.464644780355605039e-03,7.150641897740002244e-03,5.145547893021705510e-03,1.600085986014574465e-03,3.668722837947439104e-04,8.771876701524691919e-04,3.278946737787188687e-04,2.909146845856924041e-03,1.937148577763938824e-04,7.701696302220366851e-04,4.403393740032474191e-06,4.552632485909457018e-04,1.223299900440673401e-06,9.483453572404788043e-04,5.234191695824497647e-05,2.519096226422273040e-04,8.741284182544704087e-06,3.378830612378732560e-05,8.029767341035699835e-05,9.759094653007882255e-05,2.395854318499735370e-04,4.338518406643711951e-05,1.582304199408728822e-04,7.281713539626414287e-04,3.477370247913176173e-06,2.403977230569643347e-05,2.305315717840625538e-03,4.181847507151010244e-03,1.725949571098700937e-06,3.721122700586007169e-04,2.216326310315223865e-05,2.652403240264166820e-05,4.103594117303143991e-04,3.158887916735946086e-05,1.099690941356459752e-03,1.864013327151422790e-03,2.965101712203131474e-04,7.604441994845312011e-04,1.924114435934191295e-03,7.842885869550099420e-04,9.341406779761882086e-05,3.983581252213523540e-04,5.408024629235794536e-03,2.528679469190016160e-06,2.070196706024734178e-04,3.620708096816972667e-04,4.244540730828690739e-04,1.573544883390317402e-05,1.246872427320215668e-03,9.827970886642124900e-06,1.409043006616258736e-06,1.400022970563228541e-05,2.088551359885914866e-05,4.924044745352149392e-04,8.972116859992832025e-05,9.290538504569589493e-05,2.843477200154821797e-06,2.190447993199013771e-05,5.770678718987356406e-06,9.632025044349506494e-04,4.284469608246610012e-05,1.239872630125081491e-05,6.369053772979048616e-05,6.859680679549208805e-07,1.373967683458138813e-06,6.011969465108221722e-03,3.665475369810983555e-03,5.440237100265855191e-06,1.903268453620300047e-05,1.559236764737941406e-05,1.226464744297538559e-02,6.566112437318982926e-03,5.038741247764905867e-02,3.682526007668372758e-04,9.376323489199259870e-03,2.257014958423965087e-02,3.929344647922921457e-03,3.606924471136042465e-05,7.541741834723836302e-03,5.339355023269697699e-07,4.525779530571710824e-06,1.000002250879243951e-02,1.076913767686358446e-04,1.098003498194920001e-05,8.687225760302159797e-04,1.431698654719270836e-05,5.509546947764923548e-03,2.612261970680726444e-05,2.162593456152712426e-04,4.942429183187168479e-03,1.646271303934733975e-04,4.094398660746605096e-05,2.629813409687931322e-05,8.384496505500311982e-05,1.173219730419550855e-04,5.959581507139854561e-05,8.182788858328132395e-03,4.664735048449453257e-04,1.041143255286353786e-04,5.504700416459145034e-06,2.688474037907186229e-03,1.976542048312331535e-03,4.441433096976398105e-03,5.249633389871419080e-03,9.948217129084105902e-04,5.898951095391200515e-03,3.008219722328414264e-05,1.280265770534567624e-03,7.204633139753329786e-03,6.317505794212491949e-03,2.823372764084633012e-03,2.055884254007263150e-03,3.737271950772445275e-04,2.050416278066378436e-05,7.664390296001038333e-05,1.260120826503786191e-04,5.504952489621249166e-04,4.586764537560058977e-04,1.915037931123725508e-03,9.381792115697737758e-04,9.865633616613378916e-07,1.281099182913426979e-03,2.765091322496313103e-07,7.809294072829467111e-05,7.124008078693214575e-05,2.027096346345131815e-04,1.827339014656110888e-04,2.190447993199013771e-05,4.213492276933481786e-04,1.452985902024012512e-04,3.427016786739015664e-05,1.050563900551561292e-03,6.817658301707955264e-05,1.758185059769826241e-03,5.498367058328899101e-04,4.991760068242144174e-04,1.363140391471987303e-03,2.153271318920150235e-05,6.731546616777205625e-05,6.804946409006174283e-04,1.083921298155361435e-04,1.474289978116780867e-03,1.308038681052476270e-05,1.772854359139074563e-05,1.707455154764084011e-03,1.143756790066762560e-03,4.622591421344598756e-04,1.490878321984214795e-04,7.498705719795735426e-04,9.628173719537654572e-04,1.627800509410584834e-04,6.598471837690238423e-04,3.074319579331108062e-06,3.185955295601091539e-07,3.267234570238666770e-04,4.938444437293506403e-06,2.164615397919412681e-05,1.318535670439091213e-05,1.389428649107007707e-05,3.225972650920785170e-06,1.891268124814926663e-05,3.233009439376952366e-06,2.611190879946942743e-06,3.516268993280008610e-04,2.820505980896150823e-03,5.746661409250532464e-04,2.222575175683547073e-06,1.145056507732168824e-05,2.958919962020388874e-05,1.845894480970280442e-07,3.320184390040576596e-06,3.653565153641609637e-04,4.643387172430588281e-06,7.672851034866044747e-08,1.428659902590547533e-03,1.342146498103010397e-04,4.867984435548119883e-08,8.061648402391324506e-04,3.084889133061431070e-04,1.260663233371416906e-05,3.158307391175354216e-04,3.845311674205546148e-06,1.263229675883373890e-04,2.126509137482887222e-04,6.592742684589572707e-05,2.263771255741259126e-06,4.182095640098096170e-06,1.785065650466814702e-05,6.387435353236243264e-06,1.983677752560755020e-04,4.614489379871899446e-05,1.211019148016291675e-05,5.387925551173259817e-04,9.023061914789155856e-04,3.673208520584382640e-04,8.205601676058678958e-05,4.880803880283178807e-05,5.325484329689447013e-06,1.133412989331899806e-04,2.426169620953073621e-04,8.005084095310804752e-05,2.081985432677425522e-10
3.170298527789956050e-02,6.854788860790070326e-02,4.640563334368770498e-02,2.562228145157998127e-01,3.479434026263525381e-02,2.680399245262591809e-02,4.105393712984620495e-04,7.398188185508820206e-05,1.609255744626804092e-04,3.473254712975793043e-04,1.378635530328426806e-03,8.825105289662117127e-05,4.656177923426078276e-07,1.966507363867137093e-03,1.971144061480893488e-03,1.912014140742516945e-04,8.100197578484595899e-04,3.602446237189304255e-03,9.136546433798494956e-05,4.187634242756724853e-05,3.308982142153013341e-06,2.033991136279862471e-04,1.010478598230755044e-05,2.090347177897957048e-05,5.532720888167344010e-04,5.728697034352823031e-06,5.687849093826316104e-04,1.224992610839709594e-03,1.136053205280680017e-02,3.843239602108057540e-02,4.081969158309713824e-02,8.554016485426124000e-03,5.848541661859513012e-03,7.728487819728032011e-03,2.079974514724186618e-04,5.337475582876617983e-05,2.189780811263511776e-03,3.195771627791437353e-03,4.852854621578312454e-03,2.180546117956357684e-04,1.613202696891751400e-05,9.898533664378395352e-06,1.182358974517225954e-05,2.626791538631642378e-05,7.670973025951293592e-07,2.935244713121412012e-04,1.557875107497383243e-04,3.495100720264346004e-04,8.295146260419907783e-07,1.517906201540931532e-04,3.513016549564493621e-05,2.418762043062617851e-06,1.755746637495779884e-05,8.353848692543955649e-05,2.142944465817629569e-06,3.797865140686010679e-04,1.036662439557128716e-02,2.859223050521035093e-04,3.521969384625841062e-04,1.356463442332193252e-03,5.638289795707833051e-07,2.359955902922290232e-05,3.479044100124357936e-06,6.468093823616210235e-04,1.056103486788797499e-03,5.963510073926927505e-04,2.046886963747676538e-04,1.170772094689701654e-03,8.545876206484682495e-06,3.415022040484770463e-04,1.662289258661503032e-04,3.789214462328064021e-04,1.275678313835733584e-03,1.273290751977255910e-03,9.056810115390253550e-04,4.199179956823611160e-04,2.593431010021901594e-04,2.555890241164235615e-04,1.644513587431184649e-04,3.272299467640299593e-06,9.462939840195528675e-04,1.342772394002014606e-04,1.534345318807021690e-04,2.100407040617427055e-04,6.812078660007350695e-05,1.070650479410055142e-04,8.053439726640441738e-04,8.457142552451430697e-04,2.196012759097954316e-05,5.668359143819487960e-05,9.237693310466393859e-04,1.528626384133434043e-04,3.432167337809398610e-05,2.865942405976340678e-05,3.046725264863182187e-04,9.067518789005395846e-03,2.309864257554039620e-05,1.856126225029234602e-04,5.233698544566378055e-04,6.965456046035677148e-08,4.001376605217473598e-02,4.320763885419626887e-02,5.824834524877087888e-02,4.259765320583631942e-02,4.441788928882555582e-02,5.597418401487977424e-02,2.596802548903286048e-05,2.142768512293174543e-05,7.851916154935733964e-04,4.295483527184038426e-05,3.296971950070925030e-04,1.258968886351162671e-02,5.738068666351747033e-03,3.225555104464545757e-06,2.228341504827200011e-03,4.244822999080618241e-05,1.624915233769792799e-02,1.035616816297737765e-04,1.863348865183859148e-03,1.032509276490445674e-02,1.826714313009157120e-03,2.585965504325524991e-04,1.029600969257958923e-03,3.058838130797774551e-05,3.588144033285548234e-05,5.292477542198683054e-05,3.314002174460230470e-03,6.445735661841013218e-05,6.004140348783564842e-05,8.949551116518838232e-04,5.715304479242512906e-03,2.327041860663322734e-02,6.724361925566225973e-03,4.488735546328560290e-03,4.443976305037548044e-04,1.687504653853694192e-02,3.167500076794125489e-03,9.172079444528755468e-03,1.188815729134832556e-02,1.879131556767971167e-02,1.422005522568194069e-02,8.957327488357586312e-03,1.213992737528940893e-02,2.577952058255743219e-03,3.246244574425876349e-04,6.719291151735745996e-05,4.365250166609177616e-04,8.946853515818454410e-04,3.588681298639283257e-03,1.920902491717077151e-03,4.608676432377721219e-03,2.515830114289482108e-03,4.593637113731358529e-05,4.133141063558940561e-04,5.373766951630685996e-08,6.680743724400188218e-05,1.056266626191722322e-03,6.752753302693777389e-04,7.956513623857002096e-08,8.716453320233798638e-07,1.580674850726026094e-03,3.576802320651719064e-04,3.735819541305934082e-05,4.619731302442226829e-03,4.068400432501439188e-04,1.357995972752671894e-03,1.831643489614221115e-03,5.832956472769674355e-03,3.816978458899617042e-03,1.919066417872227801e-07,1.716946444379268636e-04,3.199513565018167589e-06,1.091444327043090940e-04,4.908033476161485905e-04,9.110965097321231752e-05,3.793623313405052652e-03,3.718535799095471460e-04,4.060028251750045320e-05,7.294370910800256720e-04,3.608294756535674339e-04,6.847424635812847263e-05,9.294740525387631741e-04,4.938792825945213766e-07,1.115461954206126149e-02,5.290529235615638306e-04,1.883842103289436682e-06,3.477854624836794099e-05,1.381221019514111432e-04,7.093866708490840032e-07,5.192117923594484698e-06,7.233793756233570583e-05,5.240877166417560410e-04,4.600198518164309641e-04,6.756509076141204405e-03,6.679104133373907565e-04,3.661742764053524824e-03,1.391597405304693296e-03,1.082906641979579268e-04,1.061734515328607853e-03,4.419689199437885126e-04,6.200011338809614542e-04,9.958360889504312536e-06,3.328916176485458288e-05,2.073756331642760079e-03,5.375117241185480878e-03,1.798774185700830256e-04,7.338307309209306456e-04,1.866812536663555854e-03,2.093785706006893652e-04,1.041172626851278801e-06,2.225774998763343430e-04,7.657809949700720248e-07,1.857321709093850146e-03,1.451672041736664894e-03,3.355445934261524454e-06,4.194855306822729596e-04,3.503046347820841007e-05,3.829112743996145962e-06,1.056480257216907436e-04,7.640954785026352015e-05,5.023350133495069593e-04,1.545639630627197454e-04,3.078934181446938795e-05,7.552726211974691845e-06,3.173121644678476258e-07,1.873148777279131199e-05,2.225578072700795537e-09,1.976125875452896540e-05,4.215653489271803010e-05,1.776976152811472558e-04,1.052263686662361687e-04,2.111267709638496909e-05
3.944253897086925226e-02,5.797550748124637165e-03,5.547979534257238034e-03,3.479434026263525381e-02,1.987979700323952159e-01,9.767216354747290663e-02,1.292404761675292404e-02,4.390244333124379496e-04,1.543605792355642881e-03,3.843798908708540973e-03,7.228083412187584142e-03,6.108702678639793375e-03,4.909344865253153362e-03,7.660521800400773434e-03,1.121233301120563397e-05,1.341651722065815730e-06,4.155405257696282752e-03,1.547565220869459059e-02,7.369165374774585935e-04,2.381084820269737333e-05,2.230957700144619965e-08,1.957866354290317083e-03,1.511493005254036881e-04,1.264433326326298802e-03,2.756892663566542579e-04,6.648313125365003027e-06,2.095437224041511162e-04,2.580231053316606876e-03,2.276539362442856276e-02,7.301149713940803532e-02,6.538001839532442405e-02,7.197260683472891940e-02,6.099299428346978413e-02,6.695351952948733198e-02,1.062568235454940807e-02,6.757208593174373994e-03,1.335714446930077494e-02,3.532879751610100427e-02,1.576253447177495409e-02,9.992994793828239089e-03,2.772797359829915886e-03,3.213369358888570546e-03,4.952901672143474564e-03,1.415778851719489036e-02,1.195007613284349880e-02,2.984747462152229297e-04,5.630959278879477288e-03,6.264677487649851994e-05,2.014441109995068237e-03,2.125653119496992947e-03,1.309203652223697245e-03,9.561063577100547704e-05,3.668592161886761246e-05,3.307547366501883295e-04,1.282289515132818279e-04,4.924005117474706140e-04,3.085108973566435403e-02,6.108633449803413731e-03,7.203180212944036969e-04,1.056137214722743453e-02,5.915808693880690583e-03,8.212509716913021784e-03,2.273433658915369800e-03,4.654439198656137346e-03,1.849627669128812860e-03,2.710170589659294943e-03,4.785059345938907764e-04,1.644030042556284118e-03,3.073660135860472697e-04,4.017668652456680232e-06,2.041167161749437461e-05,1.224269234917838543e-04,1.507553353676287060e-02,1.353425841300371062e-03,1.043462484448049593e-02,7.384137124651639524e-04,1.503930783638570106e-04,2.010268150019785933e-04,1.033871669191715505e-03,1.877219678195313126e-03,5.338567201958635235e-05,1.262229651223238007e-03,1.824210609909190798e-03,7.386243042885547562e-04,8.382911104969201568e-03,1.728708443200652548e-02,2.548885634762599120e-02,1.658294257787130011e-04,4.485768569689413052e-03,1.692045126380333593e-03,4.000471783163215070e-03,4.264642868203907767e-04,1.094079065304479244e-03,1.583374935506294957e-04,3.519379653278038866e-04,4.731724536298824446e-02,7.279416519003103006e-03,2.247516790420318791e-03,2.074121238395570943e-02,1.592009759819032477e-02,9.387111457298641382e-02,5.219804554484206577e-02,1.759908296448912252e-02,1.090589741818380302e-02,9.570151667077671231e-02,1.062805439401313667e-01,2.192300579122219428e-02,1.167887141370493875e-02,1.121495884585162021e-02,9.629853530689735930e-03,1.127799567563842614e-02,4.095946733654221711e-02,1.882122497212816020e-02,8.796988867527645800e-04,1.335315455250780763e-02,4.896635636846023221e-05,2.870603979296025912e-02,3.225735982943681142e-08,4.735895644826964776e-03,2.504308773981737263e-02,4.778285364904792318e-03,3.427596960581427536e-03,8.991355634924796294e-06,2.258075745631120824e-04,4.195988131401381417e-03,1.265210762089737938e-05,1.081923207643866944e-02,1.485763104990391135e-05,1.926598144956824032e-06,1.592075102545159300e-03,2.091338888724031050e-02,3.321051540615923420e-02,4.706454394155078907e-02,4.134132526275729330e-02,7.439799236797592363e-03,8.599803642304690299e-02,1.380835641841257275e-02,1.626689394915861384e-02,5.225211879770885748e-02,6.898648464950091208e-02,5.012144699083235372e-02,2.381403281775346797e-02,3.208189642428430771e-02,2.213167112282600144e-03,4.696853788641720470e-03,1.331511995566743043e-03,1.364360295680417182e-02,1.264220184695301341e-02,2.314404983607344299e-02,4.997648562564770310e-03,3.182591435897262969e-03,1.386436186127153018e-02,1.446965561535419435e-03,7.838656599670285269e-05,1.219720471137818087e-03,3.801666069217994170e-03,1.851271403110254198e-03,5.777179107927479795e-03,1.352835819986380377e-03,4.872165819094962210e-05,1.310501018456916925e-03,2.155456523444317010e-03,5.210886036251106794e-04,1.499485917716836259e-02,2.931017410285505990e-05,1.216157342114485181e-02,3.333229206867029809e-02,1.514819261599967964e-02,7.573463290840575261e-04,2.274122573543632946e-04,2.078385096743630553e-04,3.521230654944734815e-04,1.470415324742169226e-03,3.178472518713225479e-03,2.464305171571266493e-04,6.207197762111275365e-03,3.504745192929456347e-03,1.031872703779001740e-03,1.799134754431394503e-03,9.199493769807430901e-03,2.051728304016721578e-03,1.075737909197835079e-03,1.061418528860381670e-05,7.073223269339900003e-04,1.496389189627465952e-03,7.210231259909734031e-04,2.870524126760648585e-03,3.040974701527871926e-03,7.315782530873256003e-05,7.655530513203666863e-03,1.034675234914488560e-03,8.889905552967794630e-05,1.068109985631321035e-05,1.314078592713888508e-02,1.639595679085849647e-02,3.207528092135612102e-02,7.391983910849193786e-04,8.042051984647084067e-03,4.236355555071082656e-03,7.890706788316990830e-04,4.997396562998378255e-03,5.616134676770530102e-07,1.287331679014090497e-05,8.426425461785059601e-04,9.623275473630978766e-03,1.669471549310636536e-03,1.520436135963612123e-03,8.098335909289704204e-03,2.086233680318628093e-04,2.262569114495087592e-04,2.156960667990397717e-08,6.112155426551966258e-07,4.441612923677124534e-03,3.469212837359034272e-03,6.190715497163460915e-07,1.014307624539979510e-03,1.088310402089430023e-04,2.499851672798191623e-08,5.641955650315444220e-04,1.489486688833518921e-05,6.885078073403652285e-04,1.619144043556312298e-03,1.171231814127492119e-06,2.467956160120290498e-04,2.579512332464169552e-08,8.659974031869129092e-06,1.122381576688446696e-06,2.004896780167348357e-04,4.062590398038809497e-05,2.561555613830541274e-04,1.663727254561658418e-04,3.287878934632519997e-05
4.058448312676876668e-02,2.129380364095970982e-03,1.034728129481143552e-02,2.680399245262591809e-02,9.767216354747290663e-02,1.917295219564096598e-01,6.979172799944844373e-03,4.761192990541950575e-03,1.369343593145542527e-03,3.479868843832159206e-03,1.878223112172078312e-03,4.512184166111823762e-03,4.536432817427550959e-03,1.735860767996682055e-02,4.643614870721333803e-04,2.689677140377701560e-04,9.426536251582132847e-03,2.992135808397611632e-02,9.352280445461405101e-05,1.774481418868642090e-04,7.346422684517704205e-06,1.177259827272241757e-03,6.510876264664089580e-07,2.824169403605561370e-03,7.551423908556807079e-05,2.330828980573229397e-04,2.070567808265721935e-05,8.944546478899092687e-05,1.838598246022369806e-02,9.617626053713143608e-02,7.324858251085818173e-02,7.365431079297291017e-02,3.905765648485849673e-02,1.011079381084791506e-01,3.030497444533216539e-02,2.664417443225656698e-02,2.543340106334325210e-02,3.812570219649079328e-02,2.699470133129807867e-02,2.041159410885288669e-02,5.256861859593078834e-03,6.366512639389049905e-03,1.237377042545926772e-02,1.085064364107805705e-02,1.658401757092718004e-02,6.650611849679205316e-04,3.111235126011577864e-03,3.559544167025458557e-04,1.108180792193750978e-03,2.848664492727936461e-03,1.088064251036466703e-03,1.036657651486187987e-04,3.674755973037913760e-05,6.682758947226377427e-04,7.831254571481228581e-06,1.452586067808245950e-05,5.702319172417668475e-02,2.000392061535575822e-03,3.276779243867913773e-03,1.040208280230688759e-02,7.734221189125822966e-03,7.122331814704785380e-03,4.813230609559185184e-03,1.185320131864251066e-02,2.898986483506719568e-03,1.346304238508439334e-03,2.089528183035028271e-04,3.018344793012955711e-03,2.336488760919349023e-04,5.311506346424019805e-04,7.332867995956240731e-04,9.977491705594841568e-05,1.379793011273828911e-03,7.151676941195675473e-04,1.662038103213134277e-02,2.701022485628772844e-03,1.135589075525493872e-04,4.118714324463820765e-05,4.493658393587486588e-03,1.120062520383833529e-04,2.028577859332643233e-04,4.574114168908671122e-04,2.181558422824666880e-03,2.642765128012355535e-03,8.328758373804472093e-03,1.868276997357877153e-02,2.401523652951630117e-02,6.350287663474873598e-04,3.972418401931525518e-03,3.900143237480272439e-05,2.628330375025494069e-03,1.713347132618212384e-05,1.010372924502917196e-03,2.678562799530235638e-04,5.897416587144945887e-04,3.799168207447436996e-02,8.747212538817959737e-04,3.426828817823736502e-04,1.894946860978762374e-02,1.194346633425245018e-02,7.333437932233879963e-02,5.896459872859786955e-02,1.497502137648019059e-02,4.612135522684170964e-03,5.604577074584302793e-02,9.514291771450499036e-02,1.745112806478786235e-02,5.784234139279568858e-03,1.330717409174408776e-02,4.695266906582553842e-03,4.626432032867073413e-03,4.517075949841622973e-02,3.515593814143800483e-02,5.723641367628365841e-06,1.466395842714159417e-02,1.578163555120721574e-03,5.658484160936624180e-02,2.075996791842766361e-03,6.976839528415527784e-03,4.850972571713183662e-02,1.993594266539683562e-03,2.645919272441099243e-03,6.760225216846311221e-04,4.522630682928223010e-04,5.148695153514355749e-03,6.242743578894195547e-08,1.466252611247979669e-02,8.610328896931633991e-04,4.913136063331607972e-06,5.202737311880728955e-04,2.098494096694090288e-02,2.377280044779351426e-02,3.361028361988124824e-02,1.419874854060280099e-02,1.373227573288214251e-02,8.707260219711197846e-02,3.478263173208435283e-02,5.769625505114767128e-02,2.535304953378325274e-02,8.106849596998463858e-02,7.559287633869084255e-02,3.005537473556046599e-02,4.794483772860372306e-02,9.921033760401996686e-04,2.986710848375313202e-03,7.900735982122819578e-03,1.863765558209634632e-02,7.314275111703206871e-03,1.582890392856703063e-02,1.195991238097383544e-02,1.766457767074538360e-03,1.441812023172057977e-02,5.235666546760520254e-04,6.305562838514988905e-05,7.663058233905087726e-04,2.176609267798617405e-03,3.251336014183875064e-03,2.827928046056567800e-03,3.950581822683011985e-04,1.129720328165427658e-05,2.032772982172264924e-04,2.574464034063364266e-04,3.291535147903853933e-04,1.206983314167263920e-02,6.106987109797665019e-04,2.742307664590154515e-02,3.770199475344479523e-02,1.735119305518200566e-02,9.067124782777175897e-05,5.587812631770630980e-04,1.434840825586010252e-04,1.996436315296810612e-05,4.273787739052467907e-03,1.958131240044223322e-03,2.567985099316080592e-03,1.067181643543552811e-03,5.842539140959012584e-04,1.872175288290457056e-03,5.270639332144387004e-04,1.634682737892688507e-03,1.630299672697966115e-06,2.799035969295042478e-06,6.868104830550965118e-04,5.607232998600166640e-05,1.424825823354354615e-06,7.590829014458212665e-07,1.146294061522138037e-03,1.639392800463965226e-03,1.169518562783509139e-05,8.923973433386604356e-03,4.874110324171968423e-04,1.939647769188054035e-03,1.799926786999103126e-04,1.673656791402418137e-03,3.453934569067923076e-03,1.587637574811997729e-02,2.884799826163771466e-03,8.638537810488311833e-03,5.870803661807946078e-03,8.772520040587628975e-04,2.729650735632787456e-03,4.876430198767803769e-05,5.984392084939058499e-05,4.619214826849707666e-05,8.724769429687365824e-03,1.578163555120721574e-03,1.912349748259763432e-03,7.290153437249990293e-03,1.080968546104281908e-04,1.206986617345292488e-04,6.120854711833708631e-05,6.676303600979761259e-05,4.583234817848499260e-03,3.907522917193344790e-03,3.903988099552370877e-05,9.058940711775562236e-04,1.745637810166535337e-04,1.141838032692395503e-04,2.725346372807375159e-04,1.076008602520295634e-04,4.478383007234812093e-04,2.623739008072163096e-03,2.880849240822995670e-05,6.871719499486945602e-04,4.799870907063782781e-05,7.586862605634470800e-06,5.359193776833418322e-06,1.093901616485555281e-05,5.322419281158413716e-04,7.800857659540193093e-04,5.696800824277664698e-04,7.749351013086760678e-06
1.243135461230433607e-02,3.867709017041889592e-03,6.171956564183089659e-05,4.105393712984620495e-04,1.292404761675292404e-02,6.979172799944844373e-03,8.590529472422818447e-02,7.863193131298067129e-03,1.520523082276122040e-02,2.259663866881917241e-02,3.096625804160088938e-02,2.365764244095878294e-02,4.508640669362572705e-03,2.091472105326193116e-03,7.901682445022657764e-03,4.258544376079300038e-03,2.446872323673757611e-03,4.462346630956311351e-03,6.350486825975368635e-03,5.351302643297760168e-03,2.047086048503712376e-03,2.105630772367061629e-04,1.554661952923957558e-03,3.385783668857620830e-04,6.521176783124173001e-06,1.110217213486109581e-03,5.421932009539671103e-03,4.898738742594672198e-05,3.728984066078979819e-03,1.525141141332010154e-03,1.199465888546961088e-03,9.366904539811496400e-03,1.221914241889284283e-02,4.796296334046813020e-03,2.593136957853419962e-04,1.264293574107134099e-05,2.519083430554162721e-03,2.772132320529942066e-03,2.641876091098069009e-04,7.819139758663357575e-05,4.112372001589682802e-03,6.812453652048996609e-04,2.705795850858403579e-04,1.106141848575735616e-02,9.845421887400182884e-03,6.920721895301440310e-04,7.979832831731792885e-04,3.003651306235411138e-03,3.001050066092962598e-03,4.742366746569581792e-03,2.639274524923472033e-04,9.971939970206142399e-04,8.258274286473129633e-04,4.061060403152498273e-04,8.181124605716814027e-06,6.661320393968364314e-04,6.320816142533188312e-04,1.979103647710188721e-03,1.525520967545298157e-04,1.815979448636515859e-03,1.736403927270788444e-03,6.256208293133381365e-03,1.008212845781368962e-04,4.829073429133576788e-04,6.940873632903839111e-04,8.587090941883043262e-05,3.939905464707274887e-03,6.699778395584714762e-05,2.995097295463187721e-03,2.761996639359388852e-03,2.476088040006896654e-03,3.069129065183739784e-03,8.881940414558425409e-03,3.281192061119526807e-04,2.662112647669788047e-05,2.979857572620831212e-03,5.226989093194841195e-03,1.724469359095796460e-03,1.072460394817389192e-03,2.573332876415324651e-03,5.034838863276921983e-03,6.695730273284414627e-03,5.268832344080531522e-06,5.802747237170150082e-04,1.177567255528665738e-06,3.494235646113414556e-03,1.653640267723469970e-03,3.716453837610782587e-03,1.897969167420941532e-04,9.400406564130492360e-03,2.246174237402836463e-04,2.483913560181098476e-03,4.776651581982463771e-03,1.307739485666592049e-03,2.401358156975860400e-03,3.340774645766915549e-03,1.197759494502800837e-02,1.067052975261476543e-02,3.018963212694679519e-03,1.398592197030875924e-03,2.041024561183738678e-02,8.477705528017471636e-04,3.774157875479719633e-05,1.824658319021075126e-04,8.201286857592441845e-03,7.884401631128959073e-03,3.361195126956808416e-02,3.271194574835992880e-02,2.354520828186087295e-02,3.282806096014524028e-02,3.574577563988116241e-02,1.250555038861169907e-02,3.094237275853807794e-03,7.383971367647346185e-03,1.110301852264344684e-02,7.868659051866193702e-03,2.248876092277038517e-04,5.987084043868082933e-03,3.199366506740556997e-03,1.501920956891055229e-03,3.845447749351726605e-03,9.626660078837419657e-03,4.195903833457742017e-03,2.164192794422076412e-03,6.262593965173336654e-05,7.089086939479006719e-05,4.109349186008940009e-03,1.002549844372267566e-03,5.044141410707492787e-04,7.041108128515062223e-03,5.213028773673246755e-03,1.126609535448874273e-04,7.993393050994170371e-03,1.384382600749024805e-02,9.344599084874190883e-04,7.561670018741295345e-03,2.369590219620634265e-05,5.331517306297046916e-05,1.067603450109660089e-02,6.606572606610256609e-03,2.555794852867255672e-03,1.238100298188037204e-03,1.359046564253031924e-03,2.886167187814579673e-03,5.879844213254732839e-03,1.441259416128635312e-03,8.467171720155299008e-03,2.999332612570061903e-03,4.666407967708718733e-03,1.398880068974607841e-03,7.952641648166929213e-06,7.996748510480119684e-03,2.922165653313213971e-04,1.266038299704325088e-03,4.209118514292431966e-03,2.050919362116588457e-03,9.172873007462828323e-04,3.263398683254983227e-03,4.166578242101494009e-03,6.226336210711096207e-04,9.593448519738273115e-04,3.673560350312302797e-03,1.286222944220675015e-03,5.103123944545161911e-03,1.015469990069471647e-07,9.113664731033937431e-04,4.497902706353029689e-03,1.677079177536282988e-06,2.539643601265348617e-06,2.591079459024710685e-06,2.407867144821478327e-03,4.255661050242358877e-03,3.641769758011585929e-06,2.031988680432220747e-04,6.210466789934747161e-04,1.049876189409345130e-03,3.257644320460429538e-03,2.617574846704052683e-06,2.310855826035711300e-03,7.757161410678118513e-03,6.095308471918912605e-03,1.343848181840999641e-03,1.180242421109729952e-03,1.327648687495810638e-05,5.321023231961605551e-03,6.538829071163032407e-03,8.396903331293370173e-03,3.178078891735703054e-04,3.589508126378417648e-03,1.650487404053037476e-05,1.683294748589112398e-05,2.463359155075607447e-04,3.859740028842317952e-06,6.561794571106649952e-03,1.827424409283598741e-02,3.092863782607437745e-02,3.282541786040902220e-04,2.005812947093796664e-03,3.266703472771706907e-03,2.695456480352908428e-04,7.008174547757559623e-03,2.228981678764611896e-03,1.530944752190967347e-04,3.030498875896111242e-03,2.155121897759188464e-03,1.597454902295341683e-04,1.427728060873852253e-03,1.581391786971763714e-03,1.772734529664412575e-03,3.975811978549953843e-03,4.244878952119327713e-04,2.471553446948888846e-04,4.304625191800667654e-03,3.480076969757253148e-03,1.110892247959937348e-03,4.556356395633163396e-04,1.211783543092655397e-03,2.678342395932077277e-03,7.187137365009967473e-04,3.199366506740556563e-03,2.949398718464567130e-04,3.912497689407194008e-04,2.935872566351798753e-03,3.472902827626085111e-04,5.197413806848308771e-04,1.893553593361196083e-04,2.703204905170838199e-04,3.815703540331083791e-05,1.615302806488618176e-03,1.857413091382928167e-03,2.070706808747699301e-04,3.445414067803032553e-04
6.304934319221777370e-03,2.713924185125848182e-03,2.597613481847920857e-03,7.398188185508820206e-05,4.390244333124379496e-04,4.761192990541950575e-03,7.863193131298067129e-03,6.081626381318888663e-02,5.815821306087104112e-03,4.692583086921281454e-02,1.168078213077824307e-02,2.133580132637100113e-02,2.035508938431796356e-03,6.593645545998576404e-04,4.769362954177424219e-04,5.207942133919620745e-04,1.500676787755114662e-03,1.401208929656257282e-03,1.095416658437047984e-04,1.361093193473960445e-03,4.023792309451677384e-04,6.534013185956836492e-04,8.917320888245851718e-04,2.253833585555015942e-04,3.790521460368989387e-04,1.058567475257787610e-03,6.988961408465130124e-04,1.243634103556019851e-03,7.388380407991201751e-04,3.347699452186656189e-05,1.736759732670416787e-03,1.589519232429436983e-03,1.493858276631227291e-03,2.116529601170876341e-03,1.559026521173488295e-03,9.433357173490016043e-04,2.689544420930756272e-03,3.299860045320564088e-03,2.769972268123192371e-03,2.346214431617877835e-03,3.638099986187960937e-04,6.052226746056234112e-04,1.635212429982838868e-03,2.573654884164739559e-03,4.146828337026980948e-03,1.891950975407596155e-03,4.445147737327278647e-04,2.546888867820188730e-03,4.123466701103940531e-04,7.972792650482010733e-04,1.240425363989090249e-03,1.096496501164742924e-03,6.728239156225019908e-04,7.971375513504550458e-05,1.463214990981440158e-05,9.696000053659743073e-04,2.828119508153715319e-04,1.023279119934735258e-05,1.461344592448889698e-03,6.664696724108145742e-05,1.514343040303535708e-03,9.167760489520700509e-04,3.663543027007818624e-04,2.378700735522037675e-04,3.716475742735154205e-04,5.127821291469218665e-06,1.797497665927133429e-04,1.349917082385545229e-04,4.109286855418970872e-04,6.801154830595879448e-09,3.383518487989240506e-05,1.162176494795418628e-05,1.382492461085727952e-04,1.545581089220469256e-04,1.143692174268860003e-04,9.040560117911526411e-05,4.148335317311991417e-04,9.797487787283270329e-05,3.688693730418669093e-05,3.284875473818204541e-04,1.517006533847852423e-03,4.676435638784522402e-04,2.022120294564036075e-06,1.448908301905418037e-03,5.408922064206518908e-06,5.174096849334316328e-06,2.501835838375067824e-05,9.513983510268745605e-04,4.003312095080369766e-04,8.714657036332626363e-04,2.152802621490351904e-03,9.535611993337690954e-05,9.349128236978736716e-04,6.088942340167110808e-04,1.466539271611233010e-04,1.480949734322685571e-04,3.596727537154825044e-04,3.815276206575324703e-04,4.797391785817079835e-05,3.225011197932412782e-08,6.219114534440288444e-03,4.238793385697447753e-04,2.884003046719624264e-04,1.971115030017907277e-03,1.681019623007237338e-03,4.001775333774414307e-03,3.283536836501794315e-02,1.920966657788096554e-02,4.569884727875431207e-02,1.943912990316601017e-02,1.590467977047619122e-02,1.408752897541592011e-02,3.769422162645093494e-04,1.155780753846620892e-03,4.260348286442896919e-03,3.288525709705233317e-04,3.799395446579427525e-04,5.019633277273954789e-04,1.371275930558635931e-03,8.239730069637040072e-04,9.821894869329588634e-04,1.037744394658562019e-04,1.385532358794761996e-03,1.955129991571893119e-05,1.712348601147028841e-04,4.628545467511678427e-04,2.350384702023629075e-04,2.329036881327695326e-04,1.732939409632407114e-04,4.745049760386309354e-04,5.776464623856313214e-04,1.563870070922672873e-03,1.940649736111184343e-04,9.513983510268744521e-04,2.588707654293540884e-04,2.379075666462856283e-03,4.922166780515113867e-04,2.439824938008839001e-04,3.104751350077660649e-03,3.122930378910707822e-03,3.486339398518688293e-03,1.690594667383543085e-03,2.772242551832770842e-04,7.835907084211992226e-04,2.984777461437454851e-04,2.635851562450964420e-04,4.183839536425559315e-03,1.420973973932584174e-03,3.749999535663925930e-03,3.780249335709282271e-03,1.967362499360958677e-03,3.462882024717253552e-04,2.964098095687660566e-03,5.930919683991739819e-07,2.471676754628618453e-05,2.202183050058809446e-03,1.081928582221994533e-04,1.018084210387954717e-03,9.266779635403931889e-04,6.832203388116741725e-05,3.093990753853508718e-04,3.733427345850328619e-04,3.288711606280549679e-05,7.940460251677143415e-04,3.924541881364623352e-05,8.289612584806454370e-04,1.920445309285719005e-03,1.058129072683113535e-03,8.151954071246077932e-04,3.827498152682488600e-06,2.828119508153715319e-04,8.064867135488476029e-07,2.814228356735247000e-05,4.582411279246416599e-06,1.443322611726219676e-04,6.078998077590733488e-04,1.026052630690474734e-04,3.664066275223460050e-07,4.951584318291448079e-04,1.474924335547281803e-05,3.645570030116864944e-04,8.008506425977561798e-05,1.287798058175633600e-05,4.594513765093955360e-04,1.671233729625753799e-04,5.322708105131835149e-08,6.171650834254785792e-04,1.424880737477518511e-04,2.191596134146293114e-03,5.219607185144130951e-09,4.503209668019969515e-04,1.331717117230116513e-04,3.092168103150467399e-04,1.772246914477404160e-05,1.421345975924273109e-03,5.465362983552028752e-04,5.196862222426607957e-04,1.110097704063390488e-05,3.437857514256911090e-05,2.034732179802761309e-04,6.706110423938672189e-05,1.595408292578928230e-05,1.032340674054479576e-04,1.565650980436010726e-04,1.198422661683270010e-03,4.949267227508455250e-04,4.276912350116706687e-04,3.240127738131047801e-03,3.306315571797358884e-05,8.744248485119182276e-05,1.086298271995021903e-05,1.831533328399268976e-04,5.610424842137198874e-04,1.058129072683113318e-03,1.990676738743644484e-05,1.225233202670383728e-04,1.171450024382538130e-04,2.067906159211847674e-08,3.634251925824158458e-04,8.025764190708909937e-04,3.286698587102360224e-04,1.591234154510784882e-04,1.330619626875874026e-03,7.958577572321342761e-04,2.453723492831237944e-04,5.270430207949989171e-05,4.393989041890460792e-07,7.658573802865833825e-08,1.240912442120532659e-06,5.231964818362700711e-04,6.081473635324731843e-04,2.380303029815385087e-04
4.909674270988028180e-03,3.110902777709032073e-04,5.562494708736735825e-04,1.609255744626804092e-04,1.543605792355642881e-03,1.369343593145542527e-03,1.520523082276122040e-02,5.815821306087104112e-03,3.517857529118959686e-02,1.713330897570932917e-02,1.584228931916630348e-02,1.311850846581406362e-02,2.965796145951527917e-03,4.414633463876184427e-06,1.076168183132985515e-03,4.416962235467680590e-04,5.263277512830597882e-04,5.824863969144988872e-04,3.483546345776371636e-03,1.388314931188173529e-03,1.426075568660377423e-03,6.992029728062735833e-04,5.458191256863771179e-04,4.242431562326129880e-06,8.474772085925352165e-05,7.287292194195101307e-04,1.951484764897187547e-03,6.255097694221511051e-04,1.520099740766874073e-03,6.584162299846800558e-04,1.049066122824757934e-04,1.901591600246598521e-03,3.213100053428442644e-03,2.828164572234396351e-04,1.845784717447042678e-05,9.950986350689957654e-08,3.475215802243456159e-04,1.063637344734147351e-03,8.866020871771622782e-06,8.664477412706885016e-05,2.097740484731738103e-03,9.420982979944450835e-05,1.712329212187801374e-06,3.836281648629982170e-03,3.570021429741162405e-03,1.345903596310751718e-03,7.673547709522839859e-05,1.642072150861502173e-03,1.902045313976790308e-04,3.271392041975986625e-03,7.240632315697929596e-05,5.660252027425288768e-04,1.184087682473554541e-06,5.240343421610647173e-04,2.163614662450136098e-04,6.219379884722072219e-04,1.701386167447715182e-06,1.847083728069475166e-03,2.236082252140272008e-04,8.300254587809897835e-05,1.807961787040621022e-05,1.643023734827533423e-03,5.565846800804783022e-07,4.830064756737147895e-05,9.365643055015288867e-05,1.548703825305687738e-03,2.417397575974997246e-03,7.254840746881956052e-05,2.511770451825758206e-03,4.372743126636210965e-04,1.283344993552275022e-03,3.669022742118970958e-03,4.666526707475811275e-03,1.947389730785512941e-04,3.427049970344449043e-04,2.875723696226206196e-03,6.016719773854884920e-03,5.338957178233104568e-03,1.904068035527004378e-03,1.640512283075181137e-03,4.073900502752391892e-03,3.744912671515001571e-03,2.350199415263777399e-07,7.561435451305372011e-04,8.987625244695530719e-04,2.544591854799065100e-04,1.334747082693699821e-04,4.111574561376969868e-03,9.926161091193621850e-04,3.309347252161709725e-03,1.051302731291316617e-03,8.069615902846704551e-04,1.155706491287054275e-03,1.353043423399277994e-04,1.256858211161248230e-03,6.058541084585182795e-04,1.206838371227280521e-02,1.185199467186098463e-03,3.435017295005662538e-04,6.743961350795676067e-05,6.768479718743150922e-03,5.893674604961007075e-04,6.736214092624771356e-07,1.393647059848057744e-04,2.168024057808999941e-03,3.768202462148037297e-03,1.489366363017976050e-02,1.505090344277899145e-02,1.688705885894902642e-02,1.204028946020536429e-02,1.727654507734555089e-02,8.787297658186763241e-03,3.327992823888269993e-04,1.642387555256272095e-03,3.677518966181839242e-03,1.929987663026837838e-03,3.349610383515906753e-06,1.738265851590982316e-03,3.504133527678034068e-04,6.773116806534829244e-05,2.087047793093779746e-03,4.138243067159937984e-03,1.605775053631335741e-03,1.026132814564342322e-03,6.648322676350241350e-04,1.976111399195715234e-05,1.175939935124968106e-03,1.088816932096645573e-03,1.653245735783870482e-04,2.148082393030084061e-04,3.611393426107469690e-03,2.902036469725121574e-05,2.201243836437132961e-03,5.169127078500806473e-03,6.326737582178003317e-04,7.320071903655624114e-04,2.622212447993729406e-05,1.967021528583286506e-06,2.801950575874572521e-03,8.703399712866100903e-04,2.197193369201792438e-05,1.815747363770949007e-04,5.751115577337662517e-05,3.265898742464354580e-04,1.035688396899133888e-03,1.274824386518565069e-04,1.791076313694529940e-03,2.211667259239955517e-03,2.569824074499865545e-03,1.388398941199548364e-04,4.341634380072278016e-06,2.693898979251260067e-03,2.248846040975806715e-05,1.357928212836399221e-04,7.666089613365853180e-04,6.196486213965870593e-04,4.395587808571195737e-04,1.724418928349319641e-03,9.860188096414194102e-04,1.076832166414416758e-04,1.041166584582624704e-05,4.029249779749724363e-03,1.135374628136797759e-03,2.399650028182840310e-03,4.492078684748934789e-04,1.452597430099522157e-04,6.382568612385329427e-06,6.864068526500129868e-05,9.769492616510172729e-05,5.256991642588483326e-07,1.513509092641997927e-03,3.383668297387744037e-03,1.041364854979786458e-04,1.130067702975996269e-05,2.746661939085592559e-04,6.082340518770773183e-04,8.093956496903816512e-04,3.172787415220831099e-05,2.103187578494143065e-03,1.071924393270236395e-03,4.735946867084285875e-03,1.805313041183443388e-03,6.415927636754547615e-04,3.520207979283102658e-05,2.976875808880060943e-03,6.397043045693057671e-03,3.062329869142117571e-03,1.114036304571446078e-03,2.249173296039452645e-03,1.844365630018069931e-04,4.641409234883641603e-04,6.339506645613807384e-04,2.168483249377816866e-04,1.670017646969616538e-03,1.023856887499427840e-02,1.004647994355091674e-02,2.650521673675141038e-04,1.235043298562670449e-05,2.060611053552434684e-04,6.943572376267509243e-05,2.125378378735073934e-03,1.028276663505643717e-03,2.266679123985355728e-05,4.244137746853694055e-04,2.362829198752468361e-03,5.660462316729111690e-04,9.374485407670288262e-04,2.092740520536172377e-03,1.798536484456769941e-03,1.258308317001941923e-03,1.255712280835487394e-05,3.281370566757503212e-05,1.646181239376003915e-04,2.778598723391642123e-04,1.956900271175890469e-03,1.300804711898379726e-05,5.989780094993518364e-04,3.395429890533432742e-03,4.416282956129594659e-05,2.572955469145841566e-03,9.920853554662076561e-04,2.372281891604047059e-04,3.073973633522014606e-03,2.786841671364197388e-04,2.578786672816560724e-03,7.711289161553255877e-04,6.623645210744145766e-05,1.340615910765651593e-07,1.849497890183334674e-03,1.450739825090035942e-03,4.783852224749068861e-04,9.772265901295362593e-04
6.063339552610032442e-03,5.211296507294149206e-03,8.570625066274483415e-04,3.473254712975793043e-04,3.843798908708540973e-03,3.479868843832159206e-03,2.259663866881917241e-02,4.692583086921281454e-02,1.713330897570932917e-02,1.782342425757471038e-01,4.541650860797024486e-02,6.249720409201815069e-02,5.050921917101479711e-03,1.169061953449870109e-05,3.076929481143672162e-03,1.008890195004654485e-03,6.031411013911666934e-04,4.896959923275214302e-04,9.272015444015171406e-04,1.460885420580011014e-03,2.756974367359020951e-04,7.158322229260865666e-04,1.078665275058220043e-03,2.095008513434405380e-04,9.513509621086958302e-05,6.178913452663419622e-04,1.911987973073387467e-03,7.900686199105817417e-04,4.795081169776468791e-04,1.134445896832786633e-06,3.045926061466831532e-04,6.919448311846201558e-03,1.024863861866318927e-02,1.526638544625485636e-03,1.448050080799158530e-04,4.560587030166378205e-06,1.862654090892091859e-03,3.709558683788944690e-03,2.305921199070372005e-03,3.460988207505181461e-04,1.799643281079792980e-03,3.208932420787518388e-04,2.014870915335007537e-04,1.135606143775620344e-02,5.139770454018873815e-03,1.339767688348249665e-03,3.138945638237468108e-06,8.385823559917184380e-03,2.551256813338198016e-03,5.515377846181654387e-03,2.565474124558718471e-04,1.823312847484625555e-03,1.951559155686417546e-06,2.775194784860729176e-04,8.896693882354759765e-06,2.713521979206525749e-03,6.672946530756391386e-05,1.334968223334136953e-03,1.304433444229960892e-04,2.995777783724974395e-05,2.680717327232838045e-03,8.988504408597603476e-04,2.652513634089238154e-04,6.731931293021323323e-05,3.770954552603578602e-06,3.876371606149549049e-04,1.234373799244298281e-05,4.142181223150760946e-06,1.547788331631116910e-03,1.271526143169729192e-06,3.582878101355840231e-03,8.543785780496160678e-03,7.813681899954873916e-03,1.980679016845413032e-03,4.038925120119436275e-05,2.392854119141234453e-03,3.214141343462230231e-03,6.198500534888376230e-04,1.878981815854134521e-03,3.923988300531638419e-03,6.814627584077826219e-03,5.299369129014902882e-03,1.135177952658051421e-03,1.073690971732491973e-03,1.660990733963473595e-04,1.750760188985954458e-04,3.442186542063706387e-04,5.971702250962772004e-03,1.244194987329683188e-03,4.624415941206335735e-03,1.748301590280274811e-03,1.852259723012730178e-03,6.733592592954913301e-04,2.129455829753840006e-03,2.232938662433001315e-05,7.251133355775274576e-04,1.848946826201572011e-02,2.740746642124743202e-04,1.497177566819954126e-04,4.801362923067267687e-04,1.371138135934446729e-02,3.159191864152155211e-05,2.406659542294165260e-04,3.446778037977617313e-03,5.212006279640676865e-03,8.495534468733844172e-03,7.656887188551311785e-02,6.025532523451317818e-02,1.389524011145523985e-01,6.925051566519338508e-02,6.697387787820029137e-02,2.943614768688266811e-02,1.657239799587948486e-05,4.159289895547961351e-03,4.667650249587309771e-03,2.646185886659897964e-03,1.591295471490391099e-06,1.624249785775501009e-03,1.548795241741067865e-03,1.975504583806262119e-04,2.377126103561910588e-03,1.275306853451461768e-03,1.945911606819526740e-03,4.219261451627480722e-04,3.045054088642435135e-04,2.282269424602835820e-04,8.270532398491947700e-04,7.076400510873182198e-07,2.366738631326186498e-07,2.580728100466279516e-04,1.748454046975975607e-04,1.312468455367154802e-03,1.917051218052050502e-03,1.538506434672694094e-02,9.830353479856572671e-05,4.971499930091919164e-03,2.219262092022685956e-05,5.022887359028426640e-05,1.569466758913451790e-02,3.413036149542846356e-03,3.406857621865337551e-03,1.620644570133705732e-03,1.052075092475766376e-05,1.994261280471305679e-03,5.345676415749269807e-04,6.830343837021693009e-05,5.322465833630930093e-03,3.885316126211779946e-03,1.071385680841544993e-02,1.706986490286575191e-03,2.329935017718034931e-03,1.061537024064503629e-03,9.882550007025800443e-03,1.851022520442677580e-03,2.465403361765310976e-03,8.289026911378226045e-03,2.030236300467047809e-05,1.329785581658738313e-03,4.091900443101102562e-03,1.222680550600900454e-03,1.819668692442991381e-04,5.404577879792027948e-05,1.084008465242522181e-04,4.916761259304420996e-04,2.382158297802642027e-04,1.167286810470144323e-05,2.816199157973113022e-03,1.104462575352130286e-06,8.847195611966683843e-05,6.788137167142040757e-06,1.204393797353561432e-03,5.387963211507922892e-04,2.702887523857992774e-05,4.295837692366770520e-04,2.669284792768585870e-04,1.595356150270014128e-03,5.638154110034587600e-04,1.792364996280706221e-03,5.399330852966134284e-03,7.662580104738107509e-03,1.276995800838768083e-02,2.575493321373760382e-03,4.609432815934612522e-03,1.337690971839688525e-04,4.195331389742253288e-03,7.830959230151845682e-03,6.032076926842833316e-03,7.393978174591492357e-04,6.351699003785611294e-03,1.073529308523891182e-04,6.907435412696880973e-04,4.616598094229423061e-04,1.470466598354465068e-03,5.868382640044734339e-03,2.183933682459457404e-02,8.854826171607687799e-03,8.997234377545137952e-04,2.280520855561193430e-05,4.342136194009098941e-06,6.164308242337759088e-05,1.722028692161118582e-03,4.961848561723456851e-04,4.411585127454124199e-05,1.016382279331936840e-03,1.988308630828451804e-03,4.390312100533597887e-04,1.617384040098333213e-03,3.967475475256520591e-03,1.355254806647074621e-03,3.119264338200546192e-03,7.870183140434547939e-05,2.051522470429812565e-08,9.969592025817414823e-04,1.071733688072770262e-03,7.742292494765364106e-04,1.176691268178073823e-03,2.638519662772195826e-03,6.563809725883255506e-04,4.490936690400394385e-05,9.396322275076243171e-04,1.289064547484039145e-03,1.198386709689453324e-03,2.941073825031723706e-03,1.306206468232954873e-03,2.774722682891215663e-03,9.016460272136736227e-05,8.487868548399680063e-09,5.009041766006145984e-07,1.333426043042985594e-03,6.877330286683022665e-04,6.577065012742671930e-04,1.285409389860102261e-03
6.965773175227401789e-03,2.520441615681642388e-03,7.281573690357791230e-05,1.378635530328426806e-03,7.228083412187584142e-03,1.878223112172078312e-03,3.096625804160088938e-02,1.168078213077824307e-02,1.584228931916630348e-02,4.541650860797024486e-02,1.029374284729386718e-01,4.304475772688800411e-02,5.311401616306555586e-03,3.767457884304847978e-04,3.586735091110026391e-03,1.880807237936457177e-03,8.988555948729602977e-04,1.403166862792431645e-03,6.562651187251798343e-03,1.746754740375342733e-03,8.398465745096488609e-05,6.895562482156285788e-06,1.199459907321817230e-03,7.842481335996524219e-05,5.498259623462731878e-04,7.276027707956392472e-05,1.401038458260883300e-03,5.646564545583276874e-04,9.745881860296463049e-04,2.364754813505682521e-04,2.040851282057346317e-05,6.606676344175711063e-03,2.002024848583159114e-02,3.187698524768147216e-04,2.765265833296534355e-04,7.743421646512641063e-04,1.309827867205432634e-03,5.224279316035905854e-03,3.300914465358059657e-04,4.536826478141129651e-04,3.145113244414503555e-03,6.937523277760080478e-06,5.803071237362447736e-05,1.663894617981802326e-02,4.360519264073651168e-03,9.170995301517444404e-04,1.771755252240139224e-03,1.005658691009305578e-02,1.643357664136269655e-03,4.528335522562089606e-03,5.415049716987470337e-06,2.973644149829290147e-03,1.285268864046468760e-04,8.678676610866136167e-06,1.216670927059611929e-04,4.452572500736039918e-05,7.563208689732072972e-04,6.159138865700746097e-03,1.085172839379813401e-04,6.266440821224224277e-05,1.013564994143728712e-03,7.218964431835005061e-04,7.840450411542959326e-05,4.138073459409681771e-04,2.309671047413667974e-05,7.056215558286234963e-04,5.352905659566573049e-04,8.718086372051787300e-06,4.867414142263498320e-03,3.888736714136025330e-04,1.202051568794265841e-02,3.761142205552127360e-02,2.392151834175863453e-02,9.570107622213809562e-03,2.806546461395359026e-03,1.181667927586036414e-02,2.986893403737475930e-02,1.358904582282599756e-02,2.362334657859682316e-02,6.913818746697960801e-03,1.803695740015613669e-02,1.308704136252861541e-02,4.457445183639881876e-05,8.078505659356285864e-04,3.079788209467022040e-04,8.254127161526655758e-04,4.065966683682937155e-05,1.147953920943786676e-02,1.199555763994957728e-03,4.782088322846734033e-03,2.623119876767902308e-05,8.615973032818125031e-04,9.171760933660144796e-04,1.135880385376897847e-03,8.775060871988820438e-06,1.471666425593484229e-03,4.330311742028120775e-02,7.021241821164996358e-03,2.773991462046421046e-03,2.548758982748202621e-03,1.202223426911619257e-02,1.748535314954251327e-04,7.895585097643553665e-05,1.960274513106913859e-03,3.768754488877228657e-03,5.043009830969760222e-03,3.437824105892023363e-02,3.390849449302117680e-02,3.472061036398108730e-02,2.450518456634230222e-02,6.115667208558818457e-02,2.314473245702905815e-02,3.415085739262649356e-04,4.038003682791031258e-03,4.912024130192000487e-03,4.484498130971135803e-03,7.276609502708708446e-05,2.303889313593891243e-03,1.033433397752391838e-03,1.741030979007576740e-04,5.451044928570274867e-03,6.510214717113998670e-03,2.044089417891401840e-03,2.666812245072078041e-04,2.307192626055104415e-05,6.998249003929540903e-06,1.094302259751088165e-03,3.077889324740804553e-04,5.438886288663016682e-06,9.170401222122063264e-04,1.544117586565956195e-03,1.941545854651813519e-06,8.049014454184180017e-03,2.922189484464563641e-02,2.305605013694193172e-05,3.999639991950473296e-03,5.525813161351092071e-04,3.981407265177829591e-06,1.745439505777020978e-02,3.252589200398673958e-03,1.720027887071830545e-03,2.907570410541521226e-06,1.062102063343235296e-05,9.938698372275853090e-04,1.746112978613695256e-03,7.900845112476836529e-04,6.456471781336923198e-03,4.780896022593175351e-03,1.431345584087853097e-02,1.016973744846548326e-04,3.300157348643928791e-04,1.643729770517770921e-03,2.580205643767432937e-03,1.178264490384555493e-03,2.839532373415131362e-03,3.286727840507258549e-03,7.219138045791604827e-04,7.559935727091247502e-04,7.443800768136046506e-03,3.959271018558892588e-03,4.887918132907937362e-05,2.099631254842037036e-03,9.940327701870247789e-04,2.906616245256529816e-03,1.987251498752505216e-03,4.008406130115552687e-06,1.694243771301740583e-03,1.264906198329206893e-03,2.890942144430048070e-06,6.992532440934519074e-06,2.611988700130398952e-03,2.806193686505293380e-03,1.074950919738724715e-03,2.618892385586947500e-05,2.424671485344443659e-03,5.944394367930213403e-04,1.643726779704421555e-03,3.323902354944427689e-03,3.145709605053875497e-03,1.453418009140221290e-02,3.901936428601098655e-02,1.640238672015911087e-02,1.271437927151987564e-02,8.417972885111296233e-05,1.168161483283668318e-02,3.367536722824359535e-02,1.089013429462688809e-02,1.568696904468935361e-03,8.614086964594184007e-03,1.279816024615404197e-05,2.970576712302452536e-04,3.619560474919373324e-03,1.505588201864541615e-05,1.445951504855180932e-02,4.514651902850928822e-02,2.183148517984217357e-02,4.526182146883865978e-04,1.495602676652539511e-03,2.015101660687926722e-03,6.095784391147643496e-04,3.110297691582833684e-03,1.987281166931160331e-03,8.404092921344733197e-05,8.798170101641221170e-04,3.648612510253901602e-04,3.532331495126499795e-04,2.708461810813377058e-03,1.094237683500443818e-03,4.443103664552779455e-03,3.467130094398402414e-03,3.300914465358059657e-04,5.419708460499968557e-06,1.519731824470178403e-03,1.772445812918856459e-03,1.932216748115256431e-03,1.824925671915281471e-03,1.157748310845234645e-03,1.136012924214667734e-03,5.323669436848603898e-05,1.643309885117656601e-03,1.504578473509478982e-04,2.559555007401726184e-04,1.401106606747693590e-03,7.307902572752836658e-05,4.077616804192524258e-03,9.360394333848151777e-04,2.175035461724146894e-04,3.077846309089789971e-04,1.932264884662281959e-03,5.356443270907787751e-04,1.643372577840382463e-03,6.254450595795232534e-04
1.243192939014751801e-02,1.251507129080250622e-03,8.150271742224852491e-04,8.825105289662117127e-05,6.108702678639793375e-03,4.512184166111823762e-03,2.365764244095878294e-02,2.133580132637100113e-02,1.311850846581406362e-02,6.249720409201815069e-02,4.304475772688800411e-02,1.973560907495917893e-01,1.149954378722286598e-02,1.462943642714505067e-03,4.600827226663441530e-03,8.438616857924641614e-04,8.543293596482577287e-03,4.574820563358633456e-03,3.858359860237710499e-04,2.390301416788840911e-03,2.781825926187477763e-03,2.220754752158044312e-03,6.015188736802154316e-03,3.865613278797328488e-03,1.146955384300707859e-03,8.268065829153242383e-03,2.870439516805390386e-03,2.842630106476784491e-03,1.265995411185595783e-03,1.355059043992802122e-05,3.950044889378441330e-03,2.759802700573076115e-03,1.719692514138763256e-02,1.270538272265118909e-04,5.204282603502760619e-06,2.104144428652951986e-06,6.932448953590961312e-03,6.977661142167804025e-03,4.391396386414969134e-03,7.094143183696901027e-04,6.052553142503408826e-03,2.980627318081355975e-03,2.711183592848483669e-03,1.588095625899412985e-02,1.316172258793893435e-02,6.949453005897147755e-03,1.954292144852452218e-06,7.759580319315889131e-03,2.829056870722575570e-03,1.117665392028304935e-02,3.730832460161596117e-04,1.227668579224949156e-03,1.286692266327634296e-04,2.726118433192335332e-04,7.137830740534107082e-04,4.582165602874404935e-03,4.895106297817989434e-05,2.772890674472564600e-05,1.606927455758216884e-04,5.149070389607597842e-05,2.624047856021833290e-03,2.170506211982045196e-04,7.489222647845373507e-06,9.801953861053949802e-06,4.557600431573765308e-05,1.119829396250258979e-04,4.909855763975458658e-05,1.683164431084603575e-04,4.518139091713332312e-07,9.978705544203412734e-05,1.971250880468553013e-03,1.111287020430123083e-02,5.359074547600933477e-03,7.309568271984308134e-03,8.744637386717979020e-04,6.913458551810990060e-05,3.813787421707148708e-03,3.287809016339141455e-03,1.284702820198033819e-03,4.183102947060004378e-03,5.574620341483899066e-03,7.805305682104209282e-03,1.560993413016348262e-05,1.267541373457135509e-03,2.204908725710648992e-07,1.321924109059970185e-03,1.986033827896020731e-03,6.991695763330614891e-03,3.741768235243451697e-04,1.950608307949992272e-03,4.182419276620281956e-03,3.915805779366241315e-03,3.747248095591446007e-04,1.071069539837291203e-03,3.881693809318469146e-05,1.088263597172547129e-04,9.617055559578851359e-03,8.424930494715727385e-05,4.871585545111790667e-04,1.819844586329940261e-03,1.125723305965588977e-02,6.906285264569651415e-04,2.331993349999894130e-05,8.479617058545561685e-04,6.523695134376459974e-03,1.259385617818776018e-02,4.395963872230849306e-02,4.412671038072746299e-02,4.876379802125194868e-02,3.391914728429908793e-02,7.241457059103986738e-02,5.070420413053092906e-02,4.948362206806353495e-04,7.329188953168896611e-03,8.656700961210794798e-03,6.517828233729006234e-04,5.254137056426585415e-05,1.401229275511102143e-03,1.098157440115399633e-03,5.604384251440854264e-04,4.374937205087419886e-03,9.764814788091939713e-04,1.545034149319604892e-03,1.991297142968440851e-03,1.872583810083713581e-03,1.602603284909768491e-03,6.641133980492902600e-03,1.378555729035593671e-03,1.635614914194581659e-03,9.548317803074746202e-04,2.238006752515700915e-04,5.275895677317589232e-04,2.887132598408351670e-04,2.367782055730091595e-02,2.627430017036576633e-05,1.866213734569202370e-03,1.328431749196865845e-06,7.581176160724306114e-05,1.213086701451828245e-02,6.165402505409503693e-03,2.893016045352499958e-03,5.250177114808413613e-03,2.231804470231146691e-06,1.032325902275493638e-03,1.207479589994427463e-03,1.811465336103532543e-03,1.372551020158017075e-02,5.248949087234893937e-03,1.249438415268267107e-02,5.270246426217603877e-03,7.700209871303819690e-05,3.570536991970997120e-04,6.025620696591998254e-03,8.269964133471921757e-04,1.923831117813019085e-03,1.029518636853973476e-02,7.217292281430984354e-04,2.632264972908228418e-03,2.443546166481485715e-03,3.382023773272369049e-04,2.741906658690218359e-05,1.758455138536621433e-04,8.354298674962528108e-05,4.473530879562916617e-04,1.921641653116798705e-07,4.713772883939461176e-05,1.791546151237420354e-03,2.519016114824939928e-04,1.842667285101460326e-06,1.185926842741623490e-04,6.100047839037910915e-04,2.263150027168935410e-04,6.237158322585516267e-04,2.668200509835587614e-04,2.813120666959534268e-04,2.129779909174007367e-05,5.995634500516513338e-04,2.002372421613218660e-04,1.208478349070121359e-03,6.671032972040436557e-04,1.729068883969785836e-02,9.338580570874288351e-04,9.274580003207369416e-03,6.955525713057565521e-05,8.010838449832200186e-05,7.572097287543749951e-03,9.239100745065013248e-03,8.405068572922122418e-04,5.567874379858644973e-03,5.922341467858888993e-05,3.709056205423676947e-04,1.967426518286947672e-05,3.929621014322841853e-04,2.284188872238303812e-04,9.182128350186575388e-03,3.935902643844083754e-03,7.509205051426334245e-04,4.332152033432242356e-07,2.043342980395173933e-08,9.022046090513387512e-04,1.370228369145542503e-03,1.664491235540429919e-04,4.223403022523751721e-05,8.327282983415757551e-04,2.513577315185370337e-03,3.751044606790691433e-05,8.120165504413249385e-04,2.944862415471591940e-03,1.773708008418357733e-03,1.744887742934473577e-03,9.390870057132588212e-05,1.789419402709767704e-06,1.060724366579023949e-03,2.060643896074932160e-03,2.933667797730842475e-04,1.312231557578817176e-04,5.527332271219325910e-06,4.930352679461958961e-05,2.235401978247074524e-04,1.291675592030779376e-03,1.487582635584921813e-03,1.185481299742512226e-03,3.759885826207183535e-03,3.762040040514245086e-03,1.873942862243590732e-03,7.165009501908549405e-04,6.269498138732881713e-05,9.514428533236812086e-05,2.418827048583782960e-03,1.554209581385727077e-03,1.048159147823776770e-03,1.700225738809912641e-04
2.069772257259666366e-03,3.952066785023407346e-04,3.168095043151386223e-04,4.656177923426078276e-07,4.909344865253153362e-03,4.536432817427550959e-03,4.508640669362572705e-03,2.035508938431796356e-03,2.965796145951527917e-03,5.050921917101479711e-03,5.311401616306555586e-03,1.149954378722286598e-02,1.174584783757045559e-01,1.249578264184810633e-02,1.361477067649309071e-02,9.786028494918837251e-03,2.440012738052086197e-02,1.801666366815413145e-02,2.164905018361562225e-02,1.101320664073736702e-02,5.640456446619473464e-03,1.300199768158301708e-04,9.348578816303118599e-03,1.654003246565717219e-02,1.377231769369558596e-04,1.880059683754066110e-02,5.653010904823304802e-03,3.077558241647863815e-03,2.940225071343633562e-03,1.382973398605554178e-03,1.878230930868809816e-03,1.194202606382203458e-03,5.581085364355877453e-03,3.817750954364714823e-03,1.841146991323555290e-02,5.178873721196250793e-03,1.515483350831729747e-02,2.441417341717663086e-02,1.017306774149328782e-02,2.510987051502852618e-02,1.965839875172241749e-02,2.455736356169818668e-02,3.214038857619905959e-02,3.767759676116013562e-02,4.271777986019422574e-02,2.472712423361718426e-02,1.791026788543155827e-04,5.126928732772245006e-03,6.150644574955357879e-03,2.521164222531530746e-02,5.349284418802390494e-03,4.681131602410032282e-04,1.265462485196520949e-03,3.055580032017107296e-03,2.764435963247372039e-03,5.898979953231538349e-03,1.555261431425124198e-03,5.636640650127549342e-05,8.545501109812377722e-05,2.694778154356906592e-04,1.145692586470378922e-02,9.199610175848960819e-03,3.608697461830040042e-03,3.587487628893583792e-03,8.002001902543500508e-05,1.250690085974580151e-03,3.559089639782001772e-03,2.574096543300031050e-04,5.996443798557437193e-06,1.773515421346430487e-04,3.804853974937708901e-05,1.825924086278444210e-05,2.145176538114755820e-03,1.874388199259416528e-03,2.040500994727239160e-03,8.983836622332994418e-06,9.040906866102901883e-05,2.159945906517601790e-03,1.137926191963592199e-03,2.327184979076094874e-03,2.574929455527520325e-03,1.242340175050341694e-02,1.547251815203635854e-03,4.939424463905567157e-04,5.069387605827800972e-04,3.206293770967032219e-03,6.988352167520738359e-03,1.384382600749024805e-02,6.706386604529612945e-04,1.337963485767404079e-02,2.008609919385805510e-03,5.039322901530867913e-03,9.136104676330412608e-03,3.500752405039291373e-03,1.294705036375346993e-02,3.198516532147383656e-03,4.130586414364609792e-03,3.580273501500251900e-06,3.972962218019073302e-03,1.307161218530981548e-03,5.603305833320288906e-03,3.626337516064605856e-03,5.815032663143275435e-06,5.811738194766008357e-05,2.765422007858658188e-03,4.960507830133433632e-03,7.038752545540242003e-03,8.587516808052485934e-03,3.810400515361188865e-03,3.902470365217640749e-03,9.664325276179124360e-03,1.154792233701717324e-02,1.622159465805221232e-02,7.383971367647346185e-03,4.709879131552557191e-02,6.380338040357463837e-04,7.384450102481934265e-03,2.169255421527617640e-03,8.472415059450039143e-03,1.112018568700181252e-02,1.372842410445858710e-02,1.932935030533532855e-02,7.495042644160720795e-03,2.716487123168138517e-03,1.160745968090674294e-06,8.137087709331804544e-03,1.370436345112542413e-02,2.253023226380991215e-02,1.320031120713127150e-02,4.055591858132816425e-03,4.773383607970989491e-03,4.307627225765431160e-03,1.243114570765614050e-03,4.682490762624460200e-03,2.626163830294839598e-07,2.879143598176053202e-03,1.047480667836696473e-02,1.192147370556497291e-02,8.142521410997924716e-03,1.915303576661831972e-02,5.977377913063177881e-03,2.026952053297032680e-02,7.999929348553118033e-03,2.026536148904962802e-03,1.136112139793391505e-02,2.427790995915816638e-02,2.916914966138854648e-02,1.694528377583472481e-02,1.917715988088544016e-02,2.029488127071849349e-02,1.604509423269718160e-03,1.096108747570619709e-03,5.992704789051047330e-03,3.412372078956051762e-04,9.408615800614365766e-04,1.579114472962215784e-02,6.408734171278132217e-04,1.014299056103172732e-02,1.751319611092130336e-03,3.670558594283947445e-04,7.765188194228855780e-04,4.849115481831973822e-03,3.144225022211280616e-03,1.887557314030007287e-03,1.045414635370191291e-03,3.458326563132499681e-03,7.567477928541168838e-03,1.548186511288695763e-02,8.688451154494288052e-04,6.303459542724634953e-04,1.836316918921810986e-03,4.324085644068424954e-07,1.678091862381512383e-03,6.466048150389547885e-05,5.189962484142239540e-03,1.520896123834442472e-04,2.779656513335236438e-03,3.817750954364715690e-03,3.103798715704156157e-04,1.613389544218190924e-03,7.818325184996722252e-04,8.897970268185048876e-04,1.357239380902254718e-03,1.384165107904926665e-03,2.253375097296652838e-04,1.923092651065141725e-05,1.032447543591732790e-02,5.723261560468837460e-03,4.624070331510244693e-03,1.558895539581229986e-03,2.731931162701376945e-04,3.651796603514212034e-04,5.526330511237350935e-04,2.668118250812738556e-04,3.873552500003902156e-03,7.157078462656167595e-03,3.209849161093648699e-04,1.170938598742104564e-03,1.537248743485104981e-04,4.942008966954156345e-06,3.243831134445995541e-03,2.807652835014334694e-04,7.445139406364285894e-04,1.440072014566179132e-03,4.275585686636802253e-03,6.429261849369488288e-04,3.695572190033793655e-03,4.590580127477366691e-03,3.300027961573648370e-04,1.173603769764873945e-04,3.107738549078894645e-06,9.007508539210054869e-04,3.453495611982132941e-03,8.233769006810909633e-03,2.511421381034733939e-03,1.140687539431181835e-03,4.654566629166165763e-05,8.628803294169820875e-04,2.866325767065928867e-03,2.725824602069355264e-03,4.729950006575452115e-03,4.006401565463489980e-03,2.935872566351798753e-03,3.671710536067968999e-03,1.113017047727511179e-03,2.068401735740785772e-04,3.512641451908228281e-05,3.014292101600302511e-04,3.462642402141621802e-03,8.657579605363702625e-04,3.282541786040901136e-04,9.992683046835797861e-04
1.956901259413050976e-03,1.074345641239885830e-03,8.229569375739243903e-08,1.966507363867137093e-03,7.660521800400773434e-03,1.735860767996682055e-02,2.091472105326193116e-03,6.593645545998576404e-04,4.414633463876184427e-06,1.169061953449870109e-05,3.767457884304847978e-04,1.462943642714505067e-03,1.249578264184810633e-02,1.912232938093396950e-01,2.496729462724068399e-02,2.280590301280504759e-02,4.090265205398667392e-02,5.470138202257399107e-02,3.511372469983691305e-03,7.955678733859911089e-03,3.413535909222154257e-03,3.404395262034363210e-07,4.251585298900530628e-03,4.591337041785614054e-02,3.520984660708247451e-04,1.919178457699396642e-02,1.104043567907185552e-02,5.055355993480939968e-03,5.230407541492832629e-03,1.696065859644228097e-02,1.611279723428151248e-02,4.293124927051712031e-03,2.446598541790956632e-03,2.442758310932779606e-02,4.548792490108184011e-02,4.282991113845612680e-02,5.205080206306726687e-02,2.500037839086599947e-02,1.776988445899050154e-02,1.764129578179604585e-02,1.256182235698538076e-02,1.785826476444307698e-02,1.759242480679501855e-02,3.692579954863453150e-03,1.400783764570920180e-02,2.538082221351020337e-02,1.121698470193885962e-03,6.166463634532833027e-04,1.435816124507300435e-03,2.276458720736224042e-03,8.081317700660197584e-05,7.835303862003419441e-04,1.138205147800850107e-03,3.087613767042484553e-03,1.439724131437619551e-04,3.572638720379169019e-03,2.106297772965751505e-02,4.022818887593327774e-04,2.299520940121595365e-03,3.530118789749743741e-04,6.209770623607685329e-03,1.543330956829915956e-03,3.062246335335356510e-03,1.050062194255803327e-02,2.332970766926614412e-03,6.266322048747911908e-04,1.706030761038870251e-03,7.141121850636204978e-04,7.948043733480112272e-04,5.401088183273909302e-05,5.848579570574539998e-05,6.217956721731733149e-04,7.993184956422806696e-05,3.724029572143261817e-07,1.656788655255442538e-03,1.507248318556814835e-10,2.263851095389449008e-06,3.913768074656013012e-05,1.060695444707391308e-03,4.568874219995049525e-04,5.509953282851261670e-05,1.168793366452423963e-03,3.818970499470440927e-05,1.836660443622269475e-06,1.224621756167112858e-06,2.982939313619403440e-03,4.835682716737307527e-03,6.142007976112928916e-07,9.457210796372879282e-04,3.437103509966501872e-06,1.524475637358495045e-04,6.496541493655476480e-06,2.356346343610848156e-03,7.683942262006513790e-05,1.212061439898493020e-03,4.020717595296386879e-03,2.389512774486352974e-05,8.784043439023576016e-04,3.255713649330274802e-03,1.844096450854293282e-03,1.197192663059959243e-02,2.058454805175580909e-02,8.180075509181481677e-04,5.610150625353665065e-03,1.034222743566981691e-02,1.079351432837478281e-02,2.743905438313018735e-03,1.867924287972716393e-03,9.457210796372881451e-04,4.741778677860753626e-04,1.113242291460904204e-03,1.045364896262197807e-02,6.227114439090421921e-02,1.490999601451002514e-03,1.513418918094799545e-02,1.561061702646973463e-03,2.658481615825278657e-02,4.525278354052137146e-05,9.008211176032173556e-03,3.427871199216483283e-02,3.804876572253465539e-03,7.063312672406867575e-03,2.926098220284459751e-03,9.683841052098216256e-04,2.581882505541294661e-08,5.219923748260562463e-03,1.296827767504152643e-02,1.620142342300057506e-02,1.726655608577286685e-02,1.338919334649291484e-02,1.199733395591249564e-02,6.669546751803661147e-03,4.237627229167365527e-03,8.445557915032260053e-04,4.943428854189006565e-03,1.166015155393849631e-02,3.453986857052831344e-02,6.011448707744920100e-02,2.107259815252438689e-03,3.322201746877052886e-02,2.538082221351020337e-02,2.535611579402695034e-02,2.609132836853890469e-02,1.622910201361443339e-03,6.698307160591186749e-03,1.486584044273842574e-02,1.487413935082053558e-02,1.432065293324426541e-03,3.035835473561503996e-03,3.074809427261452136e-02,1.854157652554389046e-04,2.618517127490812939e-03,1.874303881971479968e-04,3.636537548963011322e-05,5.449505805300253018e-04,4.485801843601092283e-04,1.473762264161208087e-03,5.691379437096701598e-03,1.064405642872708665e-03,4.023545319376699970e-07,2.178753256808176140e-03,3.870423108543713086e-03,6.877434490212986501e-04,6.468304473761950051e-03,3.865922428327465336e-04,1.917386520201584676e-02,5.771660030823765053e-03,8.862495786436531964e-03,1.434036244205943685e-04,1.273760530485405781e-05,9.612394712791370432e-04,7.249233694987701612e-04,2.308845761761890887e-03,2.927013865387649260e-05,1.014321373030196028e-03,6.372142034033438487e-06,1.874231836904535927e-04,3.558736751234571247e-04,8.108907561000465222e-06,3.815918787823720931e-04,1.575858348533569473e-06,4.730312227115126482e-04,9.142788404422746160e-05,4.334033214827252740e-07,6.552479325856302170e-05,5.777721855335456094e-04,1.655559578659061230e-03,9.502830391599055787e-04,2.553214823056244517e-04,2.633210669497513612e-04,4.425767915900904727e-05,5.853785115629016230e-05,3.144863150409821500e-05,4.052731608537939829e-04,2.026925591945017693e-04,5.176783240551208198e-03,3.880807493941550455e-05,4.654515734478955323e-04,1.445916264280288190e-04,1.289338059226737508e-04,1.411412893071610931e-03,4.164585567407963170e-05,6.266322048747912992e-04,1.424596551619280180e-03,2.123217330794901180e-03,4.611691091526803725e-04,3.486657226551417594e-03,2.824996326011434186e-03,6.882790471966375059e-06,5.518564595168269160e-04,4.204258587860570657e-04,2.120084537878787949e-04,4.115710831154497512e-03,3.889133283440848396e-03,1.457660676617547526e-04,3.157415399284041490e-04,2.575090633002421593e-06,3.558095288641571199e-04,9.259132557645085269e-04,1.786833328362311612e-04,3.596218081646687225e-03,7.591332355962244170e-03,7.848846805113587595e-04,3.417183456672771933e-03,1.481770224369486353e-04,3.412722073067578490e-07,6.454915922073545427e-04,2.339497974107826472e-05,1.370569008810736946e-03,2.701789961037987919e-03,6.247025723423695937e-06,1.327089340972188593e-05
6.005494357927711248e-06,1.141302799471894140e-03,1.513408007249116612e-03,1.971144061480893488e-03,1.121233301120563397e-05,4.643614870721333803e-04,7.901682445022657764e-03,4.769362954177424219e-04,1.076168183132985515e-03,3.076929481143672162e-03,3.586735091110026391e-03,4.600827226663441530e-03,1.361477067649309071e-02,2.496729462724068399e-02,1.871688061871064901e-01,1.026378553339419575e-01,8.925550785004451176e-03,4.051606922500493660e-03,1.880929712305011783e-02,2.413619513200274125e-02,3.685817516424733358e-03,1.025185179469434611e-03,1.030083951185967704e-02,8.920003150181789880e-03,1.531210462902840705e-03,1.048746707361500330e-02,3.811348971932405211e-02,1.559504656252819546e-02,2.671142589491671128e-04,2.381195761248991319e-04,4.518468649332562531e-04,6.619682676156858799e-04,1.136030703117390358e-05,1.363930447143198513e-03,4.948827934679294726e-04,4.241937001581840981e-04,2.037804920200312752e-04,5.263439533351967198e-06,5.223436416515769163e-06,1.722602332196186735e-04,5.857700687533932103e-03,4.792780726270564479e-03,6.041347305343107514e-05,1.323219197005045134e-03,1.938877058466269461e-03,1.256783544033455470e-02,2.334012399097182549e-04,8.112228309021605045e-05,2.992229266303220907e-04,2.094318084626943001e-03,7.405560856327950332e-05,4.111051517390993553e-04,9.021482038348067499e-04,2.127607944056878787e-03,1.154511225878661037e-03,4.504763556462512523e-03,1.131325763312376930e-03,7.577641919160776386e-05,9.219312488277721818e-05,3.507916448902334143e-05,5.879363032298899352e-08,6.087325943164148328e-04,2.164146274122869516e-04,2.991476309198404341e-05,7.730032743688533461e-04,8.639506216112121255e-07,1.373572214749022805e-03,2.261350265436988498e-06,1.309588017501442500e-04,5.053566903719569669e-05,8.083353237470969528e-05,2.705554881570083740e-04,1.324048783838063662e-04,2.272119669007437084e-03,5.017472412070035680e-04,2.331844675676287507e-03,2.237346823651820225e-03,1.539914302847320655e-03,7.518089762835603648e-04,2.339655898698160107e-03,5.291184439985007620e-03,3.646501475388043510e-03,5.725884636825508654e-03,3.024466307181560096e-03,3.262811934617851437e-03,2.001186141510844126e-03,2.076779516564020622e-04,4.691074298155736150e-03,4.350268325319493583e-03,1.128448708940232685e-03,2.616783603673141986e-03,1.766509980715491980e-03,2.669157056989656177e-03,1.766509980715492197e-03,1.254908283566662230e-03,1.391127888910356812e-03,2.709393067117909365e-03,4.108520547582371861e-04,2.359231476216411185e-03,8.204421301606257700e-04,1.609549727555917254e-03,6.662657030068865418e-05,1.063834542128322316e-03,2.732658397345754070e-04,1.791285609246290480e-05,4.654922559236199677e-06,4.253624087445271630e-03,4.124651404885673611e-03,7.347076444029707878e-04,4.386929037457117618e-03,5.999646190654875540e-03,2.094098440308549853e-07,8.800635018319423464e-03,3.247954914679423988e-02,8.724122452851427317e-03,1.695157085876061384e-02,8.572191379510898891e-04,2.286887071639698288e-02,2.843419637442431980e-03,1.489357480731661528e-04,4.189309335120096171e-03,1.810287679708602257e-02,1.620415324252835049e-02,4.895877461869492173e-03,3.134879380540509398e-03,1.201284909196291203e-02,2.588584249175625556e-03,3.529660082816711824e-03,1.414184074802009132e-02,2.903401061542763145e-02,5.894389590745793307e-03,6.011645612090590212e-05,9.202868940580316670e-06,2.929912209006669405e-04,1.545611078804660956e-05,3.628127570412023313e-05,7.084585160520019425e-07,1.855307042646826941e-06,3.404802411691892124e-05,3.120660371510455898e-04,7.185836241825437195e-05,1.493470064014865949e-05,1.462376209857258444e-07,6.618530955156263400e-04,2.428308003845449248e-03,1.901831420774100336e-03,3.817414699825023004e-04,2.074067084026268482e-05,1.336260529632536263e-04,2.444128648920010122e-04,1.254553045813541065e-05,8.823897992069489906e-05,3.288224111164147052e-05,1.736517095660409149e-04,1.527229486376133437e-06,7.171660930175746381e-04,1.139182582557752990e-03,1.686857307912625675e-03,2.892210270510885486e-03,1.042967977223132402e-06,7.395248602707836212e-04,3.119334961141194927e-03,7.043525451558834295e-04,2.208158045344501153e-03,4.278501003312277465e-05,2.381372988038091021e-05,5.279767890475086344e-04,3.863676800753778170e-05,7.728375484438154957e-04,7.015334792108136701e-05,5.035003559323601025e-03,1.145268347759115192e-03,3.853140027855228167e-08,3.755068230460589383e-04,9.415122006159621097e-06,1.092607455351744155e-04,9.543537507863908637e-04,3.869216888452615875e-06,3.085516433088397454e-04,1.140650944390562927e-03,1.049177178335083775e-03,5.257776851245958951e-04,1.485891762983430160e-03,8.737097135132451979e-04,1.990044139788160922e-03,4.766953794126952554e-03,1.185938192294582480e-03,1.236470150569129360e-03,4.471386848664785953e-03,2.489953416777729994e-03,2.973117031047666989e-03,9.310669943388787378e-04,6.878285817686193102e-04,1.277870872709808026e-03,2.401956731468337519e-03,5.666601816554729491e-03,4.140227012361666174e-03,1.767853286987894606e-03,1.516786220156052462e-03,2.619689568289257798e-03,3.053329508371395353e-03,1.046694292559646354e-03,1.512890037808719071e-03,2.730761734077596838e-03,6.060557691922090423e-04,1.712026242226784756e-04,1.514212413020377037e-03,1.412547421493422521e-04,1.741435922669499369e-05,9.624003255307711502e-04,8.143559118266542260e-04,1.634860918971949587e-05,1.555315809634422695e-03,1.738391998610956451e-03,5.971651489823589804e-04,5.513252015117587473e-04,1.234602290741796098e-03,9.065215570083161832e-04,2.592268081844470873e-03,1.773595425961743948e-03,2.079616545823964862e-03,3.362019300418767065e-03,2.732017795810922581e-03,4.382006155757690521e-03,7.669527847445630582e-04,2.780804544595469742e-04,7.547762336428833862e-05,1.971924942475415806e-05,6.976379472256508639e-04,8.638208039347066271e-04,4.704842054694602024e-04,2.890049791282514992e-04
2.979896840568374414e-09,1.435139357556378863e-04,7.748082983293401666e-04,1.912014140742516945e-04,1.341651722065815730e-06,2.689677140377701560e-04,4.258544376079300038e-03,5.207942133919620745e-04,4.416962235467680590e-04,1.008890195004654485e-03,1.880807237936457177e-03,8.438616857924641614e-04,9.786028494918837251e-03,2.280590301280504759e-02,1.026378553339419575e-01,1.398289209901306951e-01,7.826861678757825180e-03,4.630647074889441758e-03,2.237200037401309086e-02,3.983364391447360986e-02,2.507554149227228177e-03,2.775870486767093888e-05,7.498206112687706704e-03,5.691379043079095729e-03,1.295419912998330034e-05,3.893397281895043596e-03,3.099884185979577544e-02,1.158411057875127943e-02,4.410072250051405920e-04,1.036503448544978627e-06,6.331576347871719062e-04,2.040005049005850574e-05,2.346709003463064082e-06,2.844542151825799905e-04,5.149440012547260948e-05,2.657184345131028726e-05,1.477431276502617213e-03,3.390300989983124095e-06,1.133517703572353653e-05,8.434347041302159417e-05,4.811486766513547314e-03,3.407752720916523530e-03,1.999879208912054153e-05,1.008999466983002621e-03,5.409187210174137839e-04,7.888384338271573967e-03,3.450576126830822332e-04,1.007905780025418517e-03,1.604166188134727167e-04,2.467519495826053875e-03,5.994895361056188070e-04,3.533867923932811333e-03,1.077189224789070268e-03,5.211367632520660584e-03,1.033817805873137128e-03,2.825981692416610139e-03,6.400078358059008621e-05,5.919386475343904434e-04,5.681977077500432452e-04,2.249654049699643604e-06,1.568837179280860239e-06,1.496548178035469719e-03,5.619878688391274999e-04,1.546370047790344851e-03,2.229796298163537732e-03,1.237754169834971967e-04,7.032825079288779896e-03,3.168070297372461118e-03,1.257928410457787288e-03,2.267536505921421627e-03,1.173310759836211636e-03,4.929069100361406150e-04,1.482219146116573850e-05,4.013987215236188358e-03,5.481736093746551394e-03,3.763342146155770462e-03,3.946940877464793010e-03,5.649638565929628910e-03,1.174251847282203887e-03,3.478567259473173100e-03,1.080123640332258071e-02,4.726670809597021891e-03,5.346493918384394479e-03,7.741704872659175250e-03,5.555689386111458718e-03,2.107367483701778465e-03,1.949516340547535363e-03,9.816344056453825406e-03,4.187171386193874571e-03,1.267282939484291578e-03,2.251138610876491503e-03,1.069049710478260076e-03,5.125430076081721048e-03,3.535625839875717290e-03,3.809100233097761305e-03,8.769925331301330461e-06,1.998110725924125489e-03,8.690617948399402505e-04,2.393676215947888875e-03,7.317047759157413933e-04,1.457197206673360420e-03,3.804963178863682373e-07,3.944417102242727714e-04,1.500199838949110940e-03,8.579885953066254049e-05,2.753813666318179480e-05,1.814577365718651487e-03,2.591246235190448454e-03,6.032096586667446043e-05,1.722688857354876760e-03,2.603760512826801092e-03,6.778792256954017860e-05,1.309238979095483230e-02,2.693399353389639914e-02,8.922921502347292561e-03,1.582530987644122436e-02,5.242063503432815819e-05,3.326438343880968457e-02,4.254554580059110788e-03,3.535532143222866749e-06,4.172227684195412706e-03,2.252066392521448815e-02,2.632889275748265603e-02,1.842478831975177594e-03,9.918540528196665221e-04,6.496495292285972903e-03,5.679363460552846934e-04,3.998828447628155307e-03,9.357797787957323685e-03,3.453358424158264189e-02,7.205349634626986161e-03,1.687798138680991398e-04,5.314519133398338624e-05,1.728201595946810668e-06,2.503915749284915760e-05,1.132790808606891238e-05,2.370030457399609939e-07,8.875820047922691617e-04,4.864470083340966775e-05,1.390069014546758325e-05,1.035979214255913490e-04,1.734416415104882684e-08,3.627005897699805350e-06,8.931785333937990786e-04,4.117099191346855827e-03,2.015534739732076190e-03,2.421477972610753862e-05,1.217067961667343232e-04,5.869269976915504259e-05,9.903081910887114969e-05,3.566587190638598667e-06,1.062768265361691130e-03,1.344245007783024656e-06,8.958936966783211076e-06,2.039975103312108892e-05,1.589408870918826910e-04,3.185585009080928176e-03,1.944946848390349207e-03,5.181552387235934150e-03,8.334944887388399254e-04,2.098738794403532271e-03,7.473173119337020789e-03,1.446424781537485093e-03,1.836696972733981329e-03,1.242704797932016759e-03,5.187804120458215521e-04,3.410752259101893554e-04,4.797207793982662399e-07,2.452197921671119682e-05,2.111514449335277906e-04,1.096584844221283779e-02,6.913500479193052800e-03,9.865674007321779525e-04,4.318748155161026517e-05,7.892427549496953184e-04,6.908256149867108621e-05,4.075221032086999255e-03,5.675738784797847066e-05,2.449402735240153095e-04,5.539362294292095616e-04,5.610641798222732222e-05,1.424297939340281815e-04,2.471814429391418384e-03,2.278039966843998891e-04,2.969832353312633431e-03,6.349081096964920810e-03,1.768894253342610584e-03,1.537768342913377719e-03,6.579887449338499110e-03,4.775634257737909096e-03,4.083202197450672317e-03,1.908084637193957966e-03,7.017320967584309618e-04,2.172021639345208827e-03,1.183914627654504862e-03,3.349617596927758571e-03,3.826549514728572535e-03,1.254570399267184192e-03,6.953047841712187323e-04,4.602635883160147547e-04,3.630756304553014926e-03,2.216273683903889624e-03,7.796298035612577891e-04,2.670860044471918496e-03,2.244653366023436540e-04,2.319731858978121277e-04,4.083225391111576508e-04,9.615403054314010768e-05,1.213688322544020394e-04,1.008241793259819809e-03,1.022793387360777491e-03,2.452449904093073876e-05,1.559994398935733717e-03,9.630364060356832795e-04,2.376729462348015835e-05,1.732504441272429674e-04,1.017996271551003867e-03,2.141665145682136121e-03,9.428471917803080181e-04,1.576114330127307206e-03,2.110155587023347309e-03,2.095871087660907631e-03,1.660942237058740580e-03,3.846615854232218659e-03,7.503463207882400893e-04,7.364515959315979226e-06,1.569445603078810998e-04,3.161964689171819457e-05,6.186655634739836318e-04,1.593203082775196270e-03,2.120694017584953738e-04,2.367366318576941012e-04
4.035919566017496553e-03,6.639107009629678370e-06,1.043869347434739185e-03,8.100197578484595899e-04,4.155405257696282752e-03,9.426536251582132847e-03,2.446872323673757611e-03,1.500676787755114662e-03,5.263277512830597882e-04,6.031411013911666934e-04,8.988555948729602977e-04,8.543293596482577287e-03,2.440012738052086197e-02,4.090265205398667392e-02,8.925550785004451176e-03,7.826861678757825180e-03,9.562422868032571799e-02,4.523333296978000045e-02,1.078431825095981303e-02,2.052418917670323362e-02,5.897158284766750545e-03,1.189829961546403604e-05,1.225795195263765756e-02,1.824694054793005171e-02,1.769080152989713826e-07,2.133086485533098112e-02,6.027499833747463828e-03,3.153858108731935617e-03,3.888610873885102980e-03,2.326146318345904181e-03,8.626816666952580662e-03,1.779682409618298143e-03,2.896480109772491332e-03,9.449274628363188433e-03,1.301669154846536898e-02,1.050679142744913308e-02,5.147447343274942633e-02,3.380976806959867104e-02,1.166324457481510320e-02,1.122483469465237506e-02,1.474995484389849017e-02,2.247393970653231016e-02,1.413317968134112333e-02,8.795830844105161778e-03,2.257885773367518042e-02,2.400129305927359985e-02,9.809079925057961283e-04,5.182718051563343714e-05,4.301331563027062724e-03,5.735699760214916544e-03,3.237250793020208096e-04,1.367722231640967076e-03,9.765390237957649556e-04,4.167852253697793452e-04,8.116140973395717315e-04,1.216839534171628963e-03,5.560727316972535576e-03,8.686349202379892292e-06,2.633868266616201811e-04,1.053006073340981990e-05,8.967912578721171438e-03,2.774541966160135129e-03,4.142711550597322386e-03,1.901077628052657122e-03,8.896314073494323909e-05,1.514998569183574843e-05,3.448972444132034337e-03,2.041198122806604331e-04,1.102518963114567791e-05,4.005320334371863760e-05,1.820118048600132888e-04,1.453903947880687611e-04,3.210490196274455382e-05,1.949298722771320358e-03,3.354634276949499685e-04,4.793830618025316602e-06,2.906172843066843277e-04,1.126042646865134216e-03,6.779492834753969750e-04,3.113193079350487220e-04,8.517673458726478155e-04,2.175136247975700994e-03,1.060104725380704504e-04,3.257073297495114187e-05,1.053130788920362545e-05,2.341940902189666111e-03,3.475593234568209386e-03,9.564757229493127530e-04,3.947743387708465244e-04,1.067219733661357471e-03,4.797087690474592956e-05,4.464638590739485182e-06,8.568787412998282076e-04,7.562116866125527286e-07,2.632729949502094456e-03,1.276057617772464407e-03,8.539788889104999510e-05,1.977855919953501115e-05,2.777516333172983833e-03,3.495362542240159145e-03,9.947632024940845918e-03,1.057022934639193813e-02,6.021103643777583198e-04,1.576532710668587193e-03,9.713162883865587502e-03,9.596600397429631141e-03,3.657124378678215833e-03,2.928122908071764501e-03,2.201991910078009412e-03,1.487552634733526865e-03,6.916239150415759082e-03,1.388899299870811378e-02,2.919543223067705071e-02,5.081863527792778064e-03,3.041709555662813064e-02,1.551875687456237476e-04,1.413827656088903137e-02,5.526727368742848263e-04,8.832063631856795424e-03,2.733850020277012183e-02,1.238018811318382546e-02,1.378803628863814294e-02,1.042190178460029350e-02,1.214706014039970867e-03,2.581882505541294661e-08,4.866160081197959397e-03,1.660899659704402273e-02,2.115051405472544166e-02,6.535690248194995187e-03,7.517146844795667172e-03,1.003426821634947723e-02,4.410082445939348013e-03,2.578253969280795786e-03,3.255442957179653998e-03,2.829450527499028246e-03,6.337660499572330720e-03,1.933366613602982911e-02,1.999966393296700659e-02,3.816243087734737423e-03,2.763895141824579404e-02,1.214329636395561872e-02,2.207577161189993795e-02,1.074401278952211158e-02,2.524116960300336072e-03,1.017234970283732720e-02,2.059429464298977511e-02,2.564817183151326882e-02,5.467319343523344317e-03,1.121402123775316027e-02,1.744591426695175571e-02,2.724058277837098149e-05,2.524617653053995697e-03,2.507937048398437181e-03,2.263606706516421523e-04,2.008106371645605737e-03,3.208375425787944255e-03,8.265201787038020491e-04,2.521337261391284282e-03,2.926705816778083901e-03,4.659520777629712064e-05,7.001224810358434988e-04,2.540418744401506598e-03,4.643520668808740642e-04,2.491450998012448379e-03,2.404732699987667860e-05,1.032382372435290338e-02,5.173600983660170231e-03,4.327470549581294464e-03,1.667530167139638522e-04,2.621865912421670551e-05,4.566379717969690937e-04,2.222760131632986035e-03,4.527577242127291493e-04,1.303957607280695143e-05,4.137497687134305689e-04,1.201284779795317290e-07,1.609425836010219000e-03,5.249377366069823926e-04,4.519826998358975326e-06,4.988067816310051130e-04,7.154069459566581935e-04,1.469840467570723223e-04,1.272923322262652784e-03,1.387369569925410472e-04,8.146222175566379957e-05,4.379714332775253472e-04,3.981057800997344492e-03,2.327439253317179456e-03,1.354172763433368447e-03,8.813039494038624677e-05,5.749521723624796292e-05,9.369225202835555766e-04,7.025370863795023322e-05,7.274535540311868973e-04,6.154016838606949725e-04,3.881391544949421187e-03,1.549225170815693128e-04,1.500055048266697635e-04,4.297393206785534272e-04,5.810239863503598515e-05,1.972371400261368427e-03,4.164585567407963170e-05,8.742531559983362442e-06,2.742266025644271143e-03,3.246771437040172140e-03,1.302272269936032229e-03,3.059578692075795841e-03,3.307102150868504453e-03,8.443164140293585524e-05,1.405570521468760183e-03,4.463110370308509501e-04,2.698051495661629717e-04,5.356150259755527478e-03,1.116807356249535990e-02,3.815918787823719847e-04,2.220978549408362634e-05,5.962494716496838842e-05,1.932253930075726871e-04,2.215213608093310571e-04,1.322943209537112577e-04,1.944948109824518349e-03,5.253747431523024362e-03,1.611553819900618696e-03,3.867855393740588215e-03,7.795442066899303204e-07,2.702567245990964047e-04,3.111024159703614585e-04,9.049092403022396876e-05,2.634749829096032746e-03,2.418273013787728201e-03,4.659520777629712064e-05,3.033857712217981510e-05
5.588802358945524698e-03,2.104415600030830018e-05,2.995283659903609790e-04,3.602446237189304255e-03,1.547565220869459059e-02,2.992135808397611632e-02,4.462346630956311351e-03,1.401208929656257282e-03,5.824863969144988872e-04,4.896959923275214302e-04,1.403166862792431645e-03,4.574820563358633456e-03,1.801666366815413145e-02,5.470138202257399107e-02,4.051606922500493660e-03,4.630647074889441758e-03,4.523333296978000045e-02,1.643753449213719575e-01,7.621648409016304297e-03,4.248435071274561832e-03,3.494532817038507010e-03,1.340407901840843509e-05,3.838370635763635550e-03,1.944864614735312622e-02,1.096315676956897408e-04,1.130592484646132830e-02,6.201238618482226780e-03,3.158294173817552224e-03,3.663364520009402842e-03,1.666957868466840964e-02,2.061068629533376745e-02,1.782935337101151929e-02,1.036524684290487767e-02,3.808894369653974959e-02,2.037543215188613796e-02,2.358386842665399427e-02,6.451853187778701371e-02,4.963273846524875882e-02,5.375005654669236937e-02,2.197950524252566956e-02,1.460424595290205595e-02,2.152714186752511388e-02,1.892253282349276935e-02,9.747250058864734973e-03,2.690255889281751439e-02,3.373533046922254364e-02,7.698989763697513047e-04,2.158997273032782456e-05,2.787356424909754465e-03,1.452816209096607870e-03,4.055813511974034257e-04,1.008503712907411060e-03,1.017005933575624221e-03,1.006235367466261051e-03,6.709297489829531183e-05,1.209896026306638960e-03,1.142500747680270934e-02,1.005021642227198219e-04,3.202370407086676824e-04,7.654182538216124326e-05,1.994005362651295882e-02,5.549531823786969971e-03,4.465511506761438501e-03,1.212010282192112730e-02,2.754830881321475213e-03,1.589783287431259168e-05,2.551545512867533713e-03,8.934252549707913252e-04,5.129416699322481791e-05,2.468730685956552445e-05,2.770495957266291695e-05,2.185713581214069104e-04,2.698085474555526138e-05,1.332559948140853508e-05,2.691279290916393820e-03,2.595796749783897120e-04,4.821546252894962289e-06,3.335597185245151643e-05,2.201886905144950866e-03,1.996181757707069480e-06,7.995356294541051392e-05,6.136138866088602711e-04,2.775744475090386579e-05,6.700317196503794857e-05,1.748529782048953126e-03,5.457945883137430010e-03,8.435393791553079390e-03,1.974730530788231951e-04,4.753214038500627237e-04,5.490388621199472196e-04,7.003882674837592360e-06,6.365057912427255334e-06,7.332762921125311490e-04,4.634231906770236475e-05,2.579427695281912361e-03,7.087847332757478240e-03,1.308420249312753993e-05,1.947974261034898444e-03,4.849509326513241035e-03,5.579157749561926803e-03,1.845107059232366231e-02,1.367892404230535049e-02,1.120135878932038013e-03,6.769743305084525292e-04,1.580252300442761340e-02,1.820881636140193535e-02,6.643300671195035735e-03,4.626058854286079977e-03,4.150612589995309257e-03,2.192367582955323524e-03,2.829620445057898660e-03,2.097543643910586633e-02,4.660275176898180660e-02,2.122986753060111982e-03,3.169785849680105405e-02,2.393318544708505913e-03,4.476818793392172563e-02,5.723661533629649479e-04,1.413366649933424368e-02,1.034862948143183137e-01,7.953216324399006720e-03,1.244053698028053934e-02,4.307271553763531227e-03,2.146403232039258266e-04,3.216717844065675766e-04,2.040135130525247669e-04,1.792597681291206724e-02,1.554599765614763165e-02,7.580506410633715275e-03,8.727270928782880979e-03,1.186143924990613018e-02,6.111637862638826316e-03,7.836910117749524424e-03,8.444889226304151328e-03,7.329449274496640729e-03,2.482040302278165633e-02,3.174046941585020876e-02,5.606063701812256939e-02,1.239046512017542845e-02,7.417644071542915662e-02,7.076521099172893015e-02,2.866321543378780312e-02,4.116187871562906886e-02,3.681729123719413525e-03,1.210549316298006189e-02,2.147715780670897759e-02,3.201046108446656269e-02,5.648479889402850500e-03,1.144844336705012552e-02,4.012135137576480076e-02,1.767302591740365801e-03,6.086479058300232371e-03,1.408965791395615794e-03,5.791136326477139707e-04,2.428378328105938386e-03,7.739200183840661777e-04,1.159560873525502600e-03,1.208801424014095552e-03,4.764678154665442293e-04,6.501917472941805153e-06,4.252736717031990223e-04,5.195694586997264865e-03,4.254715779749559468e-04,2.503451243531953137e-03,5.263380409716659483e-04,1.625633823289448013e-02,2.657470276478951163e-02,9.610011481516527940e-03,5.007898694574597701e-04,3.218152234769875133e-06,1.213091480068113358e-05,5.304944785198455540e-04,2.598669328102089834e-03,7.164107206915501730e-04,2.677875007424100097e-04,7.440735062950158294e-04,7.871324586903750281e-04,7.610852292033332828e-04,3.882916560438152195e-04,1.408416349610076574e-03,2.960091210120459966e-04,4.947489457119007587e-04,4.963917924594143038e-06,9.554408264774279453e-05,3.814235865774875437e-09,2.168952361206297110e-05,1.587656700806298849e-03,1.236796135958767758e-03,1.090214664600786941e-08,6.476940279902900811e-04,1.812398014842206027e-04,7.927798031524368842e-04,5.479916742695333198e-05,2.121995394440850426e-04,1.516533373124044279e-04,7.326508126943213559e-03,2.841654101774403673e-04,3.244693510106735380e-03,1.174103451769359244e-03,1.779747039669481168e-04,2.255067726856640337e-03,1.567411359737855444e-04,1.042004313762226101e-04,4.758024060483836059e-04,3.247573464691937400e-03,2.041809558112260732e-03,5.302813202870462587e-03,4.207914759213372824e-03,2.988660071236089820e-05,5.441776626977325908e-04,1.042486639754196904e-03,3.360557939481966091e-04,7.484771907700307585e-03,1.194014085171545697e-02,9.414961358239444305e-04,1.772959627408420523e-03,9.004971873346533995e-06,1.104090099844259849e-04,3.140522160344940364e-06,2.050825304905911788e-05,3.089286222748057528e-03,7.499817685429809033e-03,1.347461941106621770e-03,5.322055303470955845e-03,1.964088846269818230e-04,1.322772840109781622e-06,2.738202347679513670e-04,3.149604172986108071e-05,2.205370380413892994e-03,2.101429195519672645e-03,1.842522443004443461e-05,2.874391403401944998e-04
2.805467539635729098e-07,1.377243730312721160e-05,2.389709107416601716e-04,9.136546433798494956e-05,7.369165374774585935e-04,9.352280445461405101e-05,6.350486825975368635e-03,1.095416658437047984e-04,3.483546345776371636e-03,9.272015444015171406e-04,6.562651187251798343e-03,3.858359860237710499e-04,2.164905018361562225e-02,3.511372469983691305e-03,1.880929712305011783e-02,2.237200037401309086e-02,1.078431825095981303e-02,7.621648409016304297e-03,2.411929663899653742e-01,5.717400084775618729e-02,1.230565625135827956e-03,2.734402791559678841e-04,9.412463984183418175e-03,1.206656866988899037e-03,1.601085640511972755e-04,2.626413042803163542e-03,2.524899944085741768e-02,4.370466780382548447e-03,2.074829425133106059e-03,4.879896254307606001e-04,1.129422882776878814e-05,4.303400077087107074e-04,3.312712247023468295e-03,6.977135213201126510e-06,3.345782279777677408e-08,1.435110960532900526e-04,1.669110965360772836e-04,4.999167957342639731e-03,8.917374506570702223e-07,5.498658924471489925e-06,6.645120873887908237e-03,4.903451647873890464e-03,3.510934805372212014e-05,1.539501195417487638e-02,5.768749256662084046e-03,1.114205543644434387e-02,2.122239380136742390e-04,3.386112215900469093e-03,3.826005335377073171e-04,3.227441257270703603e-03,1.126366947302481856e-03,3.450691195224580947e-03,1.596174827158365573e-03,1.117997288607178001e-03,1.205731643328147515e-03,1.875643575905304103e-03,3.656815471388257225e-06,9.777520480599556727e-04,4.653248130424255183e-04,5.472066511061856116e-06,1.448228539417634013e-03,3.766370310048298021e-03,2.411345476747586942e-06,3.934047867789999044e-05,5.811858934163956463e-05,1.146383562225521298e-04,8.480229866895016427e-03,2.235222526645371660e-03,3.077433176176204779e-03,4.364548988426832782e-03,5.877467938347107415e-03,2.717740682499660693e-03,6.852272940592788082e-03,6.533346924551365793e-03,2.961909771536072426e-03,4.634897238077307670e-03,5.893020773418061915e-03,1.359678813480699050e-02,3.686204238033755683e-03,3.938323236041126399e-03,1.159352867451298938e-02,5.137379313214425827e-03,5.965003584750280206e-05,2.106449370786433930e-03,3.422255947576833537e-04,1.762272992425191020e-04,1.109938364131552172e-05,6.568755493148422178e-03,7.164738457186149538e-04,3.839729563581631075e-03,5.927626538929514742e-08,5.210400137800975451e-05,9.554697279609957600e-03,5.811717298510846837e-08,7.344542679173774640e-04,1.278925669752488696e-03,1.019565581584415750e-02,5.912841004896674489e-03,5.273481205632084170e-05,7.121217813262572410e-05,2.676710785504200427e-03,6.481649283946140172e-04,1.148841821617929129e-04,4.799462324563761174e-04,6.769212567990309120e-05,2.694902286560117645e-04,1.161206610596110696e-03,4.771974004127872530e-03,6.006724688903999345e-04,1.606367712705947465e-03,8.276370414999548522e-03,2.680301132941826769e-03,9.792418419393041779e-03,3.449739696535994438e-02,5.689776564078116716e-02,2.517107652579882171e-02,9.275156998715517300e-04,4.299419755497452950e-02,7.271939175577991216e-03,1.688790084194769338e-03,7.092709765785666642e-02,1.463710965739787040e-01,4.307321881775449252e-02,1.457709750106930303e-03,3.049845591756636303e-05,7.716624027534577969e-03,4.933259918918319643e-03,6.038866073567137997e-03,6.842237583561673955e-03,3.445512245339586027e-02,1.511970678139317598e-02,3.029133915939619400e-06,2.946004985302220353e-03,4.287404987590739090e-03,1.329665318308000240e-03,3.958815489635580422e-04,7.898687381136448513e-04,1.253442009681893319e-03,4.970858347136994371e-03,4.821359448453354200e-03,1.125851903805288266e-04,6.626284874958271931e-04,6.029234008448960134e-04,1.100728124780993083e-03,4.025347222244013423e-03,3.367655231562486414e-03,4.933099735335117267e-03,2.467594767664983268e-03,1.019124697870557768e-02,2.867323641876126216e-03,1.055654440366137845e-06,2.286622969968890237e-03,2.334905590213069086e-04,2.037709756239730456e-06,9.137746452946653481e-06,2.163516581643109367e-04,1.221758785535081732e-03,1.332808907221035271e-03,5.395356982522026869e-03,4.870756081743523040e-04,9.104432955248089807e-04,1.042839023495054605e-02,3.539346992151374584e-03,2.365960340925970032e-03,2.994841616739412835e-03,1.099292373883643207e-03,6.720720996541668752e-04,7.817959112417064728e-05,2.376028647731437727e-05,1.143279666910023844e-04,7.100328767044351147e-03,7.199411971535519747e-03,1.115250692855799999e-03,3.564931523081777244e-04,2.620067888346612212e-03,4.457572260120526821e-04,4.895980899049851356e-03,7.574643570527528260e-04,1.661014379685600605e-05,6.943926572060067290e-03,3.628707828250516028e-03,2.319411687812074612e-03,4.213431995414127981e-03,9.717640921398814063e-05,7.750713382251701866e-03,1.070148019062515908e-02,4.350443020527634992e-03,2.573980715034941431e-03,3.576505584891906397e-03,2.848807835446656375e-03,5.532720888167340758e-04,2.426610446282319311e-03,1.168073069196245842e-05,7.791275456125879538e-03,9.115303917581214083e-03,1.044486793395844708e-02,6.030322014480401973e-04,1.280044437974608909e-05,2.399144463988455486e-04,1.926029585250401527e-04,6.334877762590861161e-03,3.304518933605561128e-03,4.658540113166507166e-04,4.284458333493859801e-03,1.238743177506034443e-03,1.166095897685330389e-03,8.510870808586909909e-04,1.842038802319877037e-03,4.866373114481621783e-05,3.108637250732999391e-04,2.174666927927702015e-05,1.434886817608613195e-05,1.668164752110954871e-03,4.915613171490101733e-03,7.981569147679458062e-04,2.144364281815474063e-04,1.301145372184359800e-03,4.457627150322902160e-03,1.343079907375033027e-03,3.531533269276171134e-03,7.128215871259552597e-04,1.414740932131873909e-03,9.307677662391868880e-04,1.209713849634677998e-03,1.304452629669564101e-03,4.643774298196711771e-05,7.592761459176181604e-06,1.567633435381616595e-05,3.435742533394778032e-07,4.286282349106631676e-07,3.363399940041792661e-04,6.532437393210287343e-04
2.157937783185932899e-04,2.309256276659914327e-06,7.052735445033600291e-07,4.187634242756724853e-05,2.381084820269737333e-05,1.774481418868642090e-04,5.351302643297760168e-03,1.361093193473960445e-03,1.388314931188173529e-03,1.460885420580011014e-03,1.746754740375342733e-03,2.390301416788840911e-03,1.101320664073736702e-02,7.955678733859911089e-03,2.413619513200274125e-02,3.983364391447360986e-02,2.052418917670323362e-02,4.248435071274561832e-03,5.717400084775618729e-02,1.130262351046127517e-01,2.055738294456510920e-03,3.061588226960301480e-05,1.145078276322066338e-02,2.465676636996579161e-03,3.445307136276670604e-04,4.140501293671642116e-03,2.348976142272886369e-02,5.232149747379362566e-03,1.311849796709849050e-03,8.657112909903747194e-05,1.320460378712629262e-03,5.071984054560982153e-06,6.424298557218796921e-10,1.583820971789629451e-04,7.918548347849006677e-05,4.483507172245734622e-05,1.884979608839164366e-03,2.268331189061255208e-05,1.538817136033031424e-06,2.654784738968979146e-05,7.057742814532664069e-03,1.134075440446662836e-02,1.113901306657343927e-04,2.909940362120969678e-03,6.654162086071500545e-03,6.702747854511735895e-03,7.510919531829757549e-05,2.899385520377541388e-03,1.084351242195735364e-03,6.427899843231115080e-03,2.791406979093078930e-03,3.129283558695965858e-03,2.490371836798288118e-03,4.791416106744195678e-03,1.676641873454314934e-03,3.650898886105393131e-03,7.510919531829757549e-05,4.102941238973782634e-05,6.248878669853308266e-04,2.884477628674898306e-06,2.933869374259254990e-05,3.616443364179516839e-03,1.703375909721997847e-04,1.205973100753855991e-05,1.942190142181299185e-06,1.145080689662203980e-04,9.364127961433156913e-03,1.685861592596314337e-03,2.907536028280635274e-03,3.963569273231824439e-03,1.522071030775887972e-03,3.967957442852331511e-06,1.653791287624545935e-05,5.469849171009413813e-03,2.437642035051612067e-03,2.857003184375223742e-03,1.756258280677609968e-03,1.051464923641499787e-02,2.344442275206419957e-04,5.609804825188887192e-03,1.206879245187606788e-02,8.570170043580991465e-03,2.788459510203309798e-03,6.521192385981140587e-03,7.570170794126681929e-04,8.858903050431698317e-05,1.134520597681379052e-04,1.381568253529160024e-02,2.635239425242492418e-03,2.803329735718266061e-03,2.285952482767834772e-03,1.260754216422403434e-03,1.062161237550124197e-02,1.090299324776791267e-03,5.216380608177166242e-03,6.142955613305553708e-06,1.670243572158047361e-03,6.682601525548039151e-04,1.087198804605832361e-05,7.657138620558069523e-05,3.882435763222117720e-04,3.245272521217409040e-06,2.479849871560597789e-04,7.555462327570692128e-04,7.317103904132245620e-05,6.326671311190276459e-08,1.700311469635598779e-03,3.102440140312987069e-03,5.854630100751886642e-04,2.114567091121190810e-03,4.080589597955024822e-03,2.664468578986587321e-04,6.542564081506102060e-03,2.848040296543248931e-02,1.855267818570989491e-02,1.193203370216227785e-02,8.698014610915852851e-05,4.093203347432203265e-02,6.549335123351605718e-03,6.056306367985289608e-04,2.216240668430273855e-02,4.752804035640948582e-02,6.539366140601675370e-02,1.998451574790527721e-03,2.341218171832443889e-04,1.031590451094426333e-02,7.458768157165744997e-04,5.991198137179699554e-03,6.945926154504868805e-03,2.615969526988807387e-02,9.299260711366519674e-03,2.265785868923532226e-04,1.207806056202718966e-06,4.031376794221628576e-05,9.725663034333608065e-04,6.002309575501320994e-05,8.807100238767381949e-04,3.123469506498470038e-04,4.796427386439738389e-05,2.344965368416569295e-04,5.045122418527929031e-05,2.735212556975528248e-05,3.897965301001734205e-07,3.925462415704755563e-04,4.897244055206697970e-03,3.625446714633716837e-03,1.251834250828022261e-03,9.763100510370515198e-05,8.614760346842702298e-04,8.823807045385718972e-05,1.545053903809053689e-05,1.554467030221943135e-03,3.269600137116822889e-04,4.133149648245297526e-04,2.695804929488938327e-05,1.308287121886354300e-03,3.398013575031859010e-03,2.742324155847021463e-03,6.104562894090908957e-03,2.292403724642358420e-03,1.634793541327306168e-03,9.742706468725541302e-03,4.781984733833297488e-03,1.905947682504540797e-03,1.788423514631633671e-03,7.254418503695456762e-04,1.365754463715315064e-04,1.232699330082802948e-06,4.956183564435901543e-07,8.345498511074218395e-05,9.784923234990821131e-03,8.993172356884245044e-03,3.398406214787634701e-04,2.641375150797946635e-06,1.163201357553762631e-03,9.852528367949417074e-05,4.102931514935458622e-03,7.125477325417091834e-05,2.143150167674460983e-04,1.777880802220878288e-04,1.055172389773030068e-05,7.927687853394997098e-07,2.497184483501699130e-03,8.504967239024709635e-05,9.277829267492767543e-04,3.112343580144783396e-03,5.718121220347589621e-03,1.466456622439103394e-03,3.764633887144706523e-03,2.252343772666373558e-03,2.372779321694300746e-03,1.400092439039403707e-03,1.869507783056381363e-04,7.268510036252314463e-04,1.209130175906395020e-03,3.617396748164935973e-03,5.009487865026333950e-04,3.306635159583982953e-05,7.817431258560216785e-07,5.410459397421524025e-05,4.465726128714925594e-03,1.656602994545585501e-03,4.792303798327150624e-04,3.184678998797471627e-03,1.638825413915946660e-03,1.025631278598341817e-03,6.159371592486046409e-04,1.609920729117575271e-03,3.426331383237999077e-04,8.857694472260364870e-04,2.415959196990990706e-04,4.478910530277387500e-06,6.065183929324516679e-03,7.720008143441104906e-03,1.777880802220878288e-04,2.512963194454847392e-06,5.730940522891685585e-04,2.403670756230428217e-03,1.918609462591114442e-03,3.911983754932354430e-03,1.973488200553479444e-03,1.948497001329288015e-03,2.064415359517221982e-03,1.434478302506432545e-03,2.151304530711023455e-04,1.436751286917421679e-03,2.600829550236443354e-04,1.348143726321906683e-06,1.027399916588688650e-03,1.150147664775271307e-03,6.195942195013223992e-06,1.410412741517640144e-04
7.390532884761706178e-04,4.328906027246984495e-04,2.256384300270112368e-05,3.308982142153013341e-06,2.230957700144619965e-08,7.346422684517704205e-06,2.047086048503712376e-03,4.023792309451677384e-04,1.426075568660377423e-03,2.756974367359020951e-04,8.398465745096488609e-05,2.781825926187477763e-03,5.640456446619473464e-03,3.413535909222154257e-03,3.685817516424733358e-03,2.507554149227228177e-03,5.897158284766750545e-03,3.494532817038507010e-03,1.230565625135827956e-03,2.055738294456510920e-03,1.350851641230319811e-01,9.628301231870424470e-02,1.586014877656333893e-02,4.382802635050665058e-02,6.643947105123586272e-02,5.773909871940507282e-02,1.657775089698590443e-02,2.400968323594578763e-02,1.878105839282040272e-03,4.481899793252990249e-05,4.110318690273149144e-04,7.258359381211256553e-05,1.145630971397017803e-04,1.709886116241555545e-05,1.938006633219241078e-03,9.615973961072603977e-04,2.917691793788391823e-03,3.781768580117444989e-03,2.275703497151550844e-03,1.901419801006614882e-02,1.438764869463396434e-02,4.449268002860403901e-03,9.452880790823115637e-03,2.568551764532901911e-04,6.264405081822247562e-03,2.532667890948787220e-02,1.870692187155277228e-02,8.767174380332916475e-06,1.521322190145106773e-03,1.163653649023763071e-03,9.605552290872511030e-05,2.456526305785977594e-04,1.156976444890166471e-03,8.782826492786712782e-04,4.148922733164350611e-04,3.415521138760874154e-02,1.746677314580041510e-07,1.125073169537497895e-06,2.196045049253148094e-04,9.029455659180724361e-05,6.425640603760696861e-04,4.796536034394082749e-04,8.901704753723250346e-03,1.349590504172057046e-02,5.322212227314149051e-03,1.903003624841074722e-04,2.010413634626754317e-04,1.055528476857348640e-05,1.089427962283220870e-04,5.284706947520715504e-06,4.002298416320168931e-04,5.242905453070143430e-04,3.889535870253350605e-06,3.028541631734037889e-05,1.659176527271478214e-04,7.549289459354253462e-04,1.912994185225346075e-04,1.120479714253800131e-05,2.310977456387305418e-05,4.131281951005304231e-04,6.275007434657509882e-07,5.715363685335273555e-04,2.303039589064419419e-03,8.614555253757180935e-04,2.568902151584077920e-02,8.152817282301464893e-03,5.771656560426172925e-04,2.981489820016240927e-04,3.008651399729213912e-03,1.773320534137895248e-06,2.710628285376410086e-03,1.200246881283223562e-03,6.103169120796660954e-04,6.102074264842739836e-04,5.461548664648182942e-03,4.517441832144345533e-05,4.971579544592286907e-05,2.072443128679197057e-04,1.729827250316890233e-02,1.108014509374147943e-02,5.304421014897906361e-06,4.057471561302852174e-04,2.318904950302074224e-04,4.836243402256413972e-09,9.981209769825993318e-04,1.150246933426384179e-04,6.439227917591496767e-04,2.986267124755595851e-04,4.655437014955806567e-04,1.814685896003954209e-04,1.252129979611692949e-06,2.916387616875748329e-06,4.185216297193822786e-03,5.267414945179967056e-03,3.154568770757601361e-03,5.362408785661515812e-04,2.258259927648917076e-06,3.551263789743116638e-04,6.588403998972466652e-04,6.831651848485923882e-04,1.626738927364149634e-03,1.433207805964020927e-03,1.318252075363081669e-03,1.116705537623926270e-01,9.309109766449280565e-02,6.411966290372495859e-03,3.197452987963417953e-02,6.421971335081250176e-02,5.125618745379720981e-02,3.889030892651381549e-03,1.360600437944736848e-04,3.089332138513866365e-04,2.405301625557819753e-05,1.877529011167270283e-06,2.117447755000094144e-05,6.533686936274704388e-04,1.170577844321888782e-03,2.424504512188286698e-04,1.489485933599006026e-05,3.418652234689519009e-05,4.369344612540279751e-05,3.097222132099312214e-02,1.052816003919254716e-03,5.975531108554654920e-03,3.263873261012376070e-02,7.828838346070727053e-03,5.926773870082697494e-03,2.183048140600269641e-04,7.951753759849914207e-05,8.757069774967807946e-03,1.112936192863520210e-03,1.445859797093806780e-05,1.248065499799469950e-05,1.175905435868137154e-06,5.387925551173260901e-04,4.690261441235580773e-04,1.472015676269311079e-03,1.469977403295655034e-03,5.434443190927201251e-05,1.738763896458789574e-04,1.177136323823236739e-03,1.936121448016943922e-03,2.365059975760867047e-04,1.877529011167270283e-06,7.222807788213060881e-05,9.816013116477018900e-05,1.070057261422338357e-04,3.801417035960136855e-03,9.715768209215211188e-04,1.210075176433487602e-04,6.799966852696733666e-07,3.011317595144575665e-05,4.685962958902966367e-04,1.570015432593070974e-04,1.576154929485786861e-04,1.015650560683154305e-04,3.074756646203561793e-04,6.284390420391862105e-04,1.079002595581472941e-04,1.143411021785104242e-06,2.806211924182002381e-04,1.515463595583027979e-04,8.382694311832519654e-05,1.689830160299255011e-03,2.970355274846162597e-05,4.253929511915611398e-04,1.031508747735432397e-06,1.310394071796501135e-03,1.737995322852015255e-05,9.496643130464277327e-03,1.137688146187101250e-03,3.213522151769872705e-06,1.426531580963662303e-04,5.801424342547106849e-05,7.328291794400155264e-05,2.477612624625048328e-07,1.754154566578710120e-02,2.036974943533089930e-02,1.711749276325945715e-02,4.662596005748866762e-02,2.996565843720211263e-08,9.067962251486607521e-05,2.434756371385945047e-07,6.582305522161719779e-04,1.358553512247023907e-04,8.250024461585643305e-04,2.871435435018423066e-03,4.952364577139806764e-04,4.526416577371698423e-04,4.312480165561775197e-08,3.074756646203561793e-04,1.750513017928645109e-05,1.450834404642142948e-03,2.242284952681147716e-03,4.274099525181084013e-04,1.286089274736521536e-03,1.988621092372038648e-05,1.217116211807604760e-04,5.803275250371191978e-04,1.318930976117244248e-08,1.545752834298017237e-03,2.362705104446908688e-03,1.359062912944200183e-04,8.413938561828463673e-04,2.944490886711335589e-05,4.008752213144511266e-06,1.158891458785860133e-04,3.363200942411734913e-05,8.262461734164523036e-04,2.213746582024555230e-03,1.829521581240467942e-04,2.578299941372533786e-03
4.825407685697703786e-04,3.315579653426229062e-04,6.784171923330227245e-05,2.033991136279862471e-04,1.957866354290317083e-03,1.177259827272241757e-03,2.105630772367061629e-04,6.534013185956836492e-04,6.992029728062735833e-04,7.158322229260865666e-04,6.895562482156285788e-06,2.220754752158044312e-03,1.300199768158301708e-04,3.404395262034363210e-07,1.025185179469434611e-03,2.775870486767093888e-05,1.189829961546403604e-05,1.340407901840843509e-05,2.734402791559678841e-04,3.061588226960301480e-05,9.628301231870424470e-02,2.605550631571390552e-01,1.341592549483002633e-02,2.362335895521721491e-02,1.201852967840516540e-01,5.305138390728336012e-02,1.544970760504062526e-02,4.267382838293123926e-02,1.594849374420712063e-03,1.534329457317684230e-03,8.373460762710465419e-04,2.286366428748247154e-03,3.568764332157384808e-03,1.859238787305329691e-03,1.037927322404279176e-04,7.496246479030234894e-06,3.076260024250943172e-05,6.842403646913086408e-05,3.061499075134789961e-03,6.452685129496421070e-03,2.888426131650537621e-03,3.783938369102353397e-06,8.176447607470052061e-05,1.139185387297988409e-03,1.089298489875299090e-06,1.643864566464671093e-02,3.400794980020557801e-02,5.037525021432403974e-04,2.320204096542122902e-04,7.942246309763151396e-06,2.786324297628939848e-05,2.436966866490919548e-05,2.315276628513245568e-05,9.592007742993235563e-05,2.112213246294149320e-05,2.242657542516930322e-02,5.009908793920842028e-04,5.823887660277746138e-04,1.437837634860332676e-04,2.880963424849378716e-04,6.776473644880623166e-05,8.915437798966896401e-05,2.312792418347325157e-02,4.933519457640830538e-03,1.523167009987850921e-02,3.361588145702399164e-05,6.379327371900893583e-06,9.881709768511743049e-06,1.167227021582080297e-06,2.372128308441092423e-04,4.165766468398882615e-03,2.335408139332485408e-03,8.071863495286862606e-05,1.096982620197107898e-03,3.958651324752535507e-04,1.066099422332149544e-03,1.781276789744888232e-03,2.899280465229215568e-03,1.021565635826240801e-05,1.784096970427702595e-03,1.468019662015925084e-04,6.774870147084980374e-04,3.279917896794246317e-03,5.488836070485414356e-04,3.836358726972485117e-02,1.989162712682487899e-02,7.526759122901722707e-03,2.619153470790789045e-07,7.852343995079461014e-03,6.568202273028421467e-04,9.370777621917370306e-03,3.448293208467141072e-04,2.119537039575350340e-05,3.333435231698922245e-04,5.065608940773214846e-04,3.974907152670651583e-04,6.435679711146027404e-04,7.054342334994995027e-05,4.124578651729580298e-02,2.381253712964287797e-02,7.196282637391153338e-04,9.381844547985678396e-04,2.518374716690823531e-04,4.209503570164441585e-05,2.154479440538029176e-03,1.729167281284461205e-03,1.410150053925913257e-04,5.919487687926700193e-05,1.882779012691578968e-04,5.789441653628009954e-08,1.055463176596798357e-03,6.107188844596837720e-04,1.582366742205524899e-05,2.850806320615619123e-03,5.399805872686888317e-06,3.360543229036950662e-04,3.400943765213186674e-04,3.520443205135746306e-05,1.497735683913877955e-07,7.081436786053188015e-04,5.055018776737527910e-05,1.157629037414991920e-04,4.049426404207230207e-06,1.730064714071821719e-01,1.806410660276908942e-01,3.507725300822662519e-03,2.921318513974179715e-02,4.983789547219266008e-02,4.446599255348163138e-02,2.234867069741435473e-03,3.247104134306035808e-04,4.957637312720219167e-05,3.707661288774441108e-03,3.084873797487984633e-03,1.749468614060165734e-04,4.154987461365024920e-03,2.799311916695318902e-04,4.644340806769986702e-04,1.409541032260067930e-03,1.405051245559871308e-03,4.782853276126351923e-03,1.861919553441074293e-02,2.445787785610204312e-05,2.964287004150465473e-03,1.003794124037125923e-02,3.974843136582324889e-05,4.269436866549080988e-05,5.267667142221983288e-04,1.036096807413000630e-03,3.736531946064066464e-03,5.646938855019699357e-04,2.632918593972603891e-03,6.540112534865370145e-04,1.295653670102927557e-05,6.271027229271192507e-05,2.768839097965219314e-04,2.903719628449674000e-06,1.026808677513422845e-05,3.401885645184315153e-04,1.323644212119066792e-03,1.248487107036251229e-04,5.136133601810325994e-06,4.824663686689547513e-05,3.614074713545002080e-05,6.053690786180687851e-04,1.085688946043339822e-03,1.056871626143341411e-03,1.140560229322408383e-03,2.626673426982022164e-03,1.101714548303123420e-05,1.703627918205857903e-04,1.412741246956951977e-03,5.457748282698051279e-04,1.146169199810089748e-03,8.483848794378009983e-04,5.576431149754501951e-04,3.702426745359570486e-04,2.392097000518338124e-03,1.509859919008974016e-06,1.276488231531119032e-03,3.143550474377556064e-03,6.424132574858756558e-05,7.602814531054110682e-04,3.400403135939147718e-03,4.201291639093972198e-04,1.546696916948060632e-03,1.398837911029900388e-03,1.834223146745510849e-05,4.363420720550645424e-04,1.365589596684416672e-02,1.070253561390279926e-03,1.370280435885291077e-05,9.003021293958268363e-07,6.769312306773227032e-04,1.580831809348698944e-03,5.803984396303276750e-04,2.359844691164818958e-02,4.334987665793740147e-02,2.772087384185105766e-02,8.746700814097591037e-02,3.471747324294155185e-04,3.407993206466338590e-06,1.989835999345112040e-05,8.864075906803117703e-06,3.154412297185666507e-06,2.513641942766725633e-04,1.194220669653377415e-03,4.313716063644673724e-04,1.510733734504001835e-04,2.502465385805533946e-04,7.832716138207238389e-04,5.205269049906779743e-05,2.943729552054994381e-06,8.471835528449032622e-04,6.662897478058096021e-04,1.581764130859303688e-03,1.946582123559288809e-04,1.417915038424383636e-04,2.808348138172044370e-05,1.133709122758981688e-04,3.273947008001681057e-03,4.739428616449531785e-04,6.624460072595408618e-04,1.154051039064107756e-03,1.008462692251914227e-05,1.635439323763767646e-05,9.140863154841453198e-08,1.710036108297708268e-04,4.316654090247099571e-04,2.086516662681325244e-03,1.436848190307414043e-03,2.500333791902837992e-03
1.012358338092509216e-04,5.951167019606458863e-04,2.089637935093733556e-07,1.010478598230755044e-05,1.511493005254036881e-04,6.510876264664089580e-07,1.554661952923957558e-03,8.917320888245851718e-04,5.458191256863771179e-04,1.078665275058220043e-03,1.199459907321817230e-03,6.015188736802154316e-03,9.348578816303118599e-03,4.251585298900530628e-03,1.030083951185967704e-02,7.498206112687706704e-03,1.225795195263765756e-02,3.838370635763635550e-03,9.412463984183418175e-03,1.145078276322066338e-02,1.586014877656333893e-02,1.341592549483002633e-02,5.735305996653111693e-02,1.582015282023337133e-02,6.833121309591750833e-03,3.953761420293960133e-02,1.562975810165673218e-02,1.012506358033155897e-02,1.332867264593679815e-03,2.240248800517109708e-05,2.703735802233659573e-05,2.594419852177545587e-04,1.519316075528742000e-04,3.525213293931053022e-04,2.880477843364031600e-04,6.834357482396652460e-04,3.494604583881111975e-03,3.526528122131197211e-03,7.517328424656681551e-04,3.101177123630909863e-03,1.277452185671025357e-02,1.014763112691709906e-02,4.170839181142301649e-03,3.165063140400710233e-03,1.014959258249741383e-02,1.468942699816956285e-02,2.009611399534314176e-03,4.120005588999355950e-04,1.612343281000718810e-03,4.946016392856057708e-03,1.722927137339009163e-04,1.031597558660835566e-04,1.933186498370049154e-03,3.025044489751547321e-04,1.535480252167980165e-03,8.354938845386735563e-03,1.015425147760369264e-05,3.459583000753112622e-05,2.108280243751078472e-07,1.112405532755470937e-04,8.348254235630529893e-04,1.212066008864433905e-04,7.096316512470384570e-04,1.432450884777472901e-03,1.035806619877643149e-03,9.812100796719231311e-06,1.316993576548142805e-03,7.194414171415190252e-05,5.106092525638020966e-05,4.206212876532663156e-04,1.174616723090394870e-05,2.035978092375771652e-05,3.048848361112450001e-07,2.102865553383197975e-03,1.523913431301587547e-03,9.024583309096998948e-04,9.663315892467765230e-05,1.971308191089272618e-03,2.502969444204834504e-07,3.317372442409291131e-09,1.260054790047669031e-03,1.699053204033666329e-03,6.433367422143942147e-04,4.804794335333358772e-04,2.488014553274869693e-03,2.119689475415209817e-04,2.444791405635341483e-04,4.062025062735969555e-03,2.067009147669333653e-03,9.744513161615431110e-04,3.456019671702245753e-03,4.380520849231136528e-04,1.352164785290451907e-03,1.347827053775700861e-04,2.014629298618189623e-03,1.481039284460848127e-04,2.986728639371123433e-08,1.807606425274994920e-04,1.486352363358011677e-03,6.859578715191088933e-05,3.545044701024890479e-07,4.244418749407435920e-05,1.795396027398962107e-03,8.778237488045475710e-05,9.033439613229116020e-05,2.581346582865930205e-05,7.583046937562413744e-04,7.969649279412615315e-04,1.924894592374933630e-04,1.686327288138520257e-03,1.707748423853985148e-03,2.425324802091148244e-03,1.642138511482691505e-03,8.722964079092119724e-03,9.875536260237101696e-03,6.851235561634956214e-04,3.817871357085784578e-04,2.021763469137996885e-03,9.057157986433363303e-04,5.438611619280506963e-04,6.697043487154586382e-03,5.712345731186348197e-03,1.376990442064446665e-02,1.638214811998273124e-02,7.956575487538305319e-03,1.151716625098599817e-02,1.670036355075088172e-02,1.433377849006088091e-02,1.646291690721217102e-02,8.687544471916218078e-03,1.326735364774637256e-03,5.597432226427238617e-05,2.437407746662379097e-05,1.614338872855002516e-05,6.035052785135658777e-05,9.671181134665224658e-05,7.340260830398182218e-04,6.965178854941471767e-05,2.745037507312874086e-05,2.315843826771239679e-04,1.084198904790440449e-05,1.016568625502532741e-02,2.291573888036686920e-04,9.981031572841416247e-04,4.331106726931226517e-03,5.340513060615439608e-03,7.349637580868216384e-03,1.236255097334400862e-03,1.506725001890289728e-04,4.721413666579703586e-03,6.258285756184425617e-06,1.002303035923935419e-04,2.433644555442426982e-05,5.348422623783084920e-05,1.504179316399823299e-04,2.016398822504009754e-03,5.788296710066023434e-05,4.282873424156557535e-05,4.651099979804115348e-04,3.390268466032347579e-04,5.000514931864559622e-05,1.144785042334039429e-03,2.171874875230915916e-04,4.229080273802192505e-05,4.354388381750401850e-05,2.265617379807071714e-05,1.513802873682889183e-05,6.013665387620671741e-04,1.466252232565983888e-05,1.695665088298647536e-04,3.261141308232121637e-03,6.924640116471577960e-04,4.235856205445953342e-06,2.952910318819532837e-04,7.230724761767221060e-08,8.232591298140471255e-06,2.890672639303988600e-04,5.685176706355715721e-07,3.732758650089254192e-06,1.339260801064745117e-05,7.245560223840967799e-05,1.611595657275137375e-04,3.663228378760072170e-04,1.980129171939161274e-06,4.563658092494311369e-05,5.143276077049262814e-04,2.353435304768563706e-04,2.645260234880346048e-04,9.629931977266247738e-04,6.655359411280981725e-04,2.052543518283526762e-04,5.902594630018302936e-06,2.536783638415287569e-04,6.720236182941739160e-05,1.063852239027825370e-04,6.023631597171579758e-04,1.766467975577772943e-03,1.023449247877439771e-03,1.152891866941149366e-03,6.204570518465504433e-03,1.172632111531333055e-03,3.679951589970049367e-04,1.462910548033577061e-04,1.975241719953645721e-03,6.873241088126432570e-04,1.500157568721636634e-03,6.279379467811050828e-04,1.185822760069397833e-03,2.310731828837693822e-05,2.013864914232901761e-04,3.583530418049416590e-05,6.346218815238274932e-05,2.289436387702454938e-03,3.231992389119980533e-03,1.844380827084439846e-03,2.022618753274490263e-04,2.112536401675139204e-05,9.032010682100844866e-05,9.311427301890776425e-04,2.905164489705360908e-04,1.791369738336725430e-03,3.662354535920897113e-03,5.772547645656627606e-04,2.995865066588923945e-03,5.335768399987120963e-04,4.897565068358868904e-04,9.726147397520523751e-05,3.015674640108314953e-05,2.299334987775607936e-03,2.224279818396173326e-03,2.209288073624927993e-03,1.309156479432884899e-04
2.155853710498868616e-03,1.578014945065348712e-04,2.081985432677425522e-10,2.090347177897957048e-05,1.264433326326298802e-03,2.824169403605561370e-03,3.385783668857620830e-04,2.253833585555015942e-04,4.242431562326129880e-06,2.095008513434405380e-04,7.842481335996524219e-05,3.865613278797328488e-03,1.654003246565717219e-02,4.591337041785614054e-02,8.920003150181789880e-03,5.691379043079095729e-03,1.824694054793005171e-02,1.944864614735312622e-02,1.206656866988899037e-03,2.465676636996579161e-03,4.382802635050665058e-02,2.362335895521721491e-02,1.582015282023337133e-02,1.456017018136916974e-01,1.625364583567311116e-02,7.177629799413583200e-02,1.080129185533560722e-02,1.108407032035479620e-02,3.110803855328403682e-03,9.384663193847993115e-04,2.994108608817373784e-03,2.072469697748741070e-04,2.003216317855582585e-05,2.474945400875428435e-03,2.208138835293746438e-02,1.783492623535130883e-02,1.708949301542551924e-02,9.111662047050401309e-03,1.147330321156623742e-02,3.479710329722519868e-02,2.538185520959638716e-02,3.353223554604491813e-02,3.182655895325761652e-02,1.613513747932859540e-03,1.566845674162973753e-02,4.003117348390111685e-02,1.164443679712557972e-03,4.490706677205994965e-05,2.672322073679416713e-03,7.416567187850961126e-03,3.247017302497808532e-03,1.045419784392141484e-05,2.244931534646063022e-03,2.281530599910197837e-03,1.614575102304244541e-03,1.630120815337385981e-02,3.275468506272158440e-03,3.975831158417865939e-05,9.474845056264538570e-04,2.740319579669664874e-04,5.577177831297922862e-03,5.941696903047343501e-04,1.300152084587542980e-05,1.279572925524705487e-02,1.788227113838376315e-03,1.699446732435819750e-03,4.225978478577812497e-04,9.628172621389040971e-05,9.599151645192297152e-04,1.301302597237919008e-04,1.624102100394995800e-03,4.736342467465343500e-04,3.492572738959080227e-04,2.375642097506756830e-06,8.965822809726577266e-04,2.856289842806432745e-04,4.387433645828432553e-04,1.602487705216344672e-05,9.756409938075405507e-04,7.760559093828846918e-05,1.853319599608907107e-07,2.881271432305022211e-04,7.742294462200068842e-04,6.286947298867951090e-05,5.073117708642093607e-04,2.253798866601641521e-04,1.213841121611660854e-03,1.726396627773228091e-04,1.928362299916076845e-07,5.129953843502931460e-05,4.377263904756483869e-04,3.409283170106759014e-04,1.930702721731755375e-03,6.745004319788802888e-05,4.180153782069058639e-03,4.102893815971046516e-04,1.317373019124399973e-04,2.829016117471744632e-04,2.252359247684544209e-04,1.048574797111996939e-05,8.835145513624787427e-04,3.734305954346116177e-04,1.429229380075038621e-04,7.089228119701140700e-05,7.517430604786925314e-05,1.034992055847942360e-03,6.992557451372241389e-04,2.007507716492411363e-03,3.698211654081615417e-05,1.377958385453975523e-04,1.340915320212383713e-04,2.157416253289482812e-03,2.114334809659986283e-02,1.399934567373316112e-03,9.297733800476000454e-03,2.131879427541187935e-03,6.427999242634353794e-03,9.804287341417423105e-05,3.205801194550832785e-03,8.114938040944701114e-03,1.506881414829146356e-03,1.505701866552211629e-03,1.807861106997153992e-03,2.763603695765929485e-02,1.768376878123718854e-02,2.126135862295807505e-02,2.342089700242945896e-02,4.783470780826681173e-02,6.035635753858381580e-02,6.590600730823044720e-03,1.875161561671017611e-03,2.328492053053849657e-03,1.058657783650506125e-04,1.023497976026067831e-05,5.697620894149526801e-04,1.182155638407970965e-04,1.927436534331026380e-02,1.659894724715520534e-02,5.242164799306368504e-07,5.061249213693434779e-03,3.271074670951553548e-03,3.007312835551547922e-02,6.213344723746389194e-03,4.596870372381579861e-03,1.216653958548962432e-02,1.630495022303342367e-02,1.159389101858680771e-02,3.872744567312386100e-04,2.032139675033286727e-03,2.686961142601055480e-02,2.109429371914630670e-04,2.497178298403617385e-06,1.064436055943837194e-04,1.823980028367371768e-04,2.164731680311892290e-05,3.130617127895985070e-03,1.997024185804681178e-04,4.493767114544616054e-03,6.029683788054778073e-05,1.055854070402893752e-03,6.428753264744879606e-04,5.606493684220429600e-04,1.580344193167105974e-04,8.652828780692580239e-04,4.981205535409406315e-04,4.293488217154495593e-03,1.212390170002644162e-03,1.210454929673526053e-02,5.610302164701331872e-05,4.536474422164615713e-05,8.376521973905885028e-04,2.553463448633898027e-06,3.238396866608294830e-03,6.460455660490132298e-05,5.007513361205421371e-03,1.935913189792826247e-03,1.223174936391815753e-04,5.386176813153813712e-03,1.140140458973813508e-04,2.064934416840715766e-05,1.248984444173579042e-05,2.035259496235461343e-03,1.770983457447290071e-05,1.012741276042222261e-07,5.929923137259084012e-04,2.785865382691899003e-04,2.782299185602224006e-05,2.738815507975467158e-03,4.118647568351912645e-05,5.675255125752536701e-05,2.265591552362157044e-05,7.803114119372113423e-04,1.254620384231384054e-06,1.718778819572417326e-03,3.720607086720583042e-05,4.784484036349023273e-05,5.929923137259084012e-04,4.167230676144596867e-04,1.781917012323304536e-03,1.360509178581228822e-02,8.935395880685768373e-06,3.420173564441240422e-05,3.439098456261910223e-04,2.068525909457290279e-04,9.736969055346746116e-04,1.748510756939256386e-04,1.916667852353175824e-04,1.870644076584625443e-03,6.769047095924714339e-05,6.089067599674238308e-05,1.042270623065429580e-05,2.370113622873655241e-04,4.109664289323605182e-04,3.048875244734924102e-03,1.847752419398080285e-06,1.847752419398080285e-06,1.853552087586142938e-04,3.684803677311987181e-05,3.838271841997766953e-03,2.234917558178001366e-05,2.868603338077921512e-03,2.876083942144234788e-03,8.066119666902348516e-04,4.169605093298895358e-03,7.209104847341533777e-04,1.303115283488909709e-05,6.970228027407321425e-08,2.723154872783057831e-04,1.743933260606363124e-03,2.877088767109229304e-03,6.223803810351265068e-05,2.674215979955652835e-04
1.288356755092885404e-03,4.916488778717148083e-05,8.717297800263190503e-04,5.532720888167344010e-04,2.756892663566542579e-04,7.551423908556807079e-05,6.521176783124173001e-06,3.790521460368989387e-04,8.474772085925352165e-05,9.513509621086958302e-05,5.498259623462731878e-04,1.146955384300707859e-03,1.377231769369558596e-04,3.520984660708247451e-04,1.531210462902840705e-03,1.295419912998330034e-05,1.769080152989713826e-07,1.096315676956897408e-04,1.601085640511972755e-04,3.445307136276670604e-04,6.643947105123586272e-02,1.201852967840516540e-01,6.833121309591750833e-03,1.625364583567311116e-02,2.171646783113371781e-01,3.823913085163628545e-02,1.541243340603654782e-02,3.625991593994210005e-02,5.356992941482395174e-03,1.573031181082394105e-04,1.332394895662220198e-02,1.306067015209566194e-03,1.072392804285836852e-03,4.062192273720298892e-07,5.071651672117968585e-05,9.929945820160816173e-06,6.374378949970168761e-06,8.937111308172337228e-04,1.477095293464418362e-02,1.606602835649058314e-02,2.102576094753055326e-03,1.342403929651963519e-05,2.374895712617759638e-03,1.216784992989406247e-03,6.141600513016934315e-05,2.407840043768490548e-02,7.733894962141371621e-02,8.423759721472007635e-04,1.753196308626572592e-04,3.669297094134553201e-03,4.006471257098036519e-05,2.488828478080595255e-07,1.759349306222471849e-05,4.982425072203420802e-05,4.530297341796349765e-05,1.650190056469419062e-02,2.800236643741830134e-04,2.702399235725318899e-03,1.470114470135113361e-04,7.670290093938814231e-09,4.386730683726303108e-06,1.073659564102975731e-03,2.931870319107118469e-02,1.298757474125157400e-02,2.234880279791367358e-02,2.793593813866437126e-07,7.503552611517749771e-04,4.783373193020597929e-04,1.339378754850647222e-04,1.282527573681866871e-03,9.368800696081317630e-03,2.855721748092393455e-03,1.193365895051938568e-04,2.725519685890199269e-03,2.798721452894714850e-06,1.530374891695365883e-05,5.002140980956202958e-03,1.194196872640124717e-02,5.205236523338621158e-04,6.804080865554643261e-03,3.499559248916347780e-03,5.742229443444078936e-03,3.538021758040532389e-03,7.821223000793610760e-05,4.250595402574013082e-02,3.470280132316066329e-02,1.092910250923732896e-02,9.324983965088401135e-04,1.141951695240487653e-02,4.634042373007654821e-03,9.391382184507933439e-03,2.981313114957012207e-06,1.134579699695664832e-03,1.645200543052272079e-03,1.414268042331773279e-03,5.602089929583085404e-04,5.755441801760585903e-03,3.692859340775077911e-04,6.437671913127042400e-02,5.210211970621470706e-02,1.972559707919621324e-05,2.114401347983450071e-04,4.870940527118063236e-05,1.061669915579404070e-03,4.342156468375609466e-04,9.532470428764403024e-05,5.995230034220062486e-05,3.108497657812508354e-07,2.926803735003123872e-05,9.864311081885012219e-07,5.322581463948967192e-04,1.215593179784534565e-04,5.662177323975202793e-04,2.426959305667509767e-03,6.523965973856490246e-05,2.570874989302586802e-04,7.356205752338719093e-04,2.139883395419329729e-05,2.112346825906683185e-04,8.675351313503648371e-04,2.236404469016909670e-04,3.235557446024421226e-06,6.406692382170127268e-05,8.554955102027785030e-02,1.524364259056455173e-01,1.501939218166463506e-03,3.604253980147668901e-02,3.888048569984609015e-02,2.999301039585332285e-02,6.427502627765945865e-03,3.799362826333978695e-08,1.000849561049193918e-02,1.530098451038154009e-03,3.166993108684438185e-04,4.179982932517750546e-05,4.726500983305204529e-04,1.518634390978184008e-04,4.985490669575027468e-07,4.161083269945910126e-04,1.409639375191520179e-04,3.487342699781001095e-05,4.544011767915764194e-02,4.906647787599251534e-03,2.499306645012638103e-03,6.908713270801590707e-03,4.982425072203420802e-05,1.229677343762302245e-03,7.236389083134425159e-06,1.385575549417970322e-05,1.704141838005824791e-02,1.912724325178741941e-02,1.208971990555937712e-03,9.227611654609433104e-06,4.050348482447935058e-06,5.095313819760528091e-05,3.593069701644456787e-04,5.785426764115074308e-05,3.590308422792598303e-05,1.484388364447551461e-03,2.271137430986260464e-03,1.468921639123387012e-03,5.020273719840235599e-06,3.645848885788318164e-04,1.371392387776808038e-04,6.050870458347769754e-04,5.242485693792260041e-04,8.456391521329624029e-07,1.327057794932001711e-02,1.347699700282319231e-02,1.023279119934735258e-05,4.748331473801089024e-04,6.539829071250642147e-03,1.460960346114373515e-04,1.643300339137212631e-06,1.195668256865392879e-03,1.224179923108974178e-03,1.223812197810493366e-03,1.152686495305760919e-05,3.106293429830570430e-03,8.232339268802232185e-04,1.798081596103852028e-03,1.127562120447239994e-04,1.586497848719567796e-04,2.070329520537753792e-02,3.092168103150466857e-04,3.951064393271004095e-03,4.633698161737357345e-03,3.099754368051150483e-08,6.124690288947054560e-04,2.044643484606563366e-02,3.329180304792620556e-03,1.124191538179189227e-03,3.141837332424550749e-03,2.042735427317117256e-05,3.281751933823274636e-03,1.028990365724859928e-03,3.497031618192833480e-02,6.446795544114430898e-02,5.740779546828306962e-02,1.340837065954191276e-01,1.051094417368746365e-03,2.119261934282026198e-03,4.343881937080136989e-06,1.163565188036328753e-04,2.646272250392326837e-05,1.542563161507851848e-03,3.995937134769085401e-03,2.166768126960874011e-03,1.173507979179141650e-06,6.826881603921655661e-04,1.348738394722962094e-04,8.357993149549820149e-05,8.540499001317728377e-05,1.373413308387039840e-03,1.091560574226298121e-04,3.400970968486939205e-04,9.179062187182963938e-05,1.644779317423448496e-03,2.583614596736137162e-05,3.240645127791028091e-03,4.917522143318665655e-03,7.369103314362382808e-04,3.225011197932412782e-08,6.055431785101832512e-04,3.882318743594596758e-04,3.998948028650659101e-04,6.456602989321465820e-05,3.358319255712146089e-06,3.637555089267593533e-05,1.665679600123571484e-03,2.662117775675960682e-05,1.847391729630109246e-03
1.153497305764840386e-03,4.883222467158433028e-04,3.020436715836508571e-07,5.728697034352823031e-06,6.648313125365003027e-06,2.330828980573229397e-04,1.110217213486109581e-03,1.058567475257787610e-03,7.287292194195101307e-04,6.178913452663419622e-04,7.276027707956392472e-05,8.268065829153242383e-03,1.880059683754066110e-02,1.919178457699396642e-02,1.048746707361500330e-02,3.893397281895043596e-03,2.133086485533098112e-02,1.130592484646132830e-02,2.626413042803163542e-03,4.140501293671642116e-03,5.773909871940507282e-02,5.305138390728336012e-02,3.953761420293960133e-02,7.177629799413583200e-02,3.823913085163628545e-02,1.756327009654331806e-01,2.078469521143939264e-02,1.571497486160931822e-02,2.521738328776211048e-03,2.449874596470248597e-05,2.737538904266156176e-03,8.851442049398362680e-05,1.695583207433912297e-04,8.445798302733464186e-04,1.064954466632802264e-02,1.045804441297874116e-02,1.643507170169830958e-02,1.730502757839341710e-02,9.667948772401143906e-03,4.509994586428438257e-02,3.321119843395552856e-02,1.845657190651667223e-02,3.588581634094292760e-02,3.886109553450965617e-03,3.520750478074589906e-02,6.135178512238898679e-02,9.743635055713701504e-03,3.067290394585682050e-05,5.661386745569555769e-03,8.812353979792795708e-03,3.824834423795948467e-04,1.408110051182467594e-05,9.958466113282116779e-04,3.782670430067749012e-04,1.361489883695999204e-03,1.804555462385620465e-02,9.440429733425787081e-04,9.744643646064562190e-04,4.150607455473933232e-08,4.066601515878740615e-05,8.106717042389769909e-03,1.353965355013487300e-03,9.671443298714961891e-04,1.729087364287908157e-02,5.228167587580312241e-03,4.390482984286607319e-04,2.087741359868755184e-03,4.232477609777408314e-05,1.091168140741353494e-04,1.526165904094920248e-05,1.523027560217283735e-03,2.099171130463204412e-03,7.639090332826899794e-04,2.117572432226913080e-04,1.084854839599227495e-03,7.039622091075315900e-05,1.466387438059582517e-03,1.932474150938685418e-07,4.712345056410140176e-03,7.646151044263366712e-07,2.804474005247383552e-05,2.708329681760914421e-03,3.934952954101835106e-04,6.217361283645687691e-05,3.811994937269333732e-03,3.994423608461443215e-04,1.599379518191121851e-04,6.745533468987001315e-04,1.067550986884110249e-03,5.041118954320712763e-04,7.199856101690833843e-03,7.864829578755915852e-04,8.382922556783874548e-04,1.090245346490977939e-03,1.094755388239369853e-02,1.392150635027718898e-05,2.881054004577247407e-04,2.537758778914822017e-05,2.981912406797008162e-03,1.103360700449200222e-03,2.171583205229404747e-04,5.276493838605601349e-04,1.153100032821652760e-04,2.117763584028175343e-07,2.317540798355246021e-05,9.780852099549125164e-05,2.586994044606864655e-03,1.108699553416560941e-03,7.464454547881869137e-04,7.135677623848963366e-04,5.206378446113201289e-04,2.842552214167011742e-03,9.241717426162818563e-03,2.735437723613494063e-03,1.215585732651201616e-02,5.154126116443070657e-04,2.697397460508908600e-03,2.873135572110296416e-05,5.164686448467976660e-04,3.609657130996087298e-03,4.126905801814409296e-03,3.501576996812014609e-03,2.867323641876126650e-03,5.450825767556171514e-02,3.827583240536288484e-02,1.182668438967944199e-02,4.757103804551159054e-02,7.316857896650667825e-02,5.608438648793644121e-02,5.286991756899788938e-03,1.919286376465483869e-03,8.283868953663466777e-04,6.803023251062320620e-05,4.867766076439709774e-05,6.132782990482700666e-05,1.625620257235620944e-05,1.103659827512101614e-02,4.222991857780894649e-03,4.803458594108063641e-05,3.425527683054789205e-03,1.562049233689109546e-03,5.726981493580549781e-02,4.264617573732751472e-03,4.796891046605922422e-03,2.690348547217005434e-02,2.957928532114043052e-02,2.515532005440022922e-02,4.255395597269453871e-03,2.098686752369453411e-03,2.807465464746275105e-02,6.139090627381596586e-04,1.300039200743993272e-04,1.716222563667172069e-04,2.349097680213015887e-05,6.536534955452635940e-04,3.356498962200724773e-03,1.823361393847362127e-04,1.644621059843202416e-03,1.191225945464229470e-04,7.314521127784734660e-04,6.195338308084711925e-04,8.025799490083481303e-04,2.851865978986342382e-04,8.638514753255892051e-06,1.191284890370856390e-03,1.335448821855016264e-03,1.570261949895014305e-04,1.103093850350143901e-02,1.242099054972093820e-05,2.358678493585370721e-04,2.396070343319059144e-04,1.970700243824392527e-05,4.495215784449356489e-03,1.218646279055229540e-03,3.320103835539570288e-03,8.015929618397280411e-04,1.391367362916676578e-05,3.447358664469837852e-03,4.582818761424887989e-06,6.047247624748082863e-04,3.187948413589673704e-04,3.717524954363664747e-03,2.202196484723851241e-04,1.520660548341988800e-07,1.840474163149569738e-03,1.598300509828888072e-03,1.815697285721139037e-03,1.612768574975316808e-03,1.241292975628156660e-05,7.258653868537256115e-04,1.597601459219684123e-04,4.034337714667188203e-04,2.044357480192361145e-04,1.820753194802642591e-03,3.266887392443285120e-04,5.639249062576818985e-04,2.536716801929589631e-03,3.888291243694609947e-03,4.072434332878569103e-03,2.433731325601190890e-02,4.193546292841351464e-04,3.300782457171138573e-07,2.363196392554363443e-04,4.936685829465538257e-04,3.503721213612449458e-04,9.064684057286241008e-04,2.989489745160263477e-03,5.882276169504423169e-04,6.813012032408241690e-05,1.162389649320846413e-04,4.725602008948180323e-06,2.209128420498925429e-04,2.424413417909730088e-03,6.068579463273621015e-03,1.891123942229432260e-03,2.054888069530109854e-04,1.960276532070929741e-04,5.250552966610209128e-07,1.459353461143622676e-03,8.196335230472052156e-04,4.138854186761489057e-03,5.116626501017259784e-03,2.831447950181204942e-03,8.534176490444375304e-03,1.885819531829293987e-04,2.150275393944191580e-05,6.161481329020980285e-04,9.128905354298647411e-06,3.605477326132035601e-03,3.950353535609942013e-03,1.813804659617532277e-03,5.181637884413608976e-04
8.969747104041912375e-04,1.141699282631133321e-04,4.919548112235874228e-05,5.687849093826316104e-04,2.095437224041511162e-04,2.070567808265721935e-05,5.421932009539671103e-03,6.988961408465130124e-04,1.951484764897187547e-03,1.911987973073387467e-03,1.401038458260883300e-03,2.870439516805390386e-03,5.653010904823304802e-03,1.104043567907185552e-02,3.811348971932405211e-02,3.099884185979577544e-02,6.027499833747463828e-03,6.201238618482226780e-03,2.524899944085741768e-02,2.348976142272886369e-02,1.657775089698590443e-02,1.544970760504062526e-02,1.562975810165673218e-02,1.080129185533560722e-02,1.541243340603654782e-02,2.078469521143939264e-02,1.700679113078857330e-01,5.762303082826454592e-02,1.448815514851259931e-03,3.203441700936989129e-05,1.452769169460855039e-04,1.358263552862799224e-05,1.598907027948212698e-04,7.823120089118928034e-05,1.228775905025461960e-06,7.866486515017866767e-06,3.134498102192653096e-03,1.617242306702748448e-04,3.034323818538278619e-03,1.169866346191243515e-03,1.160342763709014402e-02,1.628026185798459166e-03,3.922605722449591160e-04,9.884237246604139434e-05,4.214917311116979717e-03,3.858500671917061697e-02,5.442830244170567509e-03,7.251349431706215188e-06,6.845992598993605330e-04,5.307065010432907709e-04,1.362263182478733836e-06,6.286186050170287226e-04,1.720753291714320230e-03,3.164974131512228277e-03,2.118067742157995603e-03,5.063226456817741285e-03,2.824911590881201786e-07,7.915660879382573807e-06,1.748871722876480233e-05,1.163468517069305417e-05,1.319610546934668431e-04,2.171695646247557979e-04,4.708383927335014346e-03,4.013120768890565161e-03,9.149166414198552436e-03,1.573936088340570052e-06,1.940244984356314815e-03,5.043901787455336337e-04,2.606417803437014271e-04,1.084536482627410352e-03,1.181447585700972253e-04,2.941514321036443048e-06,5.122217541028724824e-08,2.369518607236616170e-03,1.407833338268890157e-03,9.221885231759302049e-04,3.550492604091869120e-04,1.145526151200665279e-03,3.877112039741671483e-04,6.517109808600707972e-04,7.483987726363388812e-03,1.054080823554524697e-03,4.963809706091511231e-03,3.544164920668512603e-03,1.409298721640613386e-02,5.195755040429027131e-03,2.041174256422484574e-03,2.031346840363065873e-03,7.924091696765802467e-03,5.752497410776442183e-05,9.063945928870045451e-03,1.469172628040085575e-03,1.133166915773423794e-03,5.171888326619774982e-03,3.143454137024978556e-03,5.905624311524952045e-04,6.056318323147144885e-07,9.141802583592141280e-04,1.165543487882491312e-02,4.493435214234853432e-03,7.128042023886248897e-04,1.461489352757029919e-04,1.927104955300529342e-05,2.128112976942595218e-04,4.536920284238471035e-04,2.351932184745962932e-04,2.218763667692599459e-03,3.299874020404559502e-03,4.553780921831458175e-04,1.465449798364726938e-03,3.449308411373323315e-03,4.798097170719252077e-04,8.616073409225542476e-03,5.974609775009437351e-02,1.088940961677324626e-02,1.146608803295397563e-02,3.222911282018796624e-04,2.130536444502264051e-02,7.196433155754383693e-03,1.175428712504767462e-04,6.096585264132189062e-03,2.026397899580245979e-02,2.264335023581784748e-02,2.045822818913103913e-02,2.034254154244302323e-02,9.718441518895913622e-03,6.392739091754053721e-03,1.995859376841543562e-02,2.689159196403916041e-02,8.068436384422482399e-02,1.489604546611484649e-03,8.647987905525471818e-05,1.181561066916084137e-04,1.059391460915713225e-07,2.216342083812113063e-04,2.104066534439096904e-04,9.292765845223647397e-05,1.166259369199354359e-04,5.974562913158156614e-05,1.662938626720074662e-05,1.066951323744303114e-08,5.208137274995667566e-03,2.292561175505502418e-04,1.909664722403146353e-03,5.416499898061888710e-03,2.826511797532901132e-03,2.748563166091469445e-03,7.115837007614277067e-05,2.055478467876505701e-07,7.046399643249051312e-03,5.594710137138608953e-05,2.121423547872775149e-05,8.604283667174188513e-05,3.775359187717907132e-04,1.298076846011034534e-05,5.356930698335388629e-05,2.618611534288362038e-05,1.642985697485542960e-05,1.815014098417423673e-04,2.155531702052039631e-04,2.195665491548883051e-03,3.820439349368077563e-03,1.285913827700601057e-03,7.812047966215496199e-04,7.353797482483852937e-06,2.283868535934327991e-04,4.407027580158058956e-04,2.366863824412656460e-06,4.646886286112825409e-04,4.117121515404495237e-07,2.716596662235918822e-03,1.573209326410449126e-03,2.098303771953595432e-04,2.074770309578303129e-04,1.184915309854132358e-09,3.775959331771921686e-05,4.298782507654330155e-04,3.190602701676203425e-04,4.174680114957769137e-05,6.145121584065710643e-04,1.509639796562441182e-04,3.930153511776313173e-05,2.490989912787567630e-03,4.279910667366314822e-04,8.275819848990408127e-06,1.298280654802135654e-03,1.492906133736399132e-04,3.611827032331923261e-05,1.694266680779349062e-04,6.793125319424558536e-03,2.413578193172952885e-03,4.585733656450681939e-04,9.033075363399692935e-04,1.671285776706215730e-04,3.185343005784104390e-07,6.020492528264897872e-04,1.017031879245117870e-02,9.415393211764310280e-03,3.877205779979857499e-03,1.108320561992508224e-02,1.562011099528435925e-03,5.245055253610906567e-04,1.514644511269769480e-06,1.276972340488009665e-03,8.466975532704472396e-06,8.111331009458574819e-04,1.965106634916778325e-03,3.223150942825982689e-04,7.823493775670141664e-05,7.908155330499144807e-05,9.701853058572073273e-04,1.748682643681652588e-07,2.001024632355763357e-03,6.184029317416196367e-03,1.068302203523065078e-03,7.558829455907038420e-07,1.069222446038776758e-03,4.027171548996369812e-04,1.637035895439830800e-03,1.101890677437834028e-03,4.027952287439607280e-03,1.315544426841099663e-03,2.329602460081730154e-03,4.641178984896338240e-03,7.878738042732907855e-04,1.197442615429721458e-04,4.971521586916311517e-05,2.010821256230466841e-04,1.715666630713809761e-03,3.052669107272195943e-03,2.267889347550259335e-03,1.251327212606887168e-03
2.029691409403269558e-05,2.379025302101740920e-04,1.016012329387205366e-04,1.224992610839709594e-03,2.580231053316606876e-03,8.944546478899092687e-05,4.898738742594672198e-05,1.243634103556019851e-03,6.255097694221511051e-04,7.900686199105817417e-04,5.646564545583276874e-04,2.842630106476784491e-03,3.077558241647863815e-03,5.055355993480939968e-03,1.559504656252819546e-02,1.158411057875127943e-02,3.153858108731935617e-03,3.158294173817552224e-03,4.370466780382548447e-03,5.232149747379362566e-03,2.400968323594578763e-02,4.267382838293123926e-02,1.012506358033155897e-02,1.108407032035479620e-02,3.625991593994210005e-02,1.571497486160931822e-02,5.762303082826454592e-02,1.468812479487353051e-01,8.973972406645501650e-05,1.014081161458121622e-03,6.745553284602906995e-05,1.013453774882327020e-03,9.938904446672703306e-04,1.426830559529731330e-04,2.037156581053326757e-07,3.186922702705110420e-08,2.278052214666503080e-04,1.078593011568961451e-04,6.506905691127089914e-03,2.161195384627888436e-03,4.038627511058335770e-03,5.217806440468513406e-04,7.318012964639695800e-05,1.659660959555694481e-04,1.359141669818375098e-04,4.694281119412758302e-02,2.469724346226780110e-02,1.760201574143079801e-05,9.364714134610503627e-04,5.328639368630022027e-06,1.942065754619915543e-06,7.051684135096978863e-04,2.171882198943800766e-07,5.068165156346987783e-04,3.082094464173632973e-04,3.691877915894123657e-03,8.420807144061827722e-05,7.824174388462333193e-05,2.863946222154630920e-06,4.045883794201351551e-06,2.036065586442049397e-05,4.055432029070189760e-05,2.146144723757194631e-02,8.155867824290714482e-03,2.600735434751481542e-02,3.677003200841126368e-05,5.077743489391135052e-04,4.528524121772640608e-04,4.110203110194607200e-06,1.058419346672125791e-05,4.392997032766643721e-04,1.289525826793831449e-04,8.995020317339249985e-04,1.212553014244698604e-04,3.959058180215318037e-03,1.287063184343065735e-03,2.364633047154990244e-04,1.725693914631615104e-08,2.319477598858657113e-05,6.564543351573612828e-04,4.140962195778445957e-04,6.561128106938213557e-07,1.243378809318296946e-02,3.250671731881469174e-03,2.889974260358491726e-02,2.742571955270884168e-02,1.174905289664444040e-02,4.530531261595744058e-04,1.328418426204780456e-02,3.644288185894778605e-04,2.055780981523596534e-02,6.253467002689490958e-04,2.026122237572360716e-05,2.872721830118492997e-03,3.963293068184523676e-03,8.611796968946039844e-04,9.355887763059147350e-04,4.273059156482681472e-04,5.639427554999874165e-02,2.459567765158390817e-02,4.142334739971857021e-04,1.936786771708072031e-03,8.119566746823770947e-04,6.390409881135340405e-07,1.449841269246811152e-03,1.136111024178646043e-03,4.803411357775213479e-04,7.564320153000520484e-04,4.063860971671942075e-06,1.499157844617916072e-05,2.868740380217149589e-04,4.053978920527471895e-05,2.342853140333744401e-03,2.879428008332417938e-02,1.722256427159036358e-03,2.274686624615485358e-03,1.783436154853014748e-05,6.866696060763974839e-03,3.077681823420321157e-03,1.798394886834413680e-07,3.200699258731902648e-04,4.660979145855791844e-03,7.454253676722296350e-03,4.791074623263237575e-02,6.056250716872720041e-02,7.605963039087634478e-03,8.964556694264708483e-03,2.490324864662902399e-02,2.410962134118874167e-02,2.530129292679517139e-02,1.965889838439971231e-06,3.077564703457350828e-04,1.824284508569596610e-03,1.377625801868713733e-03,4.497678275231059125e-05,1.135356669665418729e-03,5.254891050836704026e-06,2.075647130792130548e-05,1.668418033071484641e-03,2.007393210183991837e-05,2.455970412432718865e-04,1.520429328291769428e-03,3.672653381734280098e-05,4.939990890627460676e-04,4.780678672256614102e-03,9.558857694421587104e-04,2.563726819007095003e-04,1.214629089200129137e-04,5.349708309043620883e-04,5.458169747582905865e-03,6.404998849678055200e-04,1.242533372054229314e-03,5.313770868966646328e-05,6.966174865246085187e-06,7.809294072829467111e-05,2.862113517506464607e-06,4.139227222656618826e-04,2.084165306480800610e-04,1.220510438439456732e-04,1.081882274020735593e-04,4.658457878616461992e-04,9.369474040708369433e-04,4.079851679893347277e-06,2.103795933215369240e-07,7.037072231302753816e-06,6.821497588619919667e-06,1.745267190668153140e-03,1.931925283846719701e-03,2.871896012468262184e-03,4.399100867448402685e-04,7.319155233480092722e-05,5.365364411783299736e-06,6.576775045675824433e-04,7.723638494207259002e-04,2.362136279094951879e-04,1.510805961340057052e-05,6.951332852504855352e-06,6.891179004298027533e-06,1.279205914783895567e-05,3.075505710956580145e-03,2.881093643715706650e-04,4.474839421838920742e-05,2.026625423252996844e-05,1.904597850487357901e-03,4.015370440905254891e-04,2.361566719580279912e-04,1.906327251196484761e-04,3.767758438089874014e-04,2.620024815490622051e-05,1.030799316492334028e-02,2.774227989085407530e-03,3.644592906935096704e-05,1.996212518463465169e-04,1.987608627056564308e-03,1.471552628412734712e-03,6.723560014777966564e-04,1.202148337887300016e-02,4.237601776863701014e-02,2.137266276479128299e-02,4.746550761732910850e-02,5.783727725355050338e-05,7.037072231302753816e-06,4.894364679812681929e-05,1.164949993117313044e-06,2.177254789395036366e-04,7.727403042359785911e-04,2.580136048094340377e-03,9.754884341998860562e-04,3.667760724770284070e-05,2.016524338315785645e-05,2.314053668185658765e-05,1.505478712644129182e-05,1.619319450639114489e-03,3.250234828107214161e-03,9.556057157285455456e-04,7.900169708854986716e-04,1.021596944701118245e-04,2.460494017559655571e-08,8.404297353351986423e-05,2.089478542418184669e-04,6.111493518875221395e-03,1.932104383924557970e-03,2.128686985635315412e-03,3.144674976369289318e-03,3.298944953196533448e-05,4.059897183063136320e-05,1.085572707794857047e-04,1.072716063750320513e-05,1.424819159470060333e-03,6.256873868766990240e-03,6.254425295578574509e-04,1.932005510903863580e-03
2.579006768260085417e-02,1.683156285183842055e-02,5.825458233718406112e-03,1.136053205280680017e-02,2.276539362442856276e-02,1.838598246022369806e-02,3.728984066078979819e-03,7.388380407991201751e-04,1.520099740766874073e-03,4.795081169776468791e-04,9.745881860296463049e-04,1.265995411185595783e-03,2.940225071343633562e-03,5.230407541492832629e-03,2.671142589491671128e-04,4.410072250051405920e-04,3.888610873885102980e-03,3.663364520009402842e-03,2.074829425133106059e-03,1.311849796709849050e-03,1.878105839282040272e-03,1.594849374420712063e-03,1.332867264593679815e-03,3.110803855328403682e-03,5.356992941482395174e-03,2.521738328776211048e-03,1.448815514851259931e-03,8.973972406645501650e-05,1.631992314426794211e-01,5.283556182629135095e-02,2.631330910596410208e-02,1.250484765212647904e-02,7.281478796585754906e-03,2.869978348543198582e-02,8.272855495021099598e-03,1.577896785150199183e-02,3.433933102290611435e-03,1.013116337613814005e-02,7.822719100323798427e-03,1.641326158144129285e-02,2.740831023248251844e-03,2.644617700834183804e-03,6.508022905839822882e-03,3.728675857946910869e-03,1.069395922756717285e-02,4.080513341303083907e-03,5.332679957442901654e-05,2.971891973977718515e-04,9.362549095041068723e-04,5.952423164230760590e-04,9.172309170470159057e-04,1.215664775728253965e-04,2.186153506692925606e-03,6.014503185985107560e-03,2.558523249535206781e-04,8.964152638645434684e-03,5.402124212750020193e-02,1.371905100072843761e-02,8.048495532179582648e-03,2.479604163358303109e-02,5.947000669817073797e-04,1.328323789936932363e-02,3.842910401332478697e-03,1.584285875423390583e-02,1.336131176777924368e-02,3.358130892496273903e-03,1.062932460351116194e-02,8.394347029945175924e-05,2.245097539896574648e-03,1.429730232970835698e-04,2.558514834536408634e-04,1.510541266356439851e-05,9.625960604395895556e-03,3.192685187253098780e-04,1.825663663898508861e-04,7.557635244285618907e-04,4.526443280707810948e-03,5.960722374385502281e-07,5.499889131816671720e-04,3.416065538966279948e-04,1.275221204619929365e-05,1.282707618790258782e-05,4.013577640935308785e-04,1.019021780068234346e-04,6.969761629933947206e-06,2.364305098162931482e-03,6.063450635086606311e-03,2.457133709225676101e-08,2.658940529268620837e-04,3.009234987693795195e-03,4.080508090264195143e-06,2.865732135718984837e-04,8.787127356727287078e-03,8.256028480185337998e-04,3.432770639147925910e-03,2.519585872694548104e-02,5.359614948323561563e-03,3.111073094021196001e-03,9.552681495026023577e-04,5.423951760833288566e-06,3.344517731883595718e-02,7.308834833788981078e-02,9.707459236586810786e-03,2.828654600734604313e-02,4.343599264806158322e-02,3.448570366001763032e-02,2.807513907243412970e-03,2.940295051946343382e-03,1.568772391335071298e-03,1.960010740711511969e-03,4.796584780573938498e-04,1.024521760519942100e-02,1.184501887402641084e-02,2.612121007419189629e-03,9.265894887416617834e-03,1.932520514883852856e-03,1.136143051531895987e-02,1.094964189003564022e-03,3.805431927671692680e-03,5.328659017665614978e-03,4.657600416099489521e-03,4.489880853875440753e-03,1.379939367411148980e-03,2.614288792227795720e-03,1.906212812723426979e-03,5.945385232060327848e-04,1.229619265762015891e-02,6.458145175344738066e-03,4.077982964217167008e-03,6.210466785355305518e-03,5.415427655560464681e-02,3.783827564876949406e-02,1.864786696743528371e-02,9.082683641481256384e-03,1.578199344329473883e-02,3.266476516965052118e-02,6.374754352960881713e-03,1.318621619483425177e-02,1.680142634814766819e-02,1.977945988276536352e-02,1.102350714661297880e-02,2.559042177929624420e-02,2.155414722003265102e-02,5.919738656071297893e-03,3.007317188764439646e-03,1.448334517712316499e-03,7.390419571418869321e-03,1.265248581653170140e-03,4.240594671189947679e-03,1.764138807149014457e-02,3.881888244351842151e-03,2.048230244872391650e-02,1.274583959835376826e-05,1.507227601710254967e-05,2.322131329569038899e-05,1.510676875861435077e-05,1.332290252096762816e-03,4.484899913489000245e-03,4.396788059258451443e-04,6.271939383006832280e-05,4.911092855751125058e-03,9.933526314569922008e-03,1.094469598754851947e-03,3.219313631109032431e-02,9.362355439122518235e-04,9.396570003728692624e-03,4.697991938381086696e-03,1.820663549049602106e-02,8.215004424856528140e-03,2.644287666005819878e-03,1.424771195314120586e-03,3.921268331215819851e-03,6.270592839870725338e-05,2.613125150044174998e-03,2.953244901227513648e-05,6.966274592554353405e-03,7.334751763015281631e-03,3.768952078410016545e-04,4.867595463283976888e-03,1.720122579619578172e-03,1.085732408830706165e-04,6.258287428489913221e-03,1.505312234557089053e-04,6.559036381452909917e-03,2.905879795548427149e-03,2.071832407217049591e-03,7.306381720010534351e-05,3.415732122922780670e-04,2.955979038910627220e-05,4.796712880106375650e-04,3.768415407588876389e-04,8.804487428067809662e-04,1.136037264649776600e-03,1.401225126850404526e-02,7.070693814435167167e-03,1.271593504385650983e-02,1.013840694025436306e-03,8.393382372242562091e-05,2.016031714338269252e-03,6.864227943729746782e-03,4.911370316159395510e-03,3.191496862342436003e-04,4.014662231515395726e-04,4.279012280683826448e-03,1.386507642088847560e-02,4.360596534339533994e-03,2.905868504223311360e-03,7.283155426373673705e-03,5.426004373432754105e-06,1.188117978580562204e-06,2.971504773406253457e-04,1.018892352635468571e-04,2.100248207679696229e-03,3.843067099519645920e-03,8.397418716160792750e-05,3.467019152946000486e-03,1.694886447644397727e-03,4.660328641260869423e-04,1.771907052431794015e-03,8.435572863146052584e-04,4.911370316159395510e-03,2.333891075159007320e-03,2.839216110862967553e-03,4.078259239031886176e-03,6.021890011268628214e-07,6.043198561096648343e-07,4.795455236826044461e-04,2.178194359882940610e-04,4.139469792960386810e-04,7.556788632705027957e-04,4.079023494075297128e-06,2.865333108789866186e-04
3.543135130083777118e-02,3.470826057501821826e-02,2.895892756928911214e-03,3.843239602108057540e-02,7.301149713940803532e-02,9.617626053713143608e-02,1.525141141332010154e-03,3.347699452186656189e-05,6.584162299846800558e-04,1.134445896832786633e-06,2.364754813505682521e-04,1.355059043992802122e-05,1.382973398605554178e-03,1.696065859644228097e-02,2.381195761248991319e-04,1.036503448544978627e-06,2.326146318345904181e-03,1.666957868466840964e-02,4.879896254307606001e-04,8.657112909903747194e-05,4.481899793252990249e-05,1.534329457317684230e-03,2.240248800517109708e-05,9.384663193847993115e-04,1.573031181082394105e-04,2.449874596470248597e-05,3.203441700936989129e-05,1.014081161458121622e-03,5.283556182629135095e-02,2.476308219373853092e-01,1.129053994205200528e-01,3.748622636222097293e-02,1.569101688938060596e-02,6.506375219998362935e-02,1.961416242881718758e-02,2.125087485200681178e-02,1.254686695563679566e-02,1.669792973465456659e-02,2.344027350096982917e-02,1.734356807577475817e-02,2.457730203198576872e-03,2.913683999522166668e-03,8.980046450603568556e-03,1.290960734850136972e-03,5.052410345880904881e-03,1.311901822410056751e-04,1.932713662246449973e-04,2.155882828548437782e-03,5.808486234694611909e-04,5.589502572227129712e-05,4.919852354243868942e-05,2.262286487503979151e-04,1.757476738962067783e-05,1.664942292209780012e-03,2.279927800081634346e-05,6.282108685225148981e-04,7.204371917774400613e-02,2.877435461762173439e-03,1.781322940664207015e-03,1.633193499392529210e-02,1.776573624935120837e-03,4.912094067863494867e-03,2.831799882437376826e-06,1.222002983744645103e-02,8.519107686622957865e-03,1.690800771683023370e-03,7.422912524389358151e-05,2.423003621442399239e-03,1.030122462742414436e-05,1.328808861945052775e-03,1.306367116530228510e-03,1.681568861940953376e-06,1.349812403825549970e-03,6.627172801705552172e-04,5.225095800936073454e-03,8.812490918143640189e-04,1.212539598290150007e-04,2.706693411645465035e-04,2.757666885686079904e-04,2.750762507977636538e-04,9.157625574292136599e-04,2.907770571834566845e-04,2.303394556487113392e-05,2.323700426610552977e-05,1.998057325653141033e-04,1.828055030950327241e-03,3.086502232652285540e-03,1.175289418070769995e-03,4.258377730455666695e-04,1.556931418939114578e-04,4.691112430961032372e-03,1.285310134952822874e-05,1.095492180198525366e-03,8.609239610308524289e-04,4.597749654152542966e-05,2.694042071436161465e-02,1.690664318613088714e-06,7.859924625784297765e-04,6.007532785338897535e-03,2.369117789980422018e-04,9.502067409533250519e-02,1.291992884258655327e-01,2.062687573090764281e-02,6.925087908741578424e-02,9.541439014100687455e-02,9.883956035892263459e-02,1.000198393877626581e-03,1.038133108022472372e-03,1.012745705421019132e-03,5.469177842521617556e-04,4.956155716627708629e-04,2.257766607175999002e-02,2.512424605018338461e-02,1.073403663493267112e-05,6.577224862029686786e-03,1.736919747556516232e-05,4.514718590354507149e-02,3.949675720357768077e-05,6.268966370223143757e-03,2.739419713936499384e-02,2.991294026388176611e-03,3.131091892740090529e-03,1.628915616834890226e-05,2.713100571695825744e-04,1.022940455782492654e-03,1.569585016928111388e-04,5.545622026229726775e-03,4.173132007776412513e-04,5.613349387585078699e-07,3.155520833319724622e-03,3.833976275250496057e-02,5.581545802053310829e-02,2.486338944638939730e-02,6.819158120156886688e-03,1.139238300861148724e-02,6.804448112932134918e-02,2.875052499272198747e-02,4.173483263108466318e-02,2.120124274243233298e-02,5.698886873260530783e-02,5.190870708970376363e-02,3.603654815762540042e-02,6.240528627344019835e-02,6.174956802418419578e-03,4.235124510027262444e-03,4.875286175025791979e-03,1.197357241710377690e-02,3.847510899366808190e-03,4.711983848181092518e-03,1.551082126231785770e-02,9.984541666370203364e-03,1.325312970506293403e-02,2.256698182099232261e-05,1.510805961340057052e-05,2.903269012582139854e-04,6.431024765034178492e-06,2.708623088752745017e-03,4.732748274525881357e-03,1.926900997873344420e-05,3.759642198380595476e-04,6.204053373260179013e-03,4.207071113743346066e-03,9.751118721231803906e-04,1.475169720938759865e-02,2.634921078810631228e-04,1.745095694991865079e-02,1.065362198661644333e-02,2.793576721011033909e-02,5.575924818326019258e-03,1.245321291350481743e-05,1.165455408158742103e-04,1.727307176079898659e-06,1.850820237988122464e-04,3.190796697006878079e-03,1.445126068518267151e-03,7.772759347237439935e-03,1.198199120220364748e-03,1.607320891726817902e-04,2.705412098861634945e-03,5.368774641637253080e-04,2.834298883875142484e-05,3.607695389633862239e-03,2.272851773607070705e-04,1.173129900630390070e-02,1.241370058609329082e-03,7.081980298654309272e-04,4.897706042359051578e-06,4.272896242187908819e-04,3.203589574999748946e-04,3.791572965381678024e-04,4.813147687648403538e-04,2.048480619885768026e-04,1.234057018727314061e-06,1.264166192184530343e-02,1.076094706828082921e-03,7.999119174734040452e-03,5.511157230546735600e-04,1.032368387805009364e-05,7.697040795683887313e-05,4.758890728098052331e-04,9.380157802130188087e-04,7.703038466188177359e-05,1.138788163148462548e-04,4.816366520314511513e-04,1.461307691873780373e-02,3.726218919814048170e-03,7.278679947815456901e-03,7.241890780295904238e-03,1.083237544869670023e-04,4.429424831804474064e-06,1.234057018727314061e-06,2.867411471741023453e-06,4.618635284497714724e-03,4.520932012335119113e-03,3.335381393005537078e-05,1.155100206018691306e-03,2.018485440223105403e-04,8.413455254762950883e-05,2.567661240697784457e-04,1.329939492078184813e-06,3.289903582032704422e-03,2.184051567503579074e-03,1.287842035676249139e-05,6.377496360327806514e-04,5.813683513150811737e-05,8.868717353060461266e-06,4.399607887520025401e-06,1.765778441626026675e-04,1.262696448103104014e-05,1.422473140608255344e-03,5.934232043498213933e-04,2.591533916441526050e-05
3.200923291180077235e-02,1.806497416248078330e-02,4.464644780355605039e-03,4.081969158309713824e-02,6.538001839532442405e-02,7.324858251085818173e-02,1.199465888546961088e-03,1.736759732670416787e-03,1.049066122824757934e-04,3.045926061466831532e-04,2.040851282057346317e-05,3.950044889378441330e-03,1.878230930868809816e-03,1.611279723428151248e-02,4.518468649332562531e-04,6.331576347871719062e-04,8.626816666952580662e-03,2.061068629533376745e-02,1.129422882776878814e-05,1.320460378712629262e-03,4.110318690273149144e-04,8.373460762710465419e-04,2.703735802233659573e-05,2.994108608817373784e-03,1.332394895662220198e-02,2.737538904266156176e-03,1.452769169460855039e-04,6.745553284602906995e-05,2.631330910596410208e-02,1.129053994205200528e-01,2.625312371430248981e-01,2.771410489400878349e-02,2.215152753358669638e-02,4.419795147179646916e-02,9.904148162726731167e-03,1.164467338602798510e-02,1.683805006347813618e-02,3.263282521154079602e-02,5.019935937086712069e-02,2.197491429253316947e-02,2.138725636375456412e-03,3.359939352185198260e-03,9.098388850106489331e-03,1.194817371488596323e-03,1.354313706817742574e-03,1.069479429336698921e-03,2.514346066286860751e-03,1.819251006734607257e-03,7.293453795726224150e-04,1.080729966697523354e-04,2.328305245091438561e-06,1.259194329788629147e-07,4.051762760378752135e-05,1.375489965111286654e-04,2.192563079607571722e-05,1.092553984937897314e-03,3.466301271495351999e-02,3.180282895822746482e-05,6.219047529534847965e-06,1.637367409017165222e-03,5.816714384981560258e-03,2.004481479832171678e-04,8.198851227966511446e-05,7.260500532405768370e-03,1.073330652761104835e-02,1.939852144721515256e-04,4.004946824029046283e-04,4.988808630313856622e-03,1.058976828091452065e-03,3.262024235199050860e-03,3.741325207105918992e-03,1.867761062253602564e-04,3.764761954372415880e-03,1.513563164244192570e-03,9.891349296630562796e-03,1.552863051811261040e-03,1.414275581466643166e-04,3.699236989922663650e-03,1.137616938744698280e-04,2.173525137871630715e-03,2.795572693262712936e-03,7.741277370380967833e-04,5.761513321409388132e-06,3.782526738649739494e-04,3.086267114747368685e-04,1.148820784388902404e-03,2.560581513775828447e-03,5.698729978174048956e-04,7.595157353498070326e-07,1.082806593165764079e-03,1.974594942794208677e-03,4.332096674109217274e-06,8.848396884720860934e-05,1.634381264898207747e-07,9.610702508387675483e-06,1.478161879804216865e-02,8.718102556460985723e-04,3.231594478492147855e-05,2.346245044763130543e-03,2.155208343437103825e-04,7.225900697714565668e-02,1.025986545140458867e-01,1.837995617942012744e-02,4.011286371347163454e-02,1.348696198225638188e-01,8.412053826099158416e-02,3.411189265968800604e-03,2.775737810696562741e-03,2.479641373776016958e-03,1.520782957626924626e-03,7.023226118158833447e-04,4.201564993772853585e-02,1.386802481621246703e-02,4.332096674109217274e-06,7.432921509875556158e-03,1.553625923338310534e-04,5.202236279934827762e-02,3.054574801529716627e-04,6.970740435204484872e-03,3.521885937004930883e-02,3.015884458296197359e-03,7.972561752790035356e-04,1.843833126694211129e-03,9.991080982822921248e-05,1.357543356124733336e-03,4.144169521219173436e-05,2.320763293761448146e-02,1.079282399183539290e-03,1.863687443698102504e-03,3.972720307830350517e-03,8.527658081798342865e-03,7.882625990249020331e-02,7.955545204449561078e-03,1.437216249347057773e-02,4.761856376051051484e-03,5.674479988819579324e-02,1.564888428712438509e-02,2.862019599474440942e-02,4.235615094910517853e-02,7.586378119298922695e-02,6.104809295235252842e-02,6.334482334187985231e-02,5.296984123247874821e-02,4.885218971729606702e-03,4.682447078455077676e-03,7.521542744196761058e-04,1.434250266779272739e-02,6.791392956066677478e-03,6.846242166081715000e-03,2.027771150663446736e-02,2.433747170614831978e-02,1.450358136782443344e-03,4.795187265515691915e-04,2.607165532521768346e-05,1.190247593506401106e-04,1.486001154193109532e-06,5.217686752239929660e-04,2.468295043387401869e-03,8.006091474070094010e-05,1.067486203127188549e-03,3.867445010993784179e-03,5.646644344785699699e-04,2.036335321341214520e-06,6.377229050206187182e-03,1.092326354320668960e-03,4.829225239939868679e-03,1.646065146517054420e-02,3.058107477306592700e-02,8.204541376144923459e-03,1.355807112558879126e-05,8.301330487067537609e-05,5.395793747763836384e-03,5.475837964959219978e-05,9.612562150693121452e-04,3.669503108961410381e-03,9.717907143284821095e-03,8.198851227966511446e-05,2.128488622810936065e-04,1.300831370810110171e-03,8.520724572165883168e-04,5.373744795593805640e-04,1.645094174662036944e-03,8.499804356545922525e-05,2.198564899373801201e-02,5.891669373327028999e-04,1.033529655572704186e-04,5.989037795120201674e-04,1.845799077257764982e-04,4.631827918555427910e-05,1.813233025638717689e-04,7.621461586011812374e-05,3.889289392193283150e-04,2.935613423286097040e-04,7.818419787984365321e-03,7.019203840127836774e-05,2.450954912692976297e-03,3.519531332991866508e-03,1.914028955561199305e-03,2.802061941191559807e-03,1.270426829551424795e-02,1.909143289358539598e-05,7.207432901598286262e-05,1.131100763489203089e-05,3.962767257223498534e-09,1.486099130742955451e-02,4.231014541767674081e-03,6.005695989501156490e-03,1.000715718680712796e-02,7.051687107318228365e-04,2.532972621914510430e-04,1.138151056589107559e-05,4.994858624522178731e-07,1.901591953133483599e-03,4.712889984097932104e-03,1.496730976396273065e-06,1.086274637649225008e-03,4.505259036410921706e-05,1.441836046235342212e-04,1.947303287374871838e-04,1.961675713495196482e-03,4.423198650047807830e-03,3.031436292362565347e-03,3.389077536599903722e-04,6.896223402571106595e-04,1.305562462911021493e-03,5.737843335174491527e-04,2.686560793712659522e-05,2.989098337478638626e-07,1.410366120459032534e-04,1.045683890261728212e-03,9.491032040950626511e-04,1.254258283970836223e-04
2.381389064207871387e-02,1.014962518107533253e-04,7.150641897740002244e-03,8.554016485426124000e-03,7.197260683472891940e-02,7.365431079297291017e-02,9.366904539811496400e-03,1.589519232429436983e-03,1.901591600246598521e-03,6.919448311846201558e-03,6.606676344175711063e-03,2.759802700573076115e-03,1.194202606382203458e-03,4.293124927051712031e-03,6.619682676156858799e-04,2.040005049005850574e-05,1.779682409618298143e-03,1.782935337101151929e-02,4.303400077087107074e-04,5.071984054560982153e-06,7.258359381211256553e-05,2.286366428748247154e-03,2.594419852177545587e-04,2.072469697748741070e-04,1.306067015209566194e-03,8.851442049398362680e-05,1.358263552862799224e-05,1.013453774882327020e-03,1.250484765212647904e-02,3.748622636222097293e-02,2.771410489400878349e-02,1.913864770442394170e-01,9.208136638010222530e-02,1.170431821714175979e-01,1.868933986310960735e-02,2.170153356186384566e-02,1.009091329892626392e-02,2.656237517194592196e-02,3.106471537002247763e-02,1.171807760161270445e-02,3.464101707682693074e-03,5.754370033591314814e-04,2.119896807270911163e-03,1.074453057072825325e-02,8.890577111669104721e-03,5.871143736076141553e-04,5.760670431527121181e-03,1.435356237867284888e-04,5.628682682943424338e-03,8.700650310152306926e-04,2.969632370636351298e-03,3.543417066562659884e-04,4.882455865845237639e-05,1.429830443615303336e-03,1.595204805209449108e-04,6.340954371315288658e-09,4.673828539098047463e-02,4.952303906087045238e-02,2.043661157606082440e-02,4.353100304589852670e-02,5.257009756586635343e-03,3.613910160007061806e-02,1.380671980252027751e-03,1.771645025352075811e-02,1.269081866392481224e-02,2.431100683034180705e-03,2.571276469457300234e-03,1.077166308958604936e-04,1.291238308851734920e-02,1.588468240655445656e-03,3.459988032692311744e-03,8.993417292482942457e-03,2.503087979218148254e-02,1.146290302186182657e-03,1.353699012091256907e-03,7.242585085012879554e-05,1.670544243560911609e-03,5.025230024967066713e-04,8.608296561312835495e-04,3.721019847980605436e-05,5.377435185276898386e-05,1.248523681242740312e-05,4.952286417299270847e-03,5.791366703997030425e-04,3.250561901321829573e-03,1.100717521482193206e-02,1.504347150685621769e-02,2.192042075696867126e-03,4.447056306945521530e-03,3.751108823809362700e-03,6.265305004293986700e-03,5.817622720561151621e-05,4.155015226504813787e-03,4.783849006529308952e-03,8.155875880886579268e-05,8.687394880761264981e-02,1.262026960680427690e-02,2.902527569276678004e-04,1.237933850332549081e-02,9.498381009918713605e-03,5.885895747897700730e-02,2.858261825056484379e-02,1.274750590929503088e-02,1.923135976953145414e-03,5.409419361975382340e-02,8.172271433471529900e-02,1.637307606296771120e-02,1.262697385230076262e-02,1.461616050383686936e-02,7.245444806254577180e-03,1.113504610666026136e-02,3.969603775345073582e-02,1.684064192427017423e-02,2.965865562645480374e-04,6.436659208007482723e-03,3.940973976922452425e-06,2.069608808663974536e-02,5.962340065322738647e-05,4.943894155070660199e-03,2.615977640469968613e-02,2.822027566983378172e-03,3.594372278385235629e-03,5.480661428356446864e-05,6.468799254253987992e-04,6.136807871494257167e-03,1.761035226163163705e-04,4.819010545926974941e-03,2.125535303208129622e-05,5.846220325622043850e-05,6.834831162332115611e-04,2.598185600359821656e-02,2.284464957208861766e-02,9.580161398457677502e-02,5.787924224181123511e-02,3.840878259199894534e-02,1.244948274740071276e-01,2.329766020947435581e-02,2.124250116968961349e-02,4.634410869498681307e-02,5.725416124046903144e-02,5.559621406445825614e-02,1.160528374161940227e-02,3.153136693748374852e-02,1.257538540063002233e-03,2.218695311807250287e-03,4.767040640137003684e-04,9.606190952901315708e-03,3.760986947178218253e-03,2.025808823099582712e-02,3.056023280423370014e-03,2.291907369869140615e-04,4.028449131211697676e-02,2.837519449841622654e-04,2.973874408706967515e-04,4.344276927407532927e-03,3.598158034938578570e-04,3.180034924304497509e-03,4.553018415417912999e-04,7.834514166617202467e-06,3.404180906164221815e-04,1.038759780909590220e-05,2.244300936771562193e-04,1.013158800037246635e-03,1.007031505513839194e-02,5.390031653990373997e-03,3.125525267038288535e-02,5.426132667653123937e-02,1.007031505513839194e-02,1.001593000056083885e-03,1.977484310348407524e-05,2.671745474662258234e-09,5.162046405918022281e-03,1.190955952686995642e-04,1.621510555297047546e-02,1.928211834571124652e-03,1.687306889833745452e-02,6.018609159550315085e-03,1.332512699049077790e-04,6.117525208634609982e-04,1.430139005953240741e-02,9.877619267474867584e-03,3.086400251104115793e-03,4.939343734816651005e-04,9.002017668676405454e-07,5.592205980798297879e-03,3.243478883336951488e-03,1.892422932514326671e-05,1.399818998088379245e-03,3.992814764614117592e-03,1.126623984703883745e-02,3.047703649108906513e-03,2.200213031147114310e-03,1.653542334251803514e-04,8.443525614443002023e-03,1.591219029816454480e-02,2.360598005296615093e-02,2.744239290640158955e-03,9.130156921128436062e-03,6.591727976880698212e-03,2.118388297637776099e-03,9.339050494174048036e-04,1.556927479108988753e-04,5.154032883593901464e-06,9.694960802101900007e-05,4.358843714845407960e-03,2.103108519813054380e-03,1.055235031478423671e-03,7.753104127066115688e-03,8.981360579526908043e-05,3.079576904635215960e-05,1.349435437885731972e-04,7.329941924680750834e-05,1.638050065651707431e-03,3.014296741569888471e-03,5.607390773427538370e-06,3.203788682895543122e-04,8.010176338003453008e-05,2.266292637054427377e-04,2.471902872800350436e-04,1.935108360092883625e-04,3.288020596874721962e-04,2.131491315127040896e-03,9.529778080629332509e-05,2.586633183894237803e-04,3.692530550676649428e-05,9.043550919866062362e-05,7.655922706217510262e-05,1.106694957453664365e-04,5.541296827521644631e-06,2.375918132667709530e-04,2.056853524502444319e-05,1.157128537008051974e-08
1.386329696838810299e-02,3.027395631655832890e-04,5.145547893021705510e-03,5.848541661859513012e-03,6.099299428346978413e-02,3.905765648485849673e-02,1.221914241889284283e-02,1.493858276631227291e-03,3.213100053428442644e-03,1.024863861866318927e-02,2.002024848583159114e-02,1.719692514138763256e-02,5.581085364355877453e-03,2.446598541790956632e-03,1.136030703117390358e-05,2.346709003463064082e-06,2.896480109772491332e-03,1.036524684290487767e-02,3.312712247023468295e-03,6.424298557218796921e-10,1.145630971397017803e-04,3.568764332157384808e-03,1.519316075528742000e-04,2.003216317855582585e-05,1.072392804285836852e-03,1.695583207433912297e-04,1.598907027948212698e-04,9.938904446672703306e-04,7.281478796585754906e-03,1.569101688938060596e-02,2.215152753358669638e-02,9.208136638010222530e-02,2.667992594242994397e-01,5.532899686946128603e-02,1.630630764892125953e-02,1.055258333246122775e-02,7.324443402375676974e-03,4.870241095057512709e-02,1.837077942367021377e-02,7.377814801460625196e-03,2.127095733315091230e-03,6.867712334369846690e-04,4.354975528676822451e-03,4.249443311877627860e-02,1.277714780164869446e-02,1.449023649413728563e-05,1.955655458084466780e-03,5.264615273747556140e-03,6.962840819741465334e-03,5.718084039180437554e-03,9.351517648544683398e-04,9.607313207926875941e-05,6.775851116076509351e-05,3.783609134723543471e-04,6.741614815546331362e-04,1.365899637686250221e-04,1.370950841875283148e-02,3.955944265083025796e-02,1.133526938556274517e-02,1.147386080126528742e-02,1.306183597148219064e-02,1.306752207916279766e-02,1.352944952943582572e-04,3.962773510907751165e-03,7.692429111196537415e-04,3.903794711096894511e-04,4.394550483223242775e-05,1.426421505655103708e-04,5.171782611390672232e-03,5.630897252354222964e-04,1.306218819617706826e-02,5.101829998778380920e-02,5.627938449342602401e-02,1.674802617002539920e-02,7.173788268810236610e-03,4.131528562059496669e-06,5.823760631984900051e-03,8.012238264969872084e-03,3.040651970387325733e-03,1.422835015725281652e-03,6.879194424190044786e-06,1.087350407608051210e-03,9.258734455573854050e-03,1.668498759964472458e-03,7.932971242049309882e-03,1.521390287832244913e-02,1.356327309903619487e-02,6.583210702484462891e-04,6.113110845564267634e-03,6.956261845125146989e-03,2.743338280618255309e-03,4.112115836468677135e-06,4.262444887710025603e-04,7.058676675790973585e-04,1.450246520203596358e-05,5.238599654411855988e-02,2.126670472728229427e-02,2.221589473207895120e-03,2.056520970087951858e-02,6.206606409011931891e-03,3.220487847526289082e-02,1.885539710759680243e-02,5.033837918366299014e-03,3.457012609804351413e-04,5.333038626983638286e-02,5.269445272075709563e-02,1.719747092196897628e-02,1.887787665716551475e-02,1.967178817940430299e-02,1.577905793402712559e-02,3.263445393484375873e-02,6.146675333896137183e-02,1.256752011901911617e-02,2.555950881628409142e-04,1.327305437410689418e-02,6.880451101067761033e-04,1.291586389038625222e-02,1.236051475872267414e-05,3.246319319734236597e-03,2.175099679701083047e-02,1.646493273527502299e-02,6.247334978921511781e-03,2.752018431720476273e-05,1.738878404779023142e-03,7.485549539998219946e-03,3.150214532527650154e-03,7.331278048210454826e-03,5.875242138126132117e-05,7.062789033404050449e-04,1.273090546186648260e-04,1.430519503338504445e-02,2.275729850397400014e-02,8.998539934200411317e-02,1.655968254165064990e-01,1.862035828156884468e-02,9.016032669648260667e-02,1.364248350685301134e-02,1.408403338198443641e-02,9.522599616204514839e-02,5.039861797318651027e-02,2.547831957559970953e-02,1.127540201438127603e-02,1.779124430973932913e-02,1.351252168372666122e-03,1.826199777493306203e-03,2.154767770150294373e-03,2.027706872055821605e-02,1.430419443438478433e-02,4.594239289265161091e-02,7.538868390341780384e-03,3.327347274320567160e-03,2.731050745513015354e-02,9.194111966178671394e-03,2.741107731357973320e-03,1.277291764848367990e-02,9.371693315259188931e-03,1.694169691506918277e-03,5.840024526211204847e-05,1.638212022743232863e-03,2.213886586840935200e-03,1.152274907955532732e-04,4.120662195622580541e-08,1.355299167812641409e-04,4.916274442804393838e-03,8.205078449106447541e-03,2.200822171404853006e-02,5.458719749734582127e-02,3.326286525440264562e-03,4.634418189641941323e-04,5.563914057868444944e-06,2.400910882755367959e-03,7.025429637101064098e-04,3.371033007994661876e-05,1.327293171152838826e-02,3.724957820392111544e-03,1.615401498951386794e-02,1.497137295852717489e-03,2.620454120052849965e-03,6.560239717725503857e-03,3.413043347745390449e-02,5.097048943747059524e-02,8.681726688039436909e-03,1.592343602122399046e-02,5.835331990429475004e-04,6.968887090850092204e-03,1.291958295560571499e-02,6.750549612559991232e-03,1.958963559392784895e-03,8.866172654753977941e-06,1.023903500413386562e-02,4.915840979739332511e-03,9.124053026516658034e-04,4.787768750206237056e-04,1.342973402545638226e-02,4.146401892120376437e-02,2.136276073206894513e-02,1.310919411067821509e-03,6.106072122751870883e-03,4.646832912598417888e-03,2.181290006366960570e-03,1.330784630127259619e-03,7.737665877901243308e-05,3.449153525572182370e-08,6.579599473270230790e-07,3.109620005000054629e-03,1.988599386882843652e-03,1.472870993008999069e-03,5.580524470961645452e-03,6.276217991417388402e-05,1.050313747285225221e-03,6.745939840888036886e-05,4.143395073522168843e-04,9.724453724860747036e-04,1.245581580725836288e-03,4.163541254307275569e-06,7.231259729599963425e-04,4.162296792580820210e-04,4.136857582472718356e-04,5.356618609838647899e-05,3.910390117269791775e-04,2.964428203096197158e-04,1.826227500813372906e-03,3.185786151598601424e-04,8.284794521077184712e-04,3.885954722048777813e-04,8.598016377503351975e-06,2.892353687993214767e-05,3.982139210134317842e-05,2.871617653089389654e-06,1.974485870837918285e-07,4.483107033485259822e-05,3.977988859668214337e-06
1.011657093823546509e-02,2.218897994275422197e-04,1.600085986014574465e-03,7.728487819728032011e-03,6.695351952948733198e-02,1.011079381084791506e-01,4.796296334046813020e-03,2.116529601170876341e-03,2.828164572234396351e-04,1.526638544625485636e-03,3.187698524768147216e-04,1.270538272265118909e-04,3.817750954364714823e-03,2.442758310932779606e-02,1.363930447143198513e-03,2.844542151825799905e-04,9.449274628363188433e-03,3.808894369653974959e-02,6.977135213201126510e-06,1.583820971789629451e-04,1.709886116241555545e-05,1.859238787305329691e-03,3.525213293931053022e-04,2.474945400875428435e-03,4.062192273720298892e-07,8.445798302733464186e-04,7.823120089118928034e-05,1.426830559529731330e-04,2.869978348543198582e-02,6.506375219998362935e-02,4.419795147179646916e-02,1.170431821714175979e-01,5.532899686946128603e-02,2.467597836408160217e-01,8.047639550491171578e-02,8.296726167209764191e-02,3.137681524271255379e-02,6.174171902625639335e-02,6.066458268811895926e-02,5.817913583447302528e-02,6.801859988615957704e-03,5.509091380532453452e-03,2.307745368900497585e-02,1.164938304016337536e-02,2.623907278926879832e-02,2.209007558461290478e-03,3.927310618432538515e-03,7.592537525687200048e-04,6.294097926095630104e-03,1.125899018486261000e-03,3.605016916141042752e-03,7.400095212155731970e-07,3.673482275002425558e-05,4.213434728689266539e-04,7.539008425703595405e-05,3.305746755339389849e-06,1.178411887062542907e-01,2.687095990221909092e-02,3.723478004247824519e-02,4.509536993198094701e-02,2.206454526888083911e-02,4.369188458443321044e-02,1.439055737455364580e-05,4.808361602773044557e-02,2.047255023344662569e-02,4.060301290143303148e-03,4.791418079689053512e-03,1.164047802811487946e-04,4.975277233423890631e-03,5.528027436487975945e-05,1.185624763602055072e-04,5.928274793064075869e-04,9.078810583021384301e-03,2.123794169385491339e-03,1.055654940042771717e-02,4.111941695540413059e-04,1.569819949620511641e-04,2.915059735175678916e-04,2.338753989320801769e-03,3.370289020584927950e-07,2.465577765895750079e-03,8.827893682660177858e-05,8.956834007160793115e-03,5.265076240758530778e-03,6.709632344519467738e-03,1.669182138688143219e-02,2.268859802845550958e-02,3.164617076485913734e-03,1.045452937242254132e-02,1.541041707244433095e-03,3.898453717796407023e-03,2.675276492455065541e-05,2.038751477861547312e-03,4.286659161357761309e-03,1.848888061785158724e-03,9.893917015429951056e-02,1.902835593791025483e-04,4.650907450961177061e-04,1.457868865357642499e-02,8.663207398979196061e-03,4.782587936929175859e-02,5.261212920560284778e-02,5.222090828232497754e-03,2.602233386475159404e-03,5.570499045090180484e-02,7.255150745787081190e-02,1.031395901615815396e-02,5.509091380532453452e-03,9.038576665711501104e-03,3.952835983822009999e-03,1.458618790651025187e-03,2.816852039922005529e-02,5.200841284754931237e-02,3.013094539750754727e-05,8.321326747250027897e-03,1.728187999052952298e-03,5.062032949821411443e-02,2.872088418711735060e-03,5.101941777950688706e-03,6.103554147311965328e-02,1.320239347435681965e-03,9.812866558912716839e-04,7.031629492750843344e-04,1.019886449954701766e-03,6.793290781486586820e-03,4.607505688404446966e-04,1.262465930525216197e-02,5.371905080000816688e-04,1.001362695813591124e-04,3.426252324675428218e-04,3.756784760972417536e-02,3.260020050353534121e-02,8.149875396754771573e-02,2.554944834083861666e-02,4.631735572813425184e-02,1.530244601666872206e-01,6.151291034848562628e-02,7.942034439699306725e-02,3.878414738001067369e-02,1.051962922440671383e-01,8.245212627485741519e-02,4.169846212750542847e-02,7.979543175958894730e-02,6.418405415277685577e-04,1.941139973388105941e-03,5.429298410921769638e-03,2.203790861603451348e-02,4.723609849296061571e-03,1.342726102409448098e-02,2.281503591914623916e-02,8.736276586468645633e-04,3.647706412180264091e-02,8.183184962959507208e-06,1.086308549030229071e-04,1.420972749105440603e-03,1.136897436142253600e-04,1.568683977955182300e-03,1.387116646491369673e-05,3.113975193219886651e-04,9.039361946842255956e-04,1.350404931919734648e-05,1.849516341528603897e-04,2.598954168441369169e-05,1.347128330732266961e-02,7.734984698572513453e-05,6.654086170938088018e-02,7.097840592236596968e-02,2.535351582321498584e-02,2.544965460894017666e-08,3.025681184739797253e-04,7.205275126707614154e-04,1.357211376734496124e-03,4.614321886100712124e-03,1.300923883083560627e-02,2.916421562258583104e-04,7.644359063474815558e-03,4.172473259068094453e-04,5.319016820683418988e-03,7.789137303410329860e-04,7.480785240824011986e-03,1.810606402755363163e-04,1.569790205206572585e-05,2.125547216413840174e-03,1.202789045711845882e-04,4.049012216106569000e-04,1.629517363106318970e-04,1.131635757135235058e-05,7.876134385958404689e-04,5.384409142437233606e-03,1.909875081197555738e-02,3.376572579942167633e-03,5.755494307754571714e-03,9.505161509050159049e-04,3.186096734691044353e-03,3.239810071067156586e-03,1.816454010300407734e-02,4.373541338422923253e-03,1.164938304016337363e-02,7.397589342302606820e-03,9.177947172647217804e-04,1.171730629427268503e-03,5.499812109417979882e-07,4.718171178448387314e-06,4.659493560173934702e-05,6.961953212172056725e-03,1.941139973388105941e-03,2.947122901202827144e-03,8.514594467428552790e-03,2.636964509687223643e-05,2.329326807925722375e-05,8.034058007447089124e-04,9.208235217985145287e-04,2.468938198705598365e-03,4.634415046782094927e-03,2.523834040127607658e-05,1.307661796769888512e-04,4.370599665973000726e-08,1.576022422420678896e-04,1.583442576944562081e-05,4.401348304558118900e-06,1.586038741485160716e-03,5.145760891754035289e-03,7.286868123607935182e-06,2.798911516706357669e-03,6.691030535245930902e-05,2.726830284945326252e-05,2.994672068117713734e-05,5.478686474827943802e-06,9.097915642023271757e-06,1.081176585569498805e-03,5.046165081447046974e-06,4.211227707127569177e-05
1.012080201323802085e-03,1.340273271081866976e-04,3.668722837947439104e-04,2.079974514724186618e-04,1.062568235454940807e-02,3.030497444533216539e-02,2.593136957853419962e-04,1.559026521173488295e-03,1.845784717447042678e-05,1.448050080799158530e-04,2.765265833296534355e-04,5.204282603502760619e-06,1.841146991323555290e-02,4.548792490108184011e-02,4.948827934679294726e-04,5.149440012547260948e-05,1.301669154846536898e-02,2.037543215188613796e-02,3.345782279777677408e-08,7.918548347849006677e-05,1.938006633219241078e-03,1.037927322404279176e-04,2.880477843364031600e-04,2.208138835293746438e-02,5.071651672117968585e-05,1.064954466632802264e-02,1.228775905025461960e-06,2.037156581053326757e-07,8.272855495021099598e-03,1.961416242881718758e-02,9.904148162726731167e-03,1.868933986310960735e-02,1.630630764892125953e-02,8.047639550491171578e-02,2.778068902143955299e-01,1.434094102830946738e-01,2.845313857346655137e-02,5.179000943782306743e-02,2.527290326126987660e-02,1.355900748687557666e-01,1.794163809849040614e-02,1.823929194339912740e-02,7.727563053986036268e-02,1.549580781137412100e-02,4.191962740900296441e-02,1.081630123837378464e-02,5.479576454386994068e-04,5.708463129077356678e-05,1.106704643172428705e-02,8.195825701960266288e-03,8.483945996499221362e-03,5.250270541477130735e-04,5.649752065934232539e-04,2.087650692133945999e-03,4.287087798401880876e-05,1.313359899471626033e-04,7.585677262987292058e-02,1.152023208117538416e-02,5.027236998483053387e-02,1.047176405226639233e-02,4.948577474420708111e-02,3.163380373510901733e-02,1.194242293864638225e-03,4.153528594508316268e-02,2.487482653555859232e-03,4.847257747070969972e-03,1.079061535334800226e-03,1.954578479063062875e-03,3.197308525195978555e-03,2.160942443664525643e-05,1.886825060572833114e-05,3.689904384898393033e-03,2.768553489548270831e-03,1.091751148591300902e-03,1.467003533906177139e-02,2.866306983759408459e-03,7.328573329864800957e-03,1.083717712135905684e-03,9.452358333503926846e-03,5.700223395368998964e-04,5.695531809817816309e-03,1.419987684195412995e-04,3.993846562219081735e-03,2.127275974893365340e-03,8.270706704459779637e-03,8.363304050020546956e-03,1.272801910468072950e-02,9.649609224647387679e-04,5.231948548418214641e-03,9.380957524610423343e-03,3.322269017529958119e-06,3.252634592683693263e-05,2.867548462168371861e-03,7.756053106989400578e-04,2.229509989334769668e-02,5.750925622923504232e-02,7.232493392009179236e-04,5.638970107360682524e-06,4.547869818398230651e-03,2.847821064086778473e-04,1.864483604014594747e-03,1.229445296601686631e-02,4.279663180595932452e-05,7.039786982961958382e-05,4.530317478892713530e-03,9.514234103263480985e-03,5.803498187728481014e-04,5.842090939917335890e-04,2.221385238839635335e-03,1.688217364689282294e-05,1.397802540285512257e-04,4.078840168091685779e-03,4.036570370014136433e-02,9.018475623129269076e-04,5.676866873671369655e-03,8.175090540142832679e-03,1.971448017312322359e-02,7.121090287773141313e-03,3.334355954030479401e-03,3.414970842161957343e-02,1.147857397090806591e-03,5.858376784853019806e-04,1.344177883568343635e-05,1.419482357270940193e-06,1.789482068333695698e-03,1.501613843621553705e-06,4.768777336498782049e-03,1.210571430968351847e-02,4.856716229981434575e-03,1.671042171939676226e-04,1.399591722705134655e-02,2.115445798547051573e-02,2.496627286776597829e-02,2.857709956382296218e-03,1.859694028749130437e-02,3.344221164872147878e-02,7.344374817535681554e-02,6.089957671011370088e-02,6.538584794069633027e-03,3.272007554750265557e-02,2.257512515943569525e-02,4.080305979645801329e-02,6.488868713939074939e-02,1.854806481082518083e-03,6.372365832235465065e-03,2.626112381674557822e-02,3.132904304687685049e-02,7.805217772273996199e-03,1.364925014600412018e-02,3.421431874222844588e-02,1.119283846532340143e-02,2.090001411813703289e-02,4.375661833111973813e-03,3.651877178381306513e-05,6.060046240692934690e-03,4.483217085185388535e-03,3.111278028782150148e-03,1.973417118209486783e-03,5.694726207807744264e-05,3.000133426131955882e-04,5.021614320410202069e-05,5.847639183257331364e-04,1.577808588128562766e-04,2.790387176857137084e-03,6.900439432574991471e-05,6.655966987182657113e-02,3.496929907197594833e-02,4.168334683056326706e-02,1.312503110505253623e-03,2.506615178383773805e-04,1.984220850110908398e-03,8.906479578876000218e-06,1.671639749739286867e-03,2.157637448861058488e-02,2.808461228571885212e-04,2.930785794099570376e-03,1.454253357335964390e-03,1.829560325682063390e-03,4.625583307546989563e-03,4.812645436574359073e-03,2.908785412549675514e-03,4.211119427519927592e-03,9.152806045888965030e-04,1.176229385564820295e-03,6.647792300764128633e-05,6.436933534344978572e-03,4.497931502999426116e-04,3.761427159121226525e-03,4.876046413258463674e-04,1.091747875936056357e-02,2.989671867255281213e-03,3.985067539999705664e-03,6.401151999940006012e-05,1.753231996806528059e-04,4.979883110767245906e-04,1.890987181244403823e-03,1.001421347527437465e-02,4.341234452283283113e-03,1.776757153195460993e-03,8.095524343906907935e-04,1.364909241443854645e-07,1.027900238089098541e-05,1.395120102707433506e-04,7.819108386257292984e-06,2.672416784448354739e-03,2.462027604228330877e-03,3.117871889653878268e-03,3.552041781940993865e-03,3.299651720372254919e-04,2.470422838501455881e-04,2.246430939253846518e-04,5.971958257520307897e-04,2.500871258070400550e-03,3.486223605478714575e-03,7.134433505210707120e-05,2.116972645502505511e-05,9.989328001760282034e-04,4.650503694514825917e-04,8.222652936283811873e-05,7.456321150838151235e-05,9.883806318127996357e-04,5.462157148142134447e-03,5.708463129077356678e-05,5.437052431055447790e-03,5.257151850553757987e-05,1.341921882610014522e-05,2.679841478398053200e-05,3.947296549373942564e-06,2.210343796720713738e-03,1.754637025136755605e-03,3.195445518446371206e-06,1.775084780797748466e-04
8.777827829222011567e-04,7.634523000473761539e-05,8.771876701524691919e-04,5.337475582876617983e-05,6.757208593174373994e-03,2.664417443225656698e-02,1.264293574107134099e-05,9.433357173490016043e-04,9.950986350689957654e-08,4.560587030166378205e-06,7.743421646512641063e-04,2.104144428652951986e-06,5.178873721196250793e-03,4.282991113845612680e-02,4.241937001581840981e-04,2.657184345131028726e-05,1.050679142744913308e-02,2.358386842665399427e-02,1.435110960532900526e-04,4.483507172245734622e-05,9.615973961072603977e-04,7.496246479030234894e-06,6.834357482396652460e-04,1.783492623535130883e-02,9.929945820160816173e-06,1.045804441297874116e-02,7.866486515017866767e-06,3.186922702705110420e-08,1.577896785150199183e-02,2.125087485200681178e-02,1.164467338602798510e-02,2.170153356186384566e-02,1.055258333246122775e-02,8.296726167209764191e-02,1.434094102830946738e-01,1.924530293702885753e-01,2.549153398935672180e-02,3.331235336695484439e-02,2.199823497325482241e-02,9.352098215813844928e-02,7.976680272067831687e-03,1.632556489581867692e-02,4.732995075324320650e-02,4.290600726719793166e-03,2.212861024404729274e-02,1.064666594622928376e-02,4.601045649156553766e-05,4.174526965232111921e-04,3.202056762479461947e-03,2.239214868581844257e-03,4.063257021611484110e-03,3.660632215948407774e-06,2.662972351516537661e-04,1.957342239517873353e-03,5.167253173711238578e-05,8.816745213209391512e-04,9.646550073274133552e-02,1.548751782917631194e-02,6.839091940867778052e-02,1.952966076916279325e-02,2.705034162897703917e-02,2.671744728377619879e-02,1.601902338202780827e-06,4.662181184218435609e-02,7.797496328641715518e-03,4.905045065592720729e-03,7.436743773187568657e-03,3.171168238105774497e-03,2.879617233592855676e-03,1.078309897082873215e-03,6.689385096406719471e-05,3.820309548364753376e-03,7.983460940561003542e-05,5.823568251148438738e-04,5.169474221608012614e-03,1.007904811263896343e-03,3.104490279301655269e-03,2.335486967801594026e-04,5.325010349768937584e-03,8.006673923277084302e-04,3.522950396255508827e-03,1.880066227711843149e-04,4.436629320699701264e-03,2.127311137682203097e-03,4.486765488760114176e-03,5.424212332423441509e-03,1.016571170936455409e-02,2.359147590061476483e-03,3.667676835779491544e-03,3.193078878523943499e-03,3.257640039297815559e-04,7.343126827672099529e-06,2.637300237164382291e-03,1.315829027041881018e-03,1.427502061430726936e-02,4.624402129743970802e-02,1.586529727590807416e-03,7.878462862775512873e-07,1.740305539793097741e-03,2.944401023200147994e-04,4.071122703985251973e-03,1.600864751083282481e-02,4.457254943909032084e-05,6.478375389108140432e-04,8.775481871205718584e-03,9.646522208521407862e-03,9.657509785820972198e-04,6.728671557130136980e-05,3.224155064543630348e-04,1.247709951521021789e-05,1.012413435209726315e-03,5.637979191213131694e-03,3.673839256702655931e-02,1.121297492003066158e-03,1.625518612592240664e-03,4.465262954960314175e-03,2.407101468509228320e-02,2.888246783538933084e-03,3.393435091864523568e-03,3.350921828858215851e-02,7.814704438581161497e-08,3.131762663007687879e-04,4.527263135860066924e-07,8.206427455342111426e-05,1.591204769121544373e-03,2.536697925296583915e-07,5.661176878519787702e-03,6.149418424657405839e-03,3.752108976928944951e-03,7.634018673903053380e-05,1.894994090832996525e-02,1.509899729371778736e-02,2.238471309806433149e-02,1.039449559282105886e-03,3.150143491298794396e-02,4.321616466139781981e-02,5.458937956491181215e-02,6.382145348631405868e-02,3.520460778758127858e-03,3.105153510074838349e-02,2.327798563056753672e-02,3.027107774995375575e-02,4.511156255988112151e-02,1.127972576437560100e-03,2.823089610247710851e-03,1.026499526529848702e-02,1.437208139971139255e-02,8.702431486922636164e-04,3.480905164509971901e-03,2.729619475884833418e-02,2.395948864582176426e-03,1.959016689543065931e-02,2.601259933192614327e-05,5.323847801160778534e-06,5.986680809489451464e-04,1.184646737845780921e-03,9.172192328816607208e-04,2.063035834679559366e-04,1.144761015812184731e-04,9.256948346362557428e-04,3.115302243193992311e-05,1.033221142210724065e-03,3.001899212951858809e-05,4.992638518266844135e-03,5.772413397147285003e-04,6.573922567925340188e-02,2.300961676898252359e-02,2.127983174681469594e-02,1.324128600503082526e-03,3.982917137066404440e-04,2.397927989105571591e-04,3.419842461561902174e-03,2.761063618410284151e-03,1.262871969362468205e-02,1.703683381045947993e-06,2.536718739409297117e-03,1.944209263102273386e-03,1.870670311006083575e-03,2.290755050144399705e-03,8.717602923135573268e-04,4.036277584902331871e-03,1.797297530711308884e-03,7.193619776786822203e-04,1.576970571778463790e-03,3.494380257162592858e-07,4.360170753748829862e-03,1.505229151862552601e-05,6.532854969032744720e-04,1.970744992921627265e-03,7.888705108198794738e-03,3.990459464501801626e-03,4.273095723058213322e-03,1.537443252056313150e-04,3.842737050890368850e-06,1.583155079812994690e-03,9.780835374479110791e-04,5.153956036165196174e-03,3.892622509914045979e-03,1.791242897865773015e-03,3.427637549482018243e-06,6.534459431109201455e-05,3.061956686007098215e-07,1.099287706464593755e-04,3.115827100233897068e-06,1.590148951580355307e-03,1.320662322164142376e-03,1.601877195674841379e-03,4.399098934581169122e-03,2.859007964405302104e-08,9.924197791089313955e-05,1.657641439302040526e-05,6.773470829920876131e-04,2.811979516807677423e-03,2.607045310934497442e-03,8.682012142089117618e-05,4.679432550176142191e-05,5.328878292282494432e-04,3.067995128358820111e-04,8.125310003054506147e-05,2.001402390525517115e-05,1.147679098338655551e-03,4.547258700335657725e-03,9.411401985030091468e-05,4.126914439078332476e-03,5.218009644321964694e-05,2.039895923621436180e-04,9.997666107783036887e-05,1.907839112726561498e-05,1.048417486347636481e-03,3.831767069474516338e-04,3.162509206942969956e-05,2.485981631671632293e-06
2.803314154264584506e-03,5.014835149521468379e-04,3.278946737787188687e-04,2.189780811263511776e-03,1.335714446930077494e-02,2.543340106334325210e-02,2.519083430554162721e-03,2.689544420930756272e-03,3.475215802243456159e-04,1.862654090892091859e-03,1.309827867205432634e-03,6.932448953590961312e-03,1.515483350831729747e-02,5.205080206306726687e-02,2.037804920200312752e-04,1.477431276502617213e-03,5.147447343274942633e-02,6.451853187778701371e-02,1.669110965360772836e-04,1.884979608839164366e-03,2.917691793788391823e-03,3.076260024250943172e-05,3.494604583881111975e-03,1.708949301542551924e-02,6.374378949970168761e-06,1.643507170169830958e-02,3.134498102192653096e-03,2.278052214666503080e-04,3.433933102290611435e-03,1.254686695563679566e-02,1.683805006347813618e-02,1.009091329892626392e-02,7.324443402375676974e-03,3.137681524271255379e-02,2.845313857346655137e-02,2.549153398935672180e-02,9.451904810692388081e-02,4.408000500783274683e-02,2.730506139737938140e-02,2.499573099941812884e-02,1.520697840075758457e-02,1.787939005072673379e-02,1.931774445372090934e-02,7.245440682811883117e-03,2.714049459018932214e-02,2.405286047936531016e-02,1.538775146187296248e-03,2.707967449668537493e-05,4.264175184243448880e-03,4.275226917930595276e-03,2.047558220148309733e-04,2.804482978476194885e-04,4.801331318924410255e-04,5.480027048876150901e-04,1.643029958745034533e-06,9.766000891241694102e-04,1.298966606761899935e-02,3.408324988012083237e-05,7.283377974214588508e-04,1.164675926325989410e-04,1.266542674055026393e-02,3.357198732568214463e-03,4.810174803862079726e-03,7.000351822631304365e-03,6.482107103589023183e-04,4.626021142421870539e-04,1.468495480443910133e-03,1.165091622405293580e-03,1.276478222770196873e-04,2.349779748236145271e-04,3.137796337636577447e-06,9.716980731002023535e-07,1.010885168613560508e-06,1.981380828726884134e-04,3.753342079959197906e-03,1.213821432359150996e-03,7.387393188617430322e-06,1.320008594855359208e-04,3.367734023743690006e-03,3.471791840410483424e-05,1.905833498310812257e-05,1.327581840246265564e-03,4.395391646190815203e-06,8.605386601146433872e-04,1.905594651347483799e-03,7.905300659223500961e-03,8.948844669456144235e-03,3.202089630505623701e-06,1.578414160945900693e-03,8.666826395535531498e-04,6.560928269862771937e-05,6.622549657013593760e-06,1.899297416290426487e-03,3.156858197893089607e-06,2.954247664995929539e-03,5.539322788322414461e-03,3.080190549348966989e-05,1.229718334650007011e-03,7.326233628115424827e-03,4.352948127989557901e-03,1.235695245892081892e-02,1.181623712245413044e-02,1.450870641215256827e-03,9.247241879463812550e-04,1.444783796362271271e-02,1.449056505030884949e-02,5.616849597227361462e-03,4.569177715855755537e-03,4.213809023589159056e-03,2.162959424946902208e-03,3.402503981093029598e-03,1.780273573758075004e-02,3.129827334402385253e-02,9.118392450225189797e-06,1.579810390618834395e-02,4.138123604155601910e-03,3.341528186074869955e-02,2.228243323654516359e-03,8.329182933859001492e-03,5.282150708295624969e-02,4.273031348821165580e-03,2.761431179374339122e-03,2.201015539775863072e-03,2.327709864469814272e-04,1.717920321570033288e-05,5.091998994017583663e-04,1.340224697448727346e-02,1.559854741569527241e-02,6.045359426169461849e-03,9.688447512935963006e-04,7.370160887955872625e-03,7.626067403937103646e-03,6.053987863343220956e-03,4.499572308098804575e-03,2.825427847294390612e-03,1.969739721701791596e-02,2.729309669919663048e-02,4.091603558460273071e-02,6.631726981782729881e-03,5.474523389519250077e-02,3.134867362295758186e-02,3.539327458669541682e-02,2.349088886473404622e-02,2.996710099822828474e-03,1.072866680877459546e-02,2.414591751917601406e-02,2.649096634366576025e-02,7.798013354031694058e-03,9.594535178060772246e-03,2.931135305485548306e-02,2.360952133622744580e-04,3.109481351926265350e-03,1.178112030342950414e-03,3.644060074365781888e-05,4.334984230296508485e-03,2.255515086924647639e-03,6.565541182116143822e-04,2.701522980924160079e-03,8.469372250885674400e-04,1.462920251798030063e-06,6.805958304454818968e-04,1.569563267578636062e-03,1.207865793483477569e-04,9.704901451697785014e-04,5.243001714332410886e-04,1.602728882253805220e-02,1.124894552875581148e-02,5.958778707346049433e-03,4.606820833568901481e-04,1.197273220138725175e-04,5.467697939571807984e-05,3.608027057103680921e-04,1.233670684821068422e-03,2.138715187832638986e-05,8.923816827472114480e-04,6.551941146872053998e-05,4.717121937274975307e-04,2.150217840024273939e-03,1.050212155418545160e-04,1.636871664846508876e-05,7.427342726034655382e-05,1.771351085641605571e-03,1.161859197969823806e-04,3.567550860494012694e-04,1.962113919934648236e-04,5.729077709528258800e-05,2.912147471503101666e-03,3.390096403942780045e-04,3.262461570168088769e-04,1.267551684749542232e-03,5.477199338339456012e-05,3.507506108250210307e-04,5.611465813032122146e-05,3.372352609797331374e-05,8.684996241734224004e-05,4.008049996664458069e-03,8.880307633356063603e-04,2.282289933754977698e-03,1.326428874406027124e-03,1.961157652343136209e-04,3.835031137318101473e-04,3.051162533582597977e-04,1.737018584994943029e-06,1.120318284228252401e-03,4.192580816145635020e-03,1.527969384778615118e-03,2.917691793788392256e-03,3.841100098021723187e-03,4.869011360814301742e-05,4.745089220866845182e-04,1.585154093802117192e-03,2.110046302190198345e-04,2.946112879709686903e-03,6.250736812052898675e-03,5.148824091671950608e-04,5.428960006208328809e-04,7.958440958990676639e-05,2.475213140261000493e-04,7.596660983005807158e-05,1.499881887407419629e-04,5.434770739635696448e-04,4.505077048119410926e-03,1.089713570579013040e-03,4.164497649203431108e-03,3.393384107983152281e-05,1.865178593204092940e-04,2.632311629225006868e-04,4.572849824991588409e-06,2.150217433323646336e-03,2.693870775586212126e-03,5.511825096781422159e-05,4.324381897651436335e-10
1.024477584639435154e-02,1.278938339075097669e-04,2.909146845856924041e-03,3.195771627791437353e-03,3.532879751610100427e-02,3.812570219649079328e-02,2.772132320529942066e-03,3.299860045320564088e-03,1.063637344734147351e-03,3.709558683788944690e-03,5.224279316035905854e-03,6.977661142167804025e-03,2.441417341717663086e-02,2.500037839086599947e-02,5.263439533351967198e-06,3.390300989983124095e-06,3.380976806959867104e-02,4.963273846524875882e-02,4.999167957342639731e-03,2.268331189061255208e-05,3.781768580117444989e-03,6.842403646913086408e-05,3.526528122131197211e-03,9.111662047050401309e-03,8.937111308172337228e-04,1.730502757839341710e-02,1.617242306702748448e-04,1.078593011568961451e-04,1.013116337613814005e-02,1.669792973465456659e-02,3.263282521154079602e-02,2.656237517194592196e-02,4.870241095057512709e-02,6.174171902625639335e-02,5.179000943782306743e-02,3.331235336695484439e-02,4.408000500783274683e-02,2.179366258067994555e-01,3.696873210947955457e-02,5.167938562062467100e-02,1.355971019762984391e-02,1.476209893107208009e-02,3.118099445277043233e-02,3.900124589759214333e-02,4.776540909746494756e-02,2.502040687039278760e-02,1.318180735729052456e-04,1.688272721084042296e-03,5.114762497346781941e-03,1.658910882708240688e-03,5.108054888698675741e-05,5.423794917506117533e-04,5.507816851364409324e-04,9.357937396332559853e-04,5.000730863981301301e-06,4.137485351789227405e-04,1.827602870886081352e-02,1.431024732403184249e-03,3.853783331869075571e-03,2.012045570511147288e-04,3.155850214825241251e-02,6.062765829748050124e-03,3.791827936014476649e-03,6.593529703231102573e-03,1.206855132727196155e-03,1.345562515918846452e-04,7.131537648242686222e-05,9.251637023056714145e-04,3.659804763554470202e-04,1.519570214914600041e-03,1.156910626784426099e-04,2.098034958975020088e-06,2.536474837642023125e-02,8.092159659103106755e-04,1.016349104677303009e-02,2.353783404681935807e-06,3.620539613862325972e-04,6.030602557695888743e-04,8.663594692783963382e-04,3.604631760869797356e-04,1.277612515388695498e-03,9.219107535377537278e-06,1.443146058536219026e-03,2.611177279386794631e-03,3.468877146965992746e-03,8.990912485043696389e-03,1.347575896878498020e-02,3.284604307334717675e-04,3.161689038294038592e-03,1.077107674470525328e-03,9.898263048258240394e-06,7.606607592802799508e-04,8.249812003198791143e-05,4.970623801030713516e-04,1.095470370709216443e-03,3.096605200306807790e-02,1.527060016997469410e-03,1.189563072209762077e-03,1.314064462657043436e-02,2.966027442075801733e-03,1.820886766781205229e-02,1.799080503687027627e-02,4.268075571512074291e-03,7.084268386530963334e-05,4.164166565212767263e-02,2.604407496334446015e-02,1.151790903656656206e-02,8.785629354958633327e-03,1.368513062868421948e-02,6.934995393278974712e-03,6.718756131374172165e-03,2.850319010388129362e-02,2.625498936592567112e-02,5.785198656804167466e-06,4.270079057452062093e-02,1.044179492727265353e-03,3.839526764624301425e-02,2.505645142936293798e-03,1.037243497220151009e-02,6.606423799202588987e-02,2.974771152348028649e-02,7.522187980325916422e-03,2.985618808514336532e-04,1.206818522022627698e-04,4.216833941928404223e-07,1.285856564204660140e-04,2.143310101531121017e-02,1.694495526380039585e-02,2.321346454217323649e-03,1.395763648761358768e-04,6.741222602306864813e-03,2.675094068625126151e-02,2.399030164217036062e-02,3.777468391529722330e-02,7.304400372169344777e-03,5.030245553914322598e-02,3.145356964225741458e-02,3.748944712114170991e-02,7.227581554755055371e-02,9.823363614487977402e-02,4.453174725880533480e-02,6.890573934366515940e-02,3.768598207742843847e-02,2.857804785751929481e-03,9.971879673215142820e-03,2.068914332190993979e-02,6.612286398189225201e-02,3.148151216373458461e-02,5.647900951539270437e-02,6.238249475271375605e-02,1.156347407048534393e-02,8.429122607087030650e-03,1.491733424816097005e-02,1.352243802287386905e-04,8.397596171798422937e-03,4.878690458939524167e-03,1.243337335405096450e-03,1.023193717096398043e-05,2.918769755707649683e-05,1.493025124120120935e-06,2.473476221403515468e-05,3.466050093095251160e-03,1.902761457031532566e-04,6.206996453450603669e-03,4.303703670554667786e-05,2.392299609061855972e-02,5.938450734053523500e-02,1.829625861688270738e-02,2.482789640730791946e-06,8.282058949612882814e-05,3.704332122097003690e-04,2.434226046034972465e-06,6.998469226447984334e-05,7.422987706563359718e-03,2.855754163024450473e-05,5.757221258810608228e-03,2.216309058937471731e-04,8.950800636168617052e-07,2.004461924856351142e-03,1.527202414737450012e-02,1.790890943177784415e-03,1.097871539822743708e-04,2.825044021926669369e-07,6.250489354070462101e-04,2.410086436774735389e-03,1.152727674541219754e-06,1.308367259210434317e-03,2.574442876409693218e-03,3.567573622897576689e-05,2.216380762330820431e-03,2.169351807956750525e-06,7.587952993844567483e-05,4.088487601506747321e-04,7.787308070908872254e-03,6.434678995120715096e-03,1.308659807522267321e-02,9.841404953262514708e-04,3.660781477461583396e-03,1.169691786754709605e-03,1.865903069652879331e-05,7.817923906456494126e-04,8.203494196495430819e-10,3.239927453960957831e-05,8.937818654326768700e-06,4.113510090571653385e-03,3.300846602106118511e-03,7.412409760548735981e-03,1.030311388662309181e-02,1.914011923514051973e-06,1.699833251873319117e-04,5.886365286201027894e-04,5.992988584959098395e-04,2.943620557448442965e-03,8.268561263035349371e-03,2.918502185049306943e-04,5.293935034804221401e-04,4.968454409854562279e-06,1.798186473355723716e-05,8.530098254476566878e-07,7.775521338284880441e-04,6.023562438637160765e-04,6.187451889942165162e-03,4.491593751638469018e-04,4.374328551938397140e-03,7.693431996204446821e-05,4.465412711630191282e-04,1.647523233359742304e-05,1.542749125678885861e-04,2.528094936733755603e-04,9.472502754893277060e-04,3.463196238851249065e-05,3.543813384600655916e-05
3.429593406033076830e-03,2.523634161993097941e-04,1.937148577763938824e-04,4.852854621578312454e-03,1.576253447177495409e-02,2.699470133129807867e-02,2.641876091098069009e-04,2.769972268123192371e-03,8.866020871771622782e-06,2.305921199070372005e-03,3.300914465358059657e-04,4.391396386414969134e-03,1.017306774149328782e-02,1.776988445899050154e-02,5.223436416515769163e-06,1.133517703572353653e-05,1.166324457481510320e-02,5.375005654669236937e-02,8.917374506570702223e-07,1.538817136033031424e-06,2.275703497151550844e-03,3.061499075134789961e-03,7.517328424656681551e-04,1.147330321156623742e-02,1.477095293464418362e-02,9.667948772401143906e-03,3.034323818538278619e-03,6.506905691127089914e-03,7.822719100323798427e-03,2.344027350096982917e-02,5.019935937086712069e-02,3.106471537002247763e-02,1.837077942367021377e-02,6.066458268811895926e-02,2.527290326126987660e-02,2.199823497325482241e-02,2.730506139737938140e-02,3.696873210947955457e-02,1.542612067519495977e-01,3.955403369099964872e-02,7.067540642357165483e-03,5.767094843065891790e-03,1.991858463861411604e-02,4.690233005073001296e-03,1.263405796080644197e-02,2.507039234183191731e-02,7.401912239126193747e-03,2.870983173530496091e-04,4.275923255269660495e-03,9.212956306122805198e-07,3.274479504497326680e-05,1.220416789320864196e-04,1.507968739068870217e-05,2.282808979606700439e-04,2.983335406988787009e-04,2.900941536584253708e-05,1.407390078784996786e-02,1.496163856068028213e-04,6.211198509089836282e-04,4.905912461505638512e-03,1.992091109693507750e-02,7.877090367704300822e-03,5.046197357743136859e-03,3.141942888641095083e-02,4.017785527929045725e-02,8.901286187910429411e-05,1.161634965688727048e-03,2.645862576395942387e-03,4.274982302497386331e-06,3.291804774367169950e-03,4.617359413275854210e-03,1.109307235663279821e-03,6.468221267353447233e-03,1.952491462596962464e-03,1.088188010213369736e-02,1.744208237081000361e-03,3.650976232591433314e-03,7.973036960944368534e-03,3.008510991165903089e-03,4.959131477844539414e-03,4.741747366089232862e-03,2.356428324517261842e-03,1.821362202500826364e-04,9.742724316591406001e-04,4.460560348350178181e-05,2.547665398557675859e-04,1.152329123113795314e-03,3.046192299379644423e-03,4.483107033485259822e-05,2.121668948457234276e-05,2.167398261874392898e-04,1.085082211698180541e-04,2.308497577136358703e-07,2.328845920418552533e-05,1.215686712086601817e-03,1.414911499027226086e-02,4.972376558874110975e-04,1.223210113422504251e-05,2.787744243977158476e-06,2.275703497151550844e-03,2.056835776280688949e-02,1.784443014750108567e-02,2.576140911496604523e-03,3.708358763783306707e-03,2.991119498359363568e-02,2.589580304563306179e-02,5.577263299142788504e-03,3.070167154473987803e-03,8.386359281708487615e-03,4.704648634585644959e-03,2.544670297837723846e-03,1.966870093513597983e-02,2.126900450501400391e-02,5.494084455676235233e-04,8.541854445592824557e-03,1.595373479636312628e-03,3.331568449432472517e-02,3.084828328978819843e-03,5.080041477350171961e-03,4.888233954226548633e-02,3.204347131693761116e-03,1.583766185634105867e-03,7.730559006639443694e-06,9.455180321797662397e-04,2.689939460261709953e-03,1.095660273612809936e-05,1.094619187604508118e-02,7.060543131736373400e-03,2.803836177943155959e-03,3.644891740220565762e-03,3.501101705740109100e-03,2.793755079946595721e-02,9.065887351390371565e-03,1.460172102296085524e-02,7.002613800872248273e-03,3.793987317788394958e-02,2.639857413626814364e-02,2.479943527979467516e-02,2.878423713373704299e-02,5.326585802941773834e-02,7.879502887854790416e-02,4.184814039740796660e-02,5.011903143114636999e-02,1.766254562144431352e-03,5.969193773242542286e-03,6.104459968756974393e-03,2.399518029901924823e-02,4.275197187949737916e-03,1.214350375635407306e-02,4.133209794402686876e-02,1.890319412120088777e-02,3.134728230640890755e-03,2.934154513389905690e-03,3.306174068715856675e-05,3.605706831864282508e-03,1.001139704204325641e-04,7.218212326770477539e-04,1.921018521057268761e-04,2.028577859332644047e-04,7.398812703961783884e-04,6.580316240172911840e-04,4.385782796216984369e-05,1.969707592205843380e-06,9.966595736396516216e-04,1.550359078986115243e-03,1.119616737848805159e-02,4.030669525741090164e-02,2.723519895744039299e-02,3.587909449872552208e-03,3.255826271014008240e-05,3.930394107238097123e-03,3.700332596840647404e-03,3.422505603912094109e-03,4.602135125812331293e-03,3.114460349864201297e-03,7.708823101427032636e-03,1.500580644471631337e-04,4.362672514093765552e-04,2.875366563740788719e-03,3.142421056136713176e-03,2.049333673994472617e-04,1.370362280900483615e-04,3.764626285031052338e-04,7.569193634984414110e-03,7.258051265823036065e-05,1.017014425613193889e-03,1.856388468316164000e-04,1.242219442745372401e-03,6.234413777778806702e-04,9.143867298665418752e-04,2.773631624825274129e-04,1.279213475392216226e-03,8.433787779528809222e-05,7.908359849645340200e-04,1.279254595248023303e-04,1.218290243225013825e-03,8.244219342280556875e-04,2.249273771398242142e-03,2.341381604631846778e-03,9.278731031928902362e-03,4.086689476318011114e-05,8.480381209072216948e-04,4.247656438669821541e-06,7.917273943997048345e-05,3.393093995392610154e-03,4.079781622251262008e-03,4.655084471803612976e-03,7.061617845269290393e-03,3.302661270284323815e-04,1.362263182478733836e-06,3.881662822604634933e-04,4.801168831978070936e-04,2.163235865630094357e-04,7.996499640499468362e-03,2.356233143262315101e-04,1.357018143809094824e-03,5.182293167128185565e-04,1.199215647632274418e-03,5.615053063051561355e-07,4.206770064202064972e-03,1.376245849329202353e-03,6.310353685817708495e-03,2.654442205328256589e-04,1.750902360351540852e-03,1.212426458035291496e-06,7.066330290107773098e-04,8.310739750532113182e-06,1.680886881541658064e-04,7.268409865534246469e-05,1.989989250629576288e-03,1.133961414200435595e-06,9.572036498578837633e-04
2.802340454720813039e-03,1.475089655931983057e-04,7.701696302220366851e-04,2.180546117956357684e-04,9.992994793828239089e-03,2.041159410885288669e-02,7.819139758663357575e-05,2.346214431617877835e-03,8.664477412706885016e-05,3.460988207505181461e-04,4.536826478141129651e-04,7.094143183696901027e-04,2.510987051502852618e-02,1.764129578179604585e-02,1.722602332196186735e-04,8.434347041302159417e-05,1.122483469465237506e-02,2.197950524252566956e-02,5.498658924471489925e-06,2.654784738968979146e-05,1.901419801006614882e-02,6.452685129496421070e-03,3.101177123630909863e-03,3.479710329722519868e-02,1.606602835649058314e-02,4.509994586428438257e-02,1.169866346191243515e-03,2.161195384627888436e-03,1.641326158144129285e-02,1.734356807577475817e-02,2.197491429253316947e-02,1.171807760161270445e-02,7.377814801460625196e-03,5.817913583447302528e-02,1.355900748687557666e-01,9.352098215813844928e-02,2.499573099941812884e-02,5.167938562062467100e-02,3.955403369099964872e-02,2.931477372712559260e-01,2.931762252713351197e-02,3.043444307936107873e-02,1.373349402454657198e-01,9.953264114823603612e-03,6.520159193585621515e-02,3.728429038256235450e-02,1.510863533334256929e-02,1.576926392990118616e-05,9.604587045107002702e-03,7.119092863692789638e-03,7.105010561398593556e-03,8.105866336412684444e-07,5.506606013093611526e-04,1.218999895445718566e-03,2.134244664520428794e-05,6.414381189358946307e-03,6.945147985197616669e-02,2.052991994383697449e-03,3.621935434044138563e-02,1.382033769703214579e-02,4.256123602361824160e-02,4.111089653643731218e-02,1.044987450772006624e-04,6.892921899703409461e-02,1.261627447277713018e-02,3.609276898303731117e-03,3.648071202703671249e-03,3.612129411469097782e-04,6.278902265482555044e-04,9.012737031662159840e-06,4.375331836814829877e-04,1.053170360618716113e-02,7.309652892730624024e-07,1.406838218348920640e-03,1.912516471203157611e-02,5.529762180049475895e-03,1.506003039367226175e-02,5.298448276586190456e-03,2.270959791278407899e-02,1.345916265434521754e-03,6.996128782486826965e-03,2.831046706921799133e-04,1.132649449733927268e-04,1.331106500644354184e-03,2.395100058908143387e-03,7.626868352073141663e-04,9.245303008852014462e-03,9.514186485650857417e-04,3.258297079370682680e-06,8.124455614403744072e-03,3.747676757907789612e-03,1.328441245111854508e-03,2.766627110217460828e-03,8.046216427140286381e-04,4.782897763494402266e-02,3.242727254539928133e-02,7.114861147951880016e-03,3.267151364689654057e-04,1.195898724963541328e-04,6.301439931502875961e-04,2.480271609461962273e-03,1.285926723370219363e-02,2.313210331327267562e-05,2.120328160548272747e-04,5.811088595184418087e-03,7.299488691609300021e-03,1.211545025425815169e-03,3.268118625198531188e-05,1.020210680705920360e-03,3.353049795602255906e-05,7.713791068603510683e-04,5.874070281667658280e-03,2.419242911310895416e-02,1.014375162504459580e-05,1.110694376635463186e-02,4.590594643836316650e-03,2.349159166382319697e-02,4.761119062419823071e-03,2.548242830998234676e-03,3.136167723433240517e-02,2.966664870148290594e-03,4.463300104305023184e-04,1.430250523204939323e-05,8.038887822991775192e-03,9.995157511424183124e-04,5.519980812868692131e-04,2.302096952168597097e-02,4.568534164364765338e-02,2.227232607858490102e-02,4.616118961806627832e-04,1.319026554754574102e-02,1.970787031168824699e-02,8.895467308061314957e-03,1.316550477987359861e-03,1.519987828872787668e-02,2.337055881862186782e-02,8.193157529243752513e-02,3.224300989519423427e-02,3.745467653062961502e-03,3.240083659743861477e-02,2.059086606476568521e-02,1.075271279921434092e-01,5.971458854917294917e-02,4.389092655115762673e-03,2.311225905538136574e-02,4.669847518972033290e-02,4.554689483869302224e-02,9.967551476069492697e-03,1.059407881157857501e-02,6.178145878886961984e-02,1.805075347515180603e-02,1.830041245913231751e-02,3.843924896653489603e-03,5.538224184590104383e-06,5.058961380406719853e-03,6.033253581812426068e-03,3.655163605124250089e-03,1.899446182718106651e-03,6.232224865983736727e-05,4.716712443897057641e-03,2.609622582818139046e-04,1.146436158122304935e-04,2.661605784352788753e-05,9.514186485650855249e-04,2.024243253955880907e-04,3.963581390203458482e-02,2.790831906711054022e-02,6.714146172035094506e-02,1.548699776705067240e-04,3.052354204573176719e-04,2.499049628690466589e-03,1.537537385532065915e-04,1.067422393035112778e-02,1.054924433546621833e-02,4.149272096557183112e-03,8.360534576235481184e-04,1.629094622899612517e-03,5.033274674550429310e-03,9.059602827706781519e-03,3.459529109757828208e-06,6.508743432388108818e-03,1.401853425235931490e-02,5.332108791245237199e-04,5.986680809489451464e-04,4.811307043666707313e-03,1.608586768517811585e-02,6.244324949686011619e-07,3.351930879513265963e-03,1.165222011577342863e-03,7.343896161354617098e-03,1.372254857350996889e-03,4.648358718609124467e-03,4.583846228391994806e-04,1.492515527476661989e-03,4.303806002808641638e-03,4.945932696961979094e-05,2.028177351942106032e-03,4.322332165123073674e-06,1.481719052066020814e-03,6.191031568939788128e-03,1.896369221429753063e-05,3.451724639915171723e-04,6.156827937938013522e-05,1.928656908866163266e-04,1.515922683156504516e-03,1.003365517171372770e-03,5.238340151661972227e-03,6.060316759805423927e-03,1.289479330498356064e-04,2.815030339055047854e-05,1.476387160670354583e-04,6.773470829920876131e-04,1.776322356288907982e-03,5.081009932015047650e-03,1.117154189563057475e-04,1.115287808160451689e-04,1.566821119506334983e-04,7.203424649195107766e-04,2.515863187963052585e-04,2.001402390525517115e-05,5.385072028716056738e-03,9.474264636951569216e-03,8.035866710595033352e-04,1.045185950367204762e-02,3.766325488173830950e-05,2.322561937607284298e-04,2.601425175477437468e-06,2.484841101613717541e-06,3.422229820807808163e-03,2.058803180160375442e-03,1.657641439302040526e-05,1.710615329500624233e-03
7.724260265819165661e-04,8.660082130224571593e-07,4.403393740032474191e-06,1.613202696891751400e-05,2.772797359829915886e-03,5.256861859593078834e-03,4.112372001589682802e-03,3.638099986187960937e-04,2.097740484731738103e-03,1.799643281079792980e-03,3.145113244414503555e-03,6.052553142503408826e-03,1.965839875172241749e-02,1.256182235698538076e-02,5.857700687533932103e-03,4.811486766513547314e-03,1.474995484389849017e-02,1.460424595290205595e-02,6.645120873887908237e-03,7.057742814532664069e-03,1.438764869463396434e-02,2.888426131650537621e-03,1.277452185671025357e-02,2.538185520959638716e-02,2.102576094753055326e-03,3.321119843395552856e-02,1.160342763709014402e-02,4.038627511058335770e-03,2.740831023248251844e-03,2.457730203198576872e-03,2.138725636375456412e-03,3.464101707682693074e-03,2.127095733315091230e-03,6.801859988615957704e-03,1.794163809849040614e-02,7.976680272067831687e-03,1.520697840075758457e-02,1.355971019762984391e-02,7.067540642357165483e-03,2.931762252713351197e-02,5.444164148440753387e-02,2.527824087674567649e-02,2.741433405980046520e-02,1.017608899973833705e-02,3.685010382765337850e-02,1.802452791865400555e-02,4.966797314305779898e-05,1.145630971397017397e-04,1.201642168489270614e-02,1.429668100333094521e-02,4.440643589319524798e-03,1.075017080017533775e-03,2.128508092235259237e-03,3.848232348853772300e-03,4.783373193020596845e-04,1.100925119730632694e-02,5.910110640112435816e-03,1.240960019531006956e-03,3.570373724564523347e-03,1.375623680843841888e-03,7.169727498888193648e-03,1.342659954054635507e-02,4.259423545281939747e-04,9.813778011433660006e-03,1.926925652395837345e-03,2.744346870629133829e-03,5.304758706179490448e-03,6.750187204691719732e-05,4.251187829705220132e-04,1.329735478168170282e-03,4.834302816815291061e-05,2.841492230112635151e-04,1.712354899850769091e-05,4.697434592546967770e-04,5.203723467214507693e-04,2.014837737548215557e-05,2.637854840018940267e-05,3.022437344609017751e-03,7.907475611154198177e-04,1.032159390274295678e-03,5.491050207870205781e-04,7.162586736626529171e-03,1.016506160198009292e-04,2.024197689131726090e-05,5.999044509584723216e-07,1.591391248434595321e-03,6.200254859800882930e-03,2.936192418337713658e-03,6.750187204691719732e-05,8.146303046873207276e-03,3.071030835349425033e-04,2.070596047630324666e-03,7.656245220998804217e-03,6.758707553421030385e-05,1.727705766911403346e-02,3.002326939659814842e-03,1.009584180007104060e-03,3.914874363065130956e-04,9.005419846701093753e-04,1.592565285175813949e-03,3.011143347815609626e-03,2.501132272140652556e-03,4.291439848964311422e-05,1.532128869451930542e-04,1.700886187874684754e-03,2.645008926370543117e-03,3.721247836762179954e-03,5.863305594266433017e-03,1.333235382649621079e-03,1.802852938956049167e-03,3.211462592771759626e-03,3.842898741343851732e-03,1.445096525197207826e-02,4.736778164307785775e-03,1.437213530089307897e-02,7.070600548746591344e-06,2.796427483740016127e-03,1.980718601092059663e-04,3.799164641697173536e-03,8.033339654809410271e-03,3.871932057147487935e-03,6.850450526237681151e-03,4.557460710632094125e-03,7.962335732796699261e-03,1.185836439351405308e-03,6.500497955071459465e-03,1.043128055836099397e-02,2.275362084199732127e-02,1.356833235641990640e-02,3.759851880149318697e-03,1.005318376146247319e-02,1.445738494377788071e-03,2.863630177477713770e-03,1.640985676099381528e-03,2.571355142376732360e-03,3.278251804860705249e-03,1.631429709248373439e-02,8.603192470747306544e-03,5.342371040376752995e-04,9.009749094831662544e-03,3.834633178835119508e-03,2.173210152693260538e-02,7.661438139441847407e-03,4.991316862942520374e-03,1.746021262026410323e-02,1.983681047655243279e-02,2.256509038763733835e-02,5.128200904032193148e-03,3.990900944429966006e-03,1.048645602452498611e-02,1.540725748805814099e-05,6.495199870154569170e-03,6.075602633270666851e-04,4.089099477305330029e-06,4.989966039503271507e-03,3.350634216250697808e-03,2.274204659205547943e-03,3.925024836082381327e-03,9.698156117818024745e-04,7.326072197633841409e-05,3.423181930951428868e-04,1.847635600115440880e-03,8.253250925693818643e-04,1.990617972089913854e-03,3.850672272035907036e-06,8.542293634123563836e-03,3.173116513858272036e-03,7.884383481897220061e-03,6.634980726401613649e-06,5.086188243706964499e-04,3.627855861167159426e-04,3.280244056674969707e-03,2.933491741684993246e-03,3.745790749173553524e-04,2.771834502029500258e-04,2.987926810126153557e-06,4.487268167104396278e-03,8.952322721453719219e-04,5.956335710800124156e-04,7.259224302816401179e-05,1.522169749680806616e-06,2.575812058849566953e-03,1.432027091714151298e-04,2.009238981800256542e-03,2.338074952277591849e-07,1.363569536814140935e-08,7.112271560506903782e-03,3.320886060453142382e-03,3.660047341559163588e-04,1.650838732038442246e-04,7.888650024464959444e-05,1.586727204151550065e-03,4.005105713399050630e-06,1.354694847980099641e-04,5.061256937819875448e-04,4.356053592560887866e-03,6.301232064288794538e-05,4.834302816815291061e-05,5.918264735477039200e-04,7.955936947570307254e-05,2.331946595506781579e-03,8.768010510874604032e-04,1.861697344904639236e-06,1.902249410256734571e-03,2.454807581009710651e-03,7.913537617918053749e-04,3.323616011108674901e-03,1.847259642326278938e-03,1.520128374183821662e-03,1.982432191485226231e-03,2.859717350237673183e-04,5.807711426204928488e-05,5.171165410063650707e-03,8.677886671380412309e-03,2.837088644170821482e-03,1.055183106545305250e-03,2.013100265696257131e-04,1.286608678221174220e-04,1.591970540522334417e-03,3.071094447550221183e-03,2.155295996515076834e-03,4.404301348706140574e-03,1.400321860314559987e-03,2.279384805714133183e-03,1.519122257699917098e-03,8.605190481103152300e-04,4.116699209020478474e-04,7.728850850814075605e-05,5.820140517835688081e-03,4.529628123960733992e-03,1.494510464871198936e-03,1.201512058999576124e-03
8.545399202055676136e-06,3.299781290113468367e-07,4.552632485909457018e-04,9.898533664378395352e-06,3.213369358888570546e-03,6.366512639389049905e-03,6.812453652048996609e-04,6.052226746056234112e-04,9.420982979944450835e-05,3.208932420787518388e-04,6.937523277760080478e-06,2.980627318081355975e-03,2.455736356169818668e-02,1.785826476444307698e-02,4.792780726270564479e-03,3.407752720916523530e-03,2.247393970653231016e-02,2.152714186752511388e-02,4.903451647873890464e-03,1.134075440446662836e-02,4.449268002860403901e-03,3.783938369102353397e-06,1.014763112691709906e-02,3.353223554604491813e-02,1.342403929651963519e-05,1.845657190651667223e-02,1.628026185798459166e-03,5.217806440468513406e-04,2.644617700834183804e-03,2.913683999522166668e-03,3.359939352185198260e-03,5.754370033591314814e-04,6.867712334369846690e-04,5.509091380532453452e-03,1.823929194339912740e-02,1.632556489581867692e-02,1.787939005072673379e-02,1.476209893107208009e-02,5.767094843065891790e-03,3.043444307936107873e-02,2.527824087674567649e-02,7.946024178438187979e-02,4.375636850370324960e-02,8.885088136772823289e-03,3.026248706532747718e-02,1.610117326403182753e-02,2.699932712127257818e-04,1.012067118946963023e-04,7.431923331369995681e-03,1.446995556352020408e-02,9.370373011412349781e-03,8.999681326470745989e-06,1.544734172368807243e-03,3.941178656574962410e-04,2.265649888819959261e-03,7.049657962059974192e-03,6.732015445121972315e-03,1.714453044812337061e-04,1.361216499271825000e-03,2.829248100210056101e-04,5.852062564127204908e-03,7.280765306939792833e-03,4.688530080042441206e-03,4.009360018034169651e-03,1.002542471805378848e-04,4.057301850043048782e-04,2.563921090192321749e-03,2.574985541353378695e-04,1.252369590517947179e-03,1.453015624695634522e-06,3.232677451808901588e-04,7.092615093235918582e-04,6.479584860043717488e-04,2.348413399606166612e-04,6.249101834813552449e-03,3.572599389884234793e-03,4.917203465273204711e-04,8.483100038807248305e-06,5.091850174512593807e-03,1.349721218784390251e-03,6.378797250376264496e-04,3.564454725011492568e-03,3.255995393511493924e-05,2.312127574186954127e-07,6.811052679200728377e-03,1.126342270148682212e-02,1.211856132676954537e-02,1.763483681524219806e-03,7.246358201046540579e-04,2.556967020681574342e-03,4.353007961467194968e-05,1.957364569664619362e-03,8.095311976405512866e-03,3.878687693348807208e-04,1.524643339518703435e-02,6.015441910680910083e-04,8.253418050143097406e-05,5.854007970165294068e-04,5.934736667251312714e-03,5.261382501848430211e-03,1.504316536802605304e-03,4.841146670588012367e-03,4.835637771424999344e-04,1.597443449798735841e-03,4.029805767431135152e-03,1.522742994992464178e-03,4.840451621549431236e-04,1.681782631688497672e-03,2.564483612088356361e-07,1.116548306956746401e-04,8.011070107350785289e-04,4.239239758466028379e-03,2.408776603313208392e-02,3.724485446012195094e-03,1.337591269207610671e-02,1.677387526844803479e-04,7.542840817006517436e-03,3.938662482288767300e-04,5.752411270094699020e-03,6.675752048328252933e-03,5.968343315872350931e-03,4.276951997570339024e-03,7.332361698061135719e-03,7.258604565141443506e-04,2.460501494637117969e-04,1.185959657744365195e-02,8.314567117407151847e-03,1.962161666871519924e-02,1.836143048172126507e-02,1.505233702548366406e-03,6.496974217304620457e-03,5.162270845709281304e-03,6.559845048564297461e-04,3.377435491436806101e-04,2.641292494045104685e-03,3.081269777514121424e-03,2.302395820517443709e-02,1.557015719047694959e-02,1.885649681449235295e-04,1.147740079863357812e-02,5.411619674761920275e-03,2.107883461313741005e-02,7.453150867089147411e-03,2.688082282526769399e-03,8.977020324971801690e-03,2.876583138599889816e-02,1.533279448939835199e-02,3.643332449954089173e-03,4.621783091597368547e-03,1.804139553642474664e-02,2.465215412261280575e-06,3.147874447085480341e-03,1.865331597283935439e-03,2.555831978979594492e-04,2.195821619057985682e-04,8.399962487200781855e-03,7.293340373323973938e-05,8.348467854001787730e-03,1.855721407811438328e-03,9.082439387001357270e-05,1.038281200209457576e-03,7.476712335036505425e-04,3.075108572594757966e-04,7.617342088838542462e-04,5.017217815880012453e-04,8.834850608551282278e-03,3.476866138829646461e-03,1.426521793045579939e-02,2.054142115905682742e-03,2.395831009516562139e-04,6.007811535156852914e-04,5.850028110469752875e-04,6.676835518313296684e-03,8.052358205014842647e-06,6.273125715385771510e-03,2.683239545668510400e-03,1.776654038969302952e-03,6.225014154151475507e-03,2.066731328426783365e-04,7.258752831029521716e-04,6.525549640918605306e-05,4.633309638082029440e-03,2.770841851322866493e-04,1.360646160097859526e-03,3.798134879149550787e-03,2.214615081418379598e-04,3.850098985643442880e-03,3.004010558403738280e-03,4.050517715685792320e-04,6.842049482953358949e-03,1.358013129373365390e-07,3.691388670501547821e-03,2.373887062195276457e-05,1.176598410048460734e-03,2.786841671364196304e-04,7.322949270271092437e-04,2.747155617307958046e-03,1.977806552158250034e-03,1.945156728817535208e-04,6.936420172166088188e-05,1.638317763868278772e-03,1.176843977997295515e-04,5.998788173879408391e-04,2.729927701709938901e-03,2.483791828609582374e-03,2.288461937535923234e-04,3.546801649171694515e-04,2.532884314316274834e-03,6.765415928656668375e-05,3.011045698208299616e-04,1.647438078803027943e-04,2.056425268648581690e-06,5.026224034759399495e-03,9.771112489761325445e-03,1.767341778404537999e-06,6.614815903544833988e-06,7.911203533760618393e-06,2.982822704060983658e-06,4.476997396334273481e-03,2.380001365351464872e-03,1.009626972940351345e-03,3.187444886821702659e-03,1.815231143036583929e-04,3.198553851696281022e-03,2.854179953442173611e-04,1.969676044516975770e-05,8.524941445964330318e-10,5.967779782052459536e-05,2.360252024181354585e-03,1.804570522331726615e-03,3.982103751931883912e-05,3.571812190696299844e-05
4.514816245778757969e-04,2.068513844574194069e-05,1.223299900440673401e-06,1.182358974517225954e-05,4.952901672143474564e-03,1.237377042545926772e-02,2.705795850858403579e-04,1.635212429982838868e-03,1.712329212187801374e-06,2.014870915335007537e-04,5.803071237362447736e-05,2.711183592848483669e-03,3.214038857619905959e-02,1.759242480679501855e-02,6.041347305343107514e-05,1.999879208912054153e-05,1.413317968134112333e-02,1.892253282349276935e-02,3.510934805372212014e-05,1.113901306657343927e-04,9.452880790823115637e-03,8.176447607470052061e-05,4.170839181142301649e-03,3.182655895325761652e-02,2.374895712617759638e-03,3.588581634094292760e-02,3.922605722449591160e-04,7.318012964639695800e-05,6.508022905839822882e-03,8.980046450603568556e-03,9.098388850106489331e-03,2.119896807270911163e-03,4.354975528676822451e-03,2.307745368900497585e-02,7.727563053986036268e-02,4.732995075324320650e-02,1.931774445372090934e-02,3.118099445277043233e-02,1.991858463861411604e-02,1.373349402454657198e-01,2.741433405980046520e-02,4.375636850370324960e-02,2.037962495861350420e-01,1.605039463186813675e-02,7.432152043628918736e-02,3.909687376943797588e-02,4.350251338656239627e-03,3.516774575972693765e-04,1.074352849737421692e-02,2.055665126450730712e-02,1.100364144393126478e-02,1.100378599450290317e-05,1.425098832597680330e-03,1.023234130025049357e-03,5.746804450602361084e-04,8.702558687722952366e-03,2.523160578435431484e-02,1.604964038249783831e-05,6.071051180210593895e-03,6.824482330459980765e-04,2.759534130733720669e-02,2.549108713362109591e-02,2.297857698499025485e-03,3.788240764411283934e-02,1.573540199532884364e-03,6.007692781740069619e-04,2.696437044544982816e-04,4.551898171236980184e-04,1.146002051380483116e-03,2.603886062570324924e-04,7.691117901329651215e-06,3.292285552625111300e-03,9.427950093863743429e-04,3.319934703823891717e-05,2.567317859399868146e-02,8.204784072085942806e-03,6.450911052116137939e-03,6.698724452761690854e-04,1.754987575030666005e-02,4.761145946863859393e-05,3.798817504114861414e-04,2.785582408789948495e-03,4.047437286002082946e-08,1.423640809164466873e-03,8.326801727138306158e-03,8.196313420800554334e-03,1.547878584103737180e-02,4.608693809586473676e-04,3.208709056998345298e-04,1.387959871207374365e-02,3.987917265516224136e-03,4.820381765497329905e-03,6.057056924710949204e-03,5.536555250287478538e-03,5.932577367673889240e-02,5.986542840189622815e-03,2.515024571714554423e-03,8.233843968797526164e-05,1.529694841022810918e-03,2.350377181838655201e-04,8.873268273589248823e-04,5.707569677052872111e-03,6.746385488319064634e-05,9.153521432351358091e-06,2.936313394808072810e-03,2.585213086408657407e-03,2.888293431394635077e-04,7.978903430925539256e-04,2.380092392030723524e-04,3.490040645660727938e-07,2.775377583418331862e-05,5.588014052143742971e-03,1.517798395573773107e-02,1.837084361258773931e-04,1.076749909648524149e-02,3.050101747494839838e-03,9.304562848132330588e-03,2.387758185448798053e-03,8.883610729906015737e-04,1.381088792803879771e-02,2.359412239681403164e-03,3.974024876071048000e-04,6.353253890254401777e-04,9.067306477011947757e-04,5.261378165277515889e-05,6.494004495864139515e-04,9.732566717464393238e-03,3.235161970057554709e-02,1.242174586226847850e-02,1.691563927618228323e-05,5.623879747507039804e-03,1.227283486255220657e-02,8.217296839919686338e-04,7.662965668486427552e-04,1.417564940387072096e-03,7.553512816350227942e-03,5.007785121741914480e-02,1.690297538208868425e-02,1.325112139571290107e-03,1.686932688158170393e-02,1.265303084877117401e-02,6.495086455187594476e-02,3.417084743194975099e-02,4.414269732193379023e-03,1.908389199722558202e-02,6.253282249446463770e-02,4.347658399293588549e-02,9.365297949322545779e-03,6.414770516963173852e-03,5.415733644275985692e-02,7.579855489175907172e-03,7.710462934594214911e-03,4.421409579140316709e-03,2.862174356171936986e-04,7.236352805715723022e-03,1.899152592013478302e-02,7.557527872826463530e-04,9.347883204380652566e-03,2.973776058545383408e-04,2.251473676845371346e-03,4.430538420911708298e-04,1.780220871853243193e-04,6.296096256901644048e-07,2.313514292255866763e-06,4.557194701423513544e-03,1.677419383050451213e-02,1.122792739338868660e-02,4.905693689177758471e-02,2.079113170696995656e-03,5.557124859819083428e-04,1.586698527622712549e-03,1.419233039584626805e-03,1.797978929945896753e-02,4.302486532261844522e-04,1.124172644007509318e-02,1.315491433129602076e-03,2.140488583254390113e-06,5.791363062846557712e-03,4.249829766461964316e-03,1.249077020390954029e-03,1.457498001870478378e-03,1.580176149918464251e-02,2.348576712325482811e-05,1.908530007412912594e-03,9.130939563311736909e-03,6.992427850206297570e-03,3.181626131279181868e-03,2.737093956795477821e-03,4.842352421301828348e-04,1.354054217793040742e-02,9.056394996348250161e-04,5.961538349031209050e-03,3.968771263938020155e-03,3.283535049591116989e-03,2.372958453866842211e-03,1.619011095131604695e-04,4.288529017974611508e-03,4.086698921547239714e-04,2.617083252902325270e-06,7.722534766794633243e-05,9.185309104821797247e-06,1.799328112383110625e-04,2.700294487652513857e-04,7.833311814963595660e-04,8.239719568702124622e-04,7.427322845047751700e-04,3.221461343727166637e-03,2.689595997242070092e-03,8.075985961068373690e-04,2.584700606159854946e-04,6.377392135247073697e-04,8.103553613438133942e-04,4.848683289626908727e-03,3.446122535240386114e-03,8.826394875062010476e-05,1.333715068269460980e-05,1.796696808551392801e-04,4.425030648052869116e-05,9.896307932171564785e-04,3.350349059999040645e-04,3.495239179294309245e-03,6.468221267353446366e-03,2.330058780859118554e-03,6.895623071960310137e-03,4.510729582070723432e-04,6.156712974537689265e-05,1.379737585391896328e-04,4.969056239596441119e-04,6.055573399530970666e-03,1.478414103992065553e-03,1.230005506541653367e-05,1.833671219318551426e-03
4.115801578130805043e-03,2.184405607314479896e-03,9.483453572404788043e-04,2.626791538631642378e-05,1.415778851719489036e-02,1.085064364107805705e-02,1.106141848575735616e-02,2.573654884164739559e-03,3.836281648629982170e-03,1.135606143775620344e-02,1.663894617981802326e-02,1.588095625899412985e-02,3.767759676116013562e-02,3.692579954863453150e-03,1.323219197005045134e-03,1.008999466983002621e-03,8.795830844105161778e-03,9.747250058864734973e-03,1.539501195417487638e-02,2.909940362120969678e-03,2.568551764532901911e-04,1.139185387297988409e-03,3.165063140400710233e-03,1.613513747932859540e-03,1.216784992989406247e-03,3.886109553450965617e-03,9.884237246604139434e-05,1.659660959555694481e-04,3.728675857946910869e-03,1.290960734850136972e-03,1.194817371488596323e-03,1.074453057072825325e-02,4.249443311877627860e-02,1.164938304016337536e-02,1.549580781137412100e-02,4.290600726719793166e-03,7.245440682811883117e-03,3.900124589759214333e-02,4.690233005073001296e-03,9.953264114823603612e-03,1.017608899973833705e-02,8.885088136772823289e-03,1.605039463186813675e-02,1.307660809335334240e-01,4.041533975342795348e-02,3.820375007818937324e-03,2.515386911992159623e-04,3.993785612673716318e-02,1.341781788239529080e-02,4.218022158363772534e-02,4.232832127571938864e-03,2.521516728152880128e-03,1.094668966438165636e-03,1.100592032737554484e-03,3.743225137616032591e-04,6.676137970587150972e-04,1.658059983188481072e-03,5.576088579550461319e-03,1.482734129750674706e-03,2.192165297448891630e-06,3.071576769210994720e-02,1.537306040794255389e-02,5.037362558254684756e-03,5.674705147781988410e-04,7.314773817044936590e-04,4.750122283261962348e-03,3.489492707728060906e-03,2.068407030709872117e-03,3.567459733677296688e-03,6.055304548694154200e-04,1.843927786608919733e-02,1.145802579389845754e-02,3.259140627689753600e-02,9.668117615252512509e-03,1.240061247270098912e-03,4.324862874390219582e-03,7.500838294067885617e-03,2.011891494816704304e-02,2.578584734591147110e-03,1.606658717788145632e-02,1.147049245364815430e-02,3.111279027972284339e-02,1.795867730855300794e-03,7.315047709047902346e-05,7.228662516435373046e-03,1.760451092398001086e-02,1.009279533540866428e-02,1.793486753601958653e-02,9.509393410456800700e-05,3.814942757046425881e-02,2.845407037121871650e-04,5.677515959826852712e-03,1.017730812669111196e-02,1.692552895501674495e-03,8.581145383162782844e-03,1.653012849392945793e-02,2.445499975047102717e-02,2.171267552281997207e-03,1.891061383417240796e-02,8.608192464261895174e-03,8.979535600101581569e-03,7.232485283848054738e-03,1.935694643724204634e-05,3.215049888625134836e-04,1.053908047781575846e-02,1.223299054439052486e-02,1.692749211010084395e-02,1.443472045761471680e-02,1.279279291458432916e-02,1.191418470553149388e-02,2.627060338570283426e-02,3.276093001561361517e-02,6.256625432518893130e-03,2.937279330450930179e-03,3.632665377173432270e-02,8.053441116591061617e-04,8.225588571601952226e-03,5.578263536741610113e-04,1.895478063784669740e-03,1.154774842042702830e-02,2.674799124078755877e-02,1.345108363683883250e-02,2.878839031508513904e-03,7.905493057451190380e-05,1.601063559201549658e-03,2.533341695638036489e-05,1.160322217818571602e-02,2.925169630412791013e-03,1.030868449589983837e-03,6.337763092232941717e-04,9.554645684942009859e-03,8.774227321223964857e-03,1.840720626764726087e-02,3.623520170184258565e-02,2.133971691768078716e-03,1.346023686060467822e-02,6.204467892958059894e-03,6.907099931677440803e-03,3.696156922336643613e-02,2.674372846413164070e-02,9.227578940958998388e-03,1.528459073344990739e-02,7.886138959978831672e-03,1.919864803471856831e-03,4.533185192764899001e-03,1.255924008349023485e-02,3.203768660966010984e-02,2.772187694893662319e-02,6.030843162494065046e-02,1.217774319212794332e-02,4.839133463431669578e-03,1.302538536442429153e-02,2.844306612857373448e-02,3.082814226955852242e-04,1.164636597402837759e-02,3.339193416590661295e-02,6.887476611046989498e-04,4.330950185758424345e-03,1.046434196629321758e-02,1.571998052103383038e-04,1.570443699859018158e-04,3.491500792801292743e-03,2.772165193454708028e-03,3.260519853411102120e-03,7.661015551249125526e-04,9.331136173059750849e-03,2.748371367807546720e-02,5.740697185324708171e-03,2.923962150935448603e-03,1.270794614097631040e-03,2.504544061137250251e-03,3.060650392930323958e-03,2.043915949271658014e-04,4.935764770762881073e-03,1.490857156891564140e-03,2.607443137934322905e-03,6.413616409959298735e-03,1.106315023970392804e-03,7.943339891146117618e-03,2.577633909058595768e-02,1.766322472051972542e-02,9.628220592935819852e-04,1.244015132182237082e-02,1.386647854932042661e-04,1.115826025825006861e-02,1.080399633039099382e-02,3.258847670052585077e-02,5.172926773544452884e-03,1.899571040638832475e-02,1.897009187060630939e-03,4.557793114746943588e-04,1.090927893016591880e-03,8.103181177648444014e-04,8.733590302427204216e-03,2.547439978160319710e-02,1.982161403964890697e-02,1.290501063423187813e-03,1.054743195221350544e-02,8.821981465655534538e-03,2.661116051641697691e-03,4.232050112363802512e-03,1.558354130059744951e-03,1.825933460529406346e-05,1.513783959477123285e-03,5.218227593217030814e-03,7.746206359247942213e-04,2.520873117516464305e-03,4.851752740488145602e-03,1.593297487303976714e-03,4.060032584231141640e-03,1.474955899816969873e-05,3.311695951250846564e-04,3.987505115933763153e-03,4.836287448279529694e-03,2.210761687051367077e-03,7.586463007039650651e-04,1.680001383358369982e-03,1.179323099308472386e-03,8.228991036148442266e-04,1.634489141804815540e-03,3.171794195791594008e-04,1.775707411918378163e-03,4.194418597678549118e-03,3.265151528664315007e-03,3.995773021880726604e-03,2.240377260375272551e-03,2.186579623319967545e-05,8.713898023167680100e-04,5.723127529342291082e-03,1.159488261881639660e-04,2.240952981497807122e-03,1.677502429359047217e-04
1.308319280659715365e-03,6.030935632781287510e-04,5.234191695824497647e-05,7.670973025951293592e-07,1.195007613284349880e-02,1.658401757092718004e-02,9.845421887400182884e-03,4.146828337026980948e-03,3.570021429741162405e-03,5.139770454018873815e-03,4.360519264073651168e-03,1.316172258793893435e-02,4.271777986019422574e-02,1.400783764570920180e-02,1.938877058466269461e-03,5.409187210174137839e-04,2.257885773367518042e-02,2.690255889281751439e-02,5.768749256662084046e-03,6.654162086071500545e-03,6.264405081822247562e-03,1.089298489875299090e-06,1.014959258249741383e-02,1.566845674162973753e-02,6.141600513016934315e-05,3.520750478074589906e-02,4.214917311116979717e-03,1.359141669818375098e-04,1.069395922756717285e-02,5.052410345880904881e-03,1.354313706817742574e-03,8.890577111669104721e-03,1.277714780164869446e-02,2.623907278926879832e-02,4.191962740900296441e-02,2.212861024404729274e-02,2.714049459018932214e-02,4.776540909746494756e-02,1.263405796080644197e-02,6.520159193585621515e-02,3.685010382765337850e-02,3.026248706532747718e-02,7.432152043628918736e-02,4.041533975342795348e-02,1.750976842419569857e-01,5.377291874119492776e-02,7.293040997868273020e-04,6.501639552984112523e-03,2.497597584020499681e-02,5.000981255917135576e-02,9.552509600073786494e-03,1.028281331417703939e-04,1.694753386437266749e-03,4.847129190591845951e-04,2.236962370011628867e-03,8.999970216039604107e-03,1.749611654166575644e-02,1.481434376385118499e-04,8.345336924657045449e-03,4.897292082483298975e-03,3.306458404485525249e-02,4.315863612756579148e-02,5.626681637383024528e-03,1.455517567786387620e-02,6.149342391524318307e-04,4.839859144805253033e-03,9.655807639396746245e-03,7.929297870481861153e-04,2.052363205166860796e-04,2.746263424871223444e-05,2.005812947093797097e-03,1.197780076446842469e-04,7.654775330710473493e-04,2.420405850796776386e-03,1.638556287047323451e-02,9.146859098408587291e-04,8.457979548365314221e-05,3.774288628645295750e-03,5.826942489013694007e-03,8.658529345085813969e-03,2.480749999189795982e-03,2.229036520928100867e-02,7.711116167889825153e-04,2.393403869628329527e-03,7.281434194237967547e-03,2.017734749741897926e-02,3.350001434297817521e-02,7.107445207470319132e-03,1.936843928099607958e-03,3.023698829259501009e-02,7.700362812909680200e-03,5.583455801738950591e-03,1.552260286789471262e-02,1.822428881763128294e-03,3.924352783513793130e-02,8.702059216660727389e-03,1.339393813791911383e-03,2.664086463883707893e-03,1.359931479214254897e-02,1.228908075745224759e-02,6.725973051025269621e-03,8.748695949221388032e-03,6.948362005404110997e-05,1.081669371915179888e-04,5.254474222710163976e-03,7.939585502274054685e-03,1.071946115745872792e-02,1.151841556168475139e-02,7.289878392019622129e-03,4.978616460220114566e-03,8.193921692035312579e-03,1.056445544517915433e-02,1.819383281585485596e-02,2.641341036072034857e-03,3.476778792950083186e-02,2.081690177773207925e-05,1.018281017232605841e-02,1.606265521153970718e-05,6.995556383176945899e-03,1.912727827798471267e-02,1.409738859710701203e-02,8.675047944249005341e-03,9.686232485493486907e-03,2.370506155449035243e-03,4.070841440719359617e-05,2.263142942004387360e-03,1.670444867859268226e-02,3.753459780153872716e-02,1.327237492123770068e-02,3.942784527308004078e-04,2.072067281943220166e-02,2.477498834971136356e-03,7.553884048390166299e-03,9.064131550305958365e-03,7.604387881983122599e-03,1.381062008960805797e-02,3.275787133776394966e-02,1.519536875445125224e-02,7.864232072035499607e-03,1.941646868814559529e-02,1.129984421336613191e-02,4.352875140168839529e-02,2.057453728945631347e-02,6.833883405420611810e-03,2.662583726716498053e-02,5.971354404845395647e-02,8.911180643355472164e-02,1.678297832930869191e-02,1.723880436623968782e-02,5.567548112298072172e-02,1.614201210443725711e-06,2.364597733899305096e-02,4.849132706168163796e-03,2.263162318053272855e-07,1.691055448303295863e-02,3.326114156764976154e-02,1.136006586847611690e-03,4.541121878024860677e-03,2.651727369329527455e-03,6.437530454993636636e-04,8.353207230405467992e-06,1.106188029800702624e-03,9.933723551298239470e-04,1.677671886654902864e-03,7.314266046470024700e-04,2.046754945430778738e-02,1.448789389850789651e-02,2.261328721777616790e-02,7.304261338424203852e-03,3.516364659837997297e-03,1.410868399172061939e-05,2.690097870242799498e-03,2.150606412327215819e-02,9.215814413857091895e-05,2.751041064047463590e-03,1.359812701526007164e-03,2.746780650120664649e-03,8.071437656250738529e-03,1.700143355039834218e-03,2.949398718464566588e-04,4.664936342632602236e-06,7.798204127499770710e-03,2.017951795262851698e-03,9.521682717833350115e-03,1.767788431153375760e-03,7.595754677023021506e-06,3.122137755826765934e-02,6.961476932994804974e-03,1.576160674949900501e-03,1.125519450339350011e-02,6.778049866431001781e-04,9.695485508343582720e-03,2.370852882159877895e-05,1.134426187487772930e-03,1.490663014354677747e-03,1.227222182691008884e-02,6.516170361106589891e-03,8.944438768276587182e-03,8.582242357607272262e-03,9.626232947117933968e-04,3.315064656029232185e-03,1.580176754213247822e-03,3.338920451926660911e-04,3.030391923857434465e-03,4.316436848378774234e-03,1.037505294840649489e-03,3.620330166847552864e-03,2.565571209857311647e-03,6.914151857640433822e-03,8.125678753978645905e-03,7.359780685268300232e-04,1.404032936122775804e-03,1.028678569708548450e-02,1.259966368948472158e-02,4.644745660581445050e-03,7.256589319451791330e-04,1.541180756826780241e-04,9.758844894567570219e-04,1.049730799032301716e-03,8.472415059450039143e-03,3.720907214991037420e-03,8.167614624943466892e-03,1.147324055665827763e-02,1.059752576518778466e-02,3.878056327426391073e-03,2.543075832855349033e-03,4.834631073745894469e-06,2.032416950710205978e-04,1.284793501536808658e-02,2.524607414756898423e-03,1.873881252087052172e-03,1.430838286612539289e-03
2.959474565616386109e-04,4.002053550757349900e-05,2.519096226422273040e-04,2.935244713121412012e-04,2.984747462152229297e-04,6.650611849679205316e-04,6.920721895301440310e-04,1.891950975407596155e-03,1.345903596310751718e-03,1.339767688348249665e-03,9.170995301517444404e-04,6.949453005897147755e-03,2.472712423361718426e-02,2.538082221351020337e-02,1.256783544033455470e-02,7.888384338271573967e-03,2.400129305927359985e-02,3.373533046922254364e-02,1.114205543644434387e-02,6.702747854511735895e-03,2.532667890948787220e-02,1.643864566464671093e-02,1.468942699816956285e-02,4.003117348390111685e-02,2.407840043768490548e-02,6.135178512238898679e-02,3.858500671917061697e-02,4.694281119412758302e-02,4.080513341303083907e-03,1.311901822410056751e-04,1.069479429336698921e-03,5.871143736076141553e-04,1.449023649413728563e-05,2.209007558461290478e-03,1.081630123837378464e-02,1.064666594622928376e-02,2.405286047936531016e-02,2.502040687039278760e-02,2.507039234183191731e-02,3.728429038256235450e-02,1.802452791865400555e-02,1.610117326403182753e-02,3.909687376943797588e-02,3.820375007818937324e-03,5.377291874119492776e-02,2.166031963938524207e-01,1.747444423291413459e-02,3.166726894296068755e-04,4.472065192291595735e-03,6.422820623813598091e-03,8.737851338414609958e-04,1.968433233147912336e-03,1.879496236382810492e-03,7.850675259891496663e-04,1.389743979537544751e-03,9.891129738634554802e-03,1.519959639884940804e-03,9.103659231009568953e-04,2.428145619217054790e-04,7.500755060271703382e-05,1.177641216117759730e-02,2.642765128012355969e-03,1.480917693525476194e-03,2.272692037780314062e-02,1.736346151405469829e-02,4.298325863498685887e-05,6.575375695481186587e-04,7.412958074074943532e-07,1.971968452419512602e-04,1.127295232204373243e-04,2.936138179182879717e-04,8.927793374647641526e-04,1.401709799846396478e-03,1.367459606896634199e-03,6.202923260632397118e-04,9.385243892821955780e-05,1.050275205726957642e-03,7.225329053334923101e-06,2.912689486209903925e-03,3.549081700771431167e-06,7.503070153094816260e-04,5.556003143207912439e-04,5.234188149999904720e-03,6.268689247466174320e-04,6.067087597188987151e-03,4.980199005962491175e-03,4.114910769217048399e-05,1.809845070315092537e-03,5.956875298813813467e-03,1.213753822740032060e-03,3.283742615780393254e-02,9.524201368430733772e-04,3.746627398918730284e-04,1.036638231629264002e-02,2.072161155899398394e-02,3.766228841490917357e-04,1.186540674481711835e-03,2.009507463265980349e-05,1.040496903403684628e-02,5.883767348182715115e-03,6.298867863445152182e-06,1.093194006774537552e-04,5.202961904806390273e-04,1.269299043014554236e-06,3.954911856346081069e-05,1.071851462147847166e-04,1.306033364132606726e-03,6.274895050400992142e-04,1.270792480154946157e-03,3.072094721918503099e-04,5.402351783214525685e-04,4.869759215134680450e-03,1.267217721902833688e-02,8.549647350965288578e-03,2.418210561116748356e-02,4.495085499875960900e-07,7.657074926199791166e-03,5.932262958957152396e-04,4.205468008609197957e-03,1.121685042276573258e-02,6.980530730223762081e-03,8.973954737899853332e-03,7.074224183859032650e-03,2.291006823196609088e-02,2.344316112974486124e-02,6.276426878761478395e-03,1.835014346257527601e-02,6.631983582374180453e-02,3.205795817034087780e-02,1.236774302429101240e-02,8.737851338414607790e-04,8.109991122900552138e-07,9.360806151660373007e-04,1.044791961600157620e-04,1.881290155534922548e-06,3.097295341489486527e-05,1.189745702305014530e-02,9.800500076065313954e-03,3.482099117497869021e-05,7.392224352631037408e-03,1.866120648036268719e-03,3.527676322845996887e-02,1.059000372920570164e-02,6.809069390439069155e-03,2.086909481980763967e-02,3.514535208580980147e-02,3.603882368590486523e-02,1.558425378239564670e-03,5.163537387154873209e-04,8.948585280868069647e-02,2.358689600392973804e-03,4.795492645345463803e-05,2.048613348330212240e-03,2.012932080909264943e-05,1.659670902211251046e-03,3.275197114509319652e-03,3.646845863955156886e-04,5.159122268288734905e-04,1.184554345806246230e-04,4.310012402134499095e-04,3.576234080933726809e-04,3.850997845023083292e-03,4.427623477340003540e-05,7.793321178302195096e-08,2.487116594110979750e-03,3.565832803259250030e-03,2.428145619217054790e-04,1.362568018466122841e-02,4.815563171856630787e-05,1.605230370271923782e-06,2.981661496440195247e-05,1.479703396248737949e-05,9.315736248819874235e-03,1.829461898450641900e-03,2.758999665361342672e-03,9.822730320642562851e-04,1.129362063772493057e-04,1.372737102930433016e-03,5.559865571064177055e-04,5.196818246343980555e-03,2.808224080303551250e-04,3.888828457167114051e-03,3.208591410848467122e-04,9.471344238982284648e-06,6.493767939507097235e-03,1.418422442335425578e-03,2.127309343268248974e-04,6.860445797369571367e-04,1.568285290519071409e-06,1.305388969279433833e-03,4.201291797852400693e-04,1.120166130456244462e-03,2.884799826163771466e-03,6.755504001013988222e-03,3.521103067380544974e-03,6.128382030775897816e-05,3.457338532129656215e-03,9.366345402476538087e-03,6.415351303749564256e-03,1.918125643990462037e-02,1.862098084164509135e-05,1.502654706148613022e-04,1.793381111307939895e-04,2.303817452293980097e-04,4.375270056760565763e-04,3.010208461158897964e-04,4.290417186965802578e-03,1.180573662205560434e-03,3.775028689933012456e-04,3.176521038032053710e-04,1.334470243409143192e-04,7.425312024733974735e-04,3.627934056005384985e-03,8.309126131314755956e-03,2.414390352434301126e-03,1.482060407517776573e-03,8.674534027535095698e-06,4.242525644998705943e-06,2.505432957264869012e-05,2.672774083382766668e-04,7.915958923157096622e-03,7.734684859640682773e-03,3.992140126755146234e-03,9.562036607837921809e-03,1.415906503741695092e-04,7.107076105769663575e-05,1.658881186649494434e-04,1.422240980411657203e-04,5.212875023000889015e-03,6.133249148722862490e-03,1.062783176231111090e-04,2.379442846231169181e-03
6.822334339185458414e-05,2.043709145327570899e-05,8.741284182544704087e-06,1.557875107497383243e-04,5.630959278879477288e-03,3.111235126011577864e-03,7.979832831731792885e-04,4.445147737327278647e-04,7.673547709522839859e-05,3.138945638237468108e-06,1.771755252240139224e-03,1.954292144852452218e-06,1.791026788543155827e-04,1.121698470193885962e-03,2.334012399097182549e-04,3.450576126830822332e-04,9.809079925057961283e-04,7.698989763697513047e-04,2.122239380136742390e-04,7.510919531829757549e-05,1.870692187155277228e-02,3.400794980020557801e-02,2.009611399534314176e-03,1.164443679712557972e-03,7.733894962141371621e-02,9.743635055713701504e-03,5.442830244170567509e-03,2.469724346226780110e-02,5.332679957442901654e-05,1.932713662246449973e-04,2.514346066286860751e-03,5.760670431527121181e-03,1.955655458084466780e-03,3.927310618432538515e-03,5.479576454386994068e-04,4.601045649156553766e-05,1.538775146187296248e-03,1.318180735729052456e-04,7.401912239126193747e-03,1.510863533334256929e-02,4.966797314305779898e-05,2.699932712127257818e-04,4.350251338656239627e-03,2.515386911992159623e-04,7.293040997868273020e-04,1.747444423291413459e-02,2.543740205267053245e-01,3.292777883433898288e-03,1.502380198555719008e-07,3.280406136090139192e-03,2.387162268774606214e-04,1.613388596107686104e-03,5.355193368603912863e-04,3.030517201809059414e-04,1.199749179165310675e-05,2.598207195359015370e-03,3.683744192119234556e-04,3.132431932961715886e-03,6.347805688489231735e-07,2.792985451488008003e-03,1.811574752607479849e-03,9.164267188723249731e-04,3.980319009880515374e-02,8.597934479106185066e-03,1.846355042533991478e-02,6.161442715070627107e-04,3.742216628276842476e-03,9.699587923333119130e-03,1.918968679886398111e-03,2.818038614359321477e-04,4.221585589103517624e-03,1.932052073070052904e-03,4.438296355197760956e-04,2.908258004548267082e-03,3.141306079011563310e-03,6.375990355030970768e-04,7.027178923308534039e-03,1.557960814633959322e-02,1.499642804069586490e-08,1.629843803601358637e-02,2.636638709079750387e-03,4.710490642613849623e-03,3.240790879129115676e-02,1.168009175938471318e-02,4.927458374467742763e-02,1.111346537868326406e-01,7.996418347828901374e-02,2.495328363332231451e-06,5.287606981534519884e-02,1.070800662945070625e-05,4.493732893263044370e-02,6.588186787131490845e-04,4.993219781905732998e-03,2.093259751679096142e-02,1.336099457679290614e-02,6.627005079469291005e-04,1.301208169674247968e-02,1.238106949253303451e-03,1.319097921070608859e-01,1.511944823658858128e-01,2.722150561088404041e-03,1.558018201808818561e-03,5.718389270951496250e-06,2.434479279209552857e-04,7.036611480365536752e-04,2.811003977426325927e-03,1.057632355191367611e-03,1.062070285717120781e-03,4.134844456879752987e-08,5.618060482714106938e-05,3.306106688172024202e-03,1.355242103840665225e-03,1.425567290595286529e-03,1.596980235396541032e-03,2.975567520223907931e-04,1.232366894880631712e-04,2.039585341935867054e-04,2.537702562428065462e-04,1.472478776157771501e-06,1.477181534323002284e-04,1.852329395537054171e-04,4.297243933600196678e-05,7.056465805392940591e-05,1.752203264005125494e-02,6.845607102317433079e-02,1.546932887526356583e-06,3.369359794029539758e-03,1.606833684731026612e-02,4.922850683350446857e-03,1.304979073827757441e-03,2.636638709079750387e-03,8.182890702766990390e-03,5.860558764356366482e-03,1.415339791808795664e-03,2.323669654351517410e-03,4.954583965803421863e-03,2.421290837397449411e-05,2.732435869632713569e-03,1.610384002859953075e-04,1.710087092245733513e-03,2.215627858949052471e-03,1.857638838853921393e-02,1.872748970542656259e-03,5.044790833789672023e-04,2.065360742409563539e-03,1.043334965386833986e-03,1.450040070350089443e-05,1.349739513135379630e-07,8.428784406633740118e-05,1.035350709089214588e-02,6.411241137209627849e-02,2.901599331095970884e-03,6.588574636153186372e-03,5.772958326100687757e-05,5.947720556803350479e-04,8.999508942971207062e-05,2.365407768115097061e-03,1.474265911867930767e-04,2.043870402190300716e-05,2.253100040684671100e-05,2.237433922061133652e-03,1.392416469831304774e-03,1.657387880546586838e-04,3.349873776355764788e-04,7.524467706301169422e-07,1.528737719750661696e-03,5.959368411928358004e-04,9.971838853782439074e-03,1.470905587287786934e-02,6.473813830502423913e-04,4.563856976196556891e-04,7.191159299456880219e-03,8.511765656695240850e-03,5.349728596303149862e-03,1.771939028815686860e-04,1.084083801285695356e-02,9.028934195997136885e-04,1.077023678573027672e-02,1.793591266608530674e-02,7.176647092159565977e-04,3.145077931950089178e-03,2.212073327412104645e-04,3.202365558346259946e-04,4.073552741770868069e-02,9.106630393678188246e-05,7.526131243813143426e-03,4.911488206741329229e-03,1.139377501247285443e-04,9.109743492672503712e-04,4.809012672283782125e-02,1.317194783064480276e-02,8.491111235182514927e-03,2.458145499789988683e-02,2.488153831131289871e-07,9.609397778684575578e-03,1.138483943831807357e-02,4.791574399906262799e-02,1.010253318930820626e-01,1.097785664371031117e-01,7.255648579681063526e-02,3.795266298777225013e-03,2.559344901594569691e-03,1.185811476319818400e-05,1.583382097524419895e-03,2.666116172500764423e-05,1.240052320193521605e-03,5.442708907052541678e-03,9.488927021185538432e-04,1.913019958541882330e-04,8.843918860462151275e-04,1.701892118430078774e-05,3.067669077603312590e-06,3.861710011682463397e-05,8.163711085571552159e-05,7.099837666263589340e-04,1.089264353430548227e-03,6.360925821899908721e-04,1.426674352782243693e-03,7.858014634989104021e-04,7.957983962251323831e-03,4.665780127063016806e-03,2.537699300209214290e-04,5.259163240783571922e-05,9.440133236287413755e-04,3.573569133655073952e-03,1.765845291346439423e-03,3.774772277156005309e-05,1.006395811718161670e-04,5.234760106846114729e-07,1.089264353430548444e-03,5.114628571816754594e-06,4.726044496719193980e-03
2.657202768874550726e-04,8.607924681222976770e-03,3.378830612378732560e-05,3.495100720264346004e-04,6.264677487649851994e-05,3.559544167025458557e-04,3.003651306235411138e-03,2.546888867820188730e-03,1.642072150861502173e-03,8.385823559917184380e-03,1.005658691009305578e-02,7.759580319315889131e-03,5.126928732772245006e-03,6.166463634532833027e-04,8.112228309021605045e-05,1.007905780025418517e-03,5.182718051563343714e-05,2.158997273032782456e-05,3.386112215900469093e-03,2.899385520377541388e-03,8.767174380332916475e-06,5.037525021432403974e-04,4.120005588999355950e-04,4.490706677205994965e-05,8.423759721472007635e-04,3.067290394585682050e-05,7.251349431706215188e-06,1.760201574143079801e-05,2.971891973977718515e-04,2.155882828548437782e-03,1.819251006734607257e-03,1.435356237867284888e-04,5.264615273747556140e-03,7.592537525687200048e-04,5.708463129077356678e-05,4.174526965232111921e-04,2.707967449668537493e-05,1.688272721084042296e-03,2.870983173530496091e-04,1.576926392990118616e-05,1.145630971397017397e-04,1.012067118946963023e-04,3.516774575972693765e-04,3.993785612673716318e-02,6.501639552984112523e-03,3.166726894296068755e-04,3.292777883433898288e-03,1.751695234541065516e-01,4.524402282898241576e-03,2.836367357436422182e-02,1.177136323823236522e-03,7.880479303430538637e-03,1.221335569890214488e-03,7.891350408606119039e-05,2.651728430937239458e-04,2.547935793481058506e-04,3.364548653164559089e-03,6.396824136402434009e-04,3.745519321867307597e-05,2.276911133821243102e-03,1.036724866863268299e-02,2.773036164616058622e-03,2.042474348383492181e-05,2.642024959232715589e-03,3.117666307949875943e-03,5.806882254920823572e-04,7.184799478340740417e-06,1.250169354761904335e-02,1.194723375967973907e-02,3.500873348663456012e-03,4.095165896169726538e-02,2.139907562938158508e-02,1.697901908177957067e-02,4.836031807524273328e-03,4.999925034457373269e-03,3.379553071163349243e-02,1.600274762348567054e-02,9.590379389049913383e-03,1.687957368451779502e-02,1.728570946988666410e-02,4.146602598014130503e-02,3.322808939222583052e-02,1.310394071796501135e-03,7.989330804045992329e-03,2.923764064094866362e-06,9.618534534113564014e-05,6.668389167843138086e-03,5.927473736909429081e-02,1.914231229642555931e-02,4.328235267583519646e-02,2.352225188865848457e-02,9.745389274585111727e-03,3.214544796035224885e-03,2.381460733110669914e-02,4.313877894560628513e-03,1.269848903926319251e-08,1.284687771642689484e-02,1.093211198699027466e-04,3.540133966313566377e-04,2.367077032565304657e-04,7.110856432382986268e-06,8.387831463363817691e-04,6.837803326828069102e-04,5.259443547977454142e-03,7.198428662318247110e-05,8.663832691291708894e-06,3.953894897172322877e-03,4.480717800240744710e-03,5.132954800574777814e-03,5.828994944065320379e-03,1.327743874799618140e-02,6.759745126303197231e-03,1.920767226788000986e-05,1.424048412235808664e-03,5.910167398733338906e-03,1.931092473823625873e-03,8.112909697638891321e-06,1.565288454310147844e-03,7.229849681178851766e-05,1.117291523468700508e-04,3.279284712828803728e-03,2.865298229050922390e-03,1.713775413076084470e-03,1.373392887739021035e-07,2.637665698762041368e-04,4.192167150179758095e-06,2.301561708416690959e-05,1.819195598822998815e-06,3.285738742506335159e-05,3.990397847050146840e-05,2.641861574199148936e-05,2.451961531153769736e-04,9.316303844902703744e-04,4.777760475080884174e-03,7.450188459168177550e-05,6.137823953111904655e-04,1.087171077686422956e-07,8.650792626540906318e-07,6.058772588313240601e-03,1.842076778618862717e-05,6.375647874953493358e-05,2.454880073559976249e-04,2.172788256475087791e-04,7.251349431706215188e-06,8.421389656568314681e-05,1.197673938333280227e-03,3.389313830855613177e-03,3.879179217827884163e-03,1.475248193509394110e-02,7.342284438882400394e-04,3.694911892174817039e-03,9.324712059467365902e-04,6.020486150882494586e-02,1.569004283612597094e-03,7.980793594135058774e-03,3.196036064580147495e-02,2.268856110828156090e-04,2.017651656903766706e-03,2.256836351744852948e-02,6.706555115960220921e-03,1.521267061366477779e-05,2.969575689982660756e-03,1.568434019419647158e-03,7.040887812612954154e-04,4.994004913005430611e-03,1.928138613669261488e-05,1.373998798056750431e-03,7.254307341618014462e-05,1.718888346537663948e-05,3.424580990461500996e-04,9.679357115071273235e-03,6.542721596478565799e-04,2.213408616353176178e-02,2.736192403645480026e-03,1.728459977668700409e-02,3.284552228056466117e-03,2.941073825031723706e-03,2.694056299316527001e-02,2.128546505012107737e-02,1.271099191333094347e-02,1.474010396900880468e-02,3.185474009993586458e-03,1.257555751884765691e-02,1.429706944096940805e-03,1.632162994000721512e-02,1.711930807131668494e-02,3.195902260634676806e-02,3.466002142852206772e-03,5.700590005610373101e-02,6.972885642078013001e-03,3.801634413210953651e-03,2.086732400794915135e-02,1.561170857224052078e-02,5.357846993024759953e-03,8.097620738877077395e-03,3.519795668129001493e-04,2.967304012357783126e-04,1.077253241709157539e-04,4.946821051239483694e-05,1.133066763335520075e-03,2.184763371974545506e-03,3.753016634692635006e-04,1.363194157149705656e-04,8.347731528374962922e-05,1.752121241383363721e-05,5.342682154486371360e-05,2.044220618087094331e-03,1.175565081812273045e-03,3.250644146041914255e-03,4.355785639752568668e-03,5.366028293548529209e-06,1.084382341124362183e-04,6.552714831660174169e-04,7.343418453714896431e-05,3.039697586496144677e-03,9.757432253605746557e-04,1.312922526378844162e-03,1.221671512953457833e-03,6.298552458977536763e-05,7.881334056840078690e-04,2.264621811838342673e-04,2.464521395807786077e-04,3.109538688250852809e-03,3.012235776034280065e-03,3.803505604136537665e-03,1.903785969444209874e-03,3.358028473476270496e-05,9.719730303467869316e-04,4.036939250004451842e-03,3.308305735000494812e-04,3.997182533726691481e-03,1.721839985384809304e-03
2.306766520379417926e-05,1.230592191834981681e-03,8.029767341035699835e-05,8.295146260419907783e-07,2.014441109995068237e-03,1.108180792193750978e-03,3.001050066092962598e-03,4.123466701103940531e-04,1.902045313976790308e-04,2.551256813338198016e-03,1.643357664136269655e-03,2.829056870722575570e-03,6.150644574955357879e-03,1.435816124507300435e-03,2.992229266303220907e-04,1.604166188134727167e-04,4.301331563027062724e-03,2.787356424909754465e-03,3.826005335377073171e-04,1.084351242195735364e-03,1.521322190145106773e-03,2.320204096542122902e-04,1.612343281000718810e-03,2.672322073679416713e-03,1.753196308626572592e-04,5.661386745569555769e-03,6.845992598993605330e-04,9.364714134610503627e-04,9.362549095041068723e-04,5.808486234694611909e-04,7.293453795726224150e-04,5.628682682943424338e-03,6.962840819741465334e-03,6.294097926095630104e-03,1.106704643172428705e-02,3.202056762479461947e-03,4.264175184243448880e-03,5.114762497346781941e-03,4.275923255269660495e-03,9.604587045107002702e-03,1.201642168489270614e-02,7.431923331369995681e-03,1.074352849737421692e-02,1.341781788239529080e-02,2.497597584020499681e-02,4.472065192291595735e-03,1.502380198555719008e-07,4.524402282898241576e-03,6.529415443185289381e-02,1.489185132571500293e-02,3.073072647837588305e-03,2.768239148110546426e-04,1.064184042589203656e-05,7.931893137866277829e-04,4.006471257098036519e-05,8.403442573481036864e-04,4.392625090015029980e-03,3.317463010799744875e-03,8.830612263125170794e-03,3.461933178706135764e-03,6.548863580740489805e-03,2.371878890997371550e-02,5.829912306532588647e-05,6.067549954703201250e-03,1.371506016500956401e-03,8.827759738044841297e-04,2.841620598090699359e-04,1.050463055646929740e-05,3.070589408694979205e-03,1.153745883477440585e-03,4.689408771076707637e-03,3.689560672861819796e-04,2.193780047806219262e-03,1.001465496518462841e-03,1.197963652662976421e-03,9.612510437353480417e-05,8.618635074932562860e-06,1.413788018258225251e-03,1.745634298184573039e-04,1.666277538457771072e-03,2.078262250349273638e-04,1.119069351748439196e-02,1.212539598290150007e-04,1.908776769881365251e-04,3.767752879245769046e-04,2.068179351018344884e-03,3.171691604650198754e-03,1.175289418070769561e-03,7.068192031384687570e-06,1.860998355454503497e-02,4.512818776865073936e-04,7.820343476801886601e-03,6.706288563887653938e-03,3.005988928738599283e-03,2.467380316184042410e-02,2.327590557729700138e-03,1.586408967778806835e-03,3.767116104767141347e-05,1.268323152325785252e-03,9.351877935265034882e-04,1.056649237445908638e-03,2.513433426976124842e-04,2.297224751557977310e-04,8.718631597415720045e-05,1.317232591581736067e-03,7.394663795596849356e-04,3.718433580557763476e-03,4.352782422820054495e-03,2.614076619721019627e-03,1.599306563701657826e-03,4.604165965915343710e-03,3.145477782688026192e-03,2.083591816487888673e-03,1.823435388386404838e-03,2.264973039154015086e-03,6.432673402924287561e-07,2.607791977328594284e-04,3.397529890720202853e-05,9.515074815082349589e-04,1.339781599337068647e-03,1.894602668431420245e-03,1.255480737013718942e-03,9.851559585708851395e-04,2.145171414267261958e-03,2.339159211245770355e-06,1.647945619377788964e-04,2.545957858758630347e-03,5.576698929199771539e-03,1.399254834839810079e-03,3.047018423361927083e-05,2.869718600650097637e-03,1.306603547376839966e-03,6.142300777466649063e-03,5.488321406453633769e-03,7.103909916525849404e-03,6.341275469688731001e-03,7.965387610410927521e-03,8.124219824246863269e-04,1.902033140201391751e-03,2.144795023975549966e-03,1.923532821615439896e-03,4.994417456148058689e-03,3.807380206902067493e-03,8.752416375167516470e-04,7.286076800957676756e-03,9.132683455307519932e-03,1.100267365746719454e-02,1.541701216184134318e-03,8.482728156637812239e-03,3.599898110119431616e-03,9.207728914218328738e-04,1.297670648830687168e-02,1.160219738729639620e-02,5.587866760291498522e-03,3.307649736816643815e-02,1.645869406809120916e-02,2.303791371840353559e-03,3.150491920641772942e-03,2.730270442340952414e-03,4.517190975323473272e-04,2.656431745902566239e-05,6.645143326433347939e-06,5.791342813671995337e-04,5.521434051740925757e-04,7.691107484962311823e-04,6.687976594806655309e-03,3.717465718929913090e-03,5.925108231557208414e-03,2.152313031665067640e-04,2.076169716158793231e-06,4.568379817139254199e-05,1.687973254198081152e-03,5.660796766179962224e-05,2.668217496802230936e-03,1.421055505368253654e-04,1.575635867677840148e-04,6.763585138411009126e-03,4.891857370672361835e-04,4.871963904718623790e-03,2.391677733044169675e-03,1.587111069696619994e-03,3.623987614898348882e-04,1.695309217637683578e-03,1.635006438554900720e-04,3.331287633938337964e-05,1.030122462742414436e-05,1.377222023459906408e-02,3.918700507642582272e-03,1.159688545687645109e-03,1.820060197524845953e-03,5.231610637522979973e-04,6.189421369540461237e-04,3.397132610640363117e-03,1.748640635597081269e-05,2.450866080526565021e-04,1.050506955448779868e-03,1.667733029319797640e-04,9.333314707873485846e-04,2.245932821051868492e-04,5.200512112867706300e-05,5.292267675097938904e-06,2.657454158957363977e-06,6.701746246576191935e-05,1.757825128304367228e-07,9.933933661941142784e-04,5.367097343046535549e-04,3.692430254901753802e-03,9.321397940984755756e-04,3.503528837636147621e-03,3.385351517186356227e-03,1.424362849691510492e-04,6.799598821670023159e-05,4.231848564285350077e-03,5.183320764692733555e-03,3.107459423658743419e-03,1.015689792425338196e-03,1.374077694144995143e-04,1.664062568021944103e-04,1.363093691167415248e-04,4.499974371275130007e-04,1.197729489938044586e-03,2.159522924188333592e-03,4.952612881455224249e-03,4.578415078928328025e-03,3.320487234511057279e-03,1.263242901954669080e-03,1.975744612087926495e-04,5.755887424198197731e-04,9.620772231763923682e-03,4.808360226862029617e-04,4.035328598457142701e-03,9.574855520946959136e-04
2.081824933785623229e-05,7.600784850002428872e-03,9.759094653007882255e-05,1.517906201540931532e-04,2.125653119496992947e-03,2.848664492727936461e-03,4.742366746569581792e-03,7.972792650482010733e-04,3.271392041975986625e-03,5.515377846181654387e-03,4.528335522562089606e-03,1.117665392028304935e-02,2.521164222531530746e-02,2.276458720736224042e-03,2.094318084626943001e-03,2.467519495826053875e-03,5.735699760214916544e-03,1.452816209096607870e-03,3.227441257270703603e-03,6.427899843231115080e-03,1.163653649023763071e-03,7.942246309763151396e-06,4.946016392856057708e-03,7.416567187850961126e-03,3.669297094134553201e-03,8.812353979792795708e-03,5.307065010432907709e-04,5.328639368630022027e-06,5.952423164230760590e-04,5.589502572227129712e-05,1.080729966697523354e-04,8.700650310152306926e-04,5.718084039180437554e-03,1.125899018486261000e-03,8.195825701960266288e-03,2.239214868581844257e-03,4.275226917930595276e-03,1.658910882708240688e-03,9.212956306122805198e-07,7.119092863692789638e-03,1.429668100333094521e-02,1.446995556352020408e-02,2.055665126450730712e-02,4.218022158363772534e-02,5.000981255917135576e-02,6.422820623813598091e-03,3.280406136090139192e-03,2.836367357436422182e-02,1.489185132571500293e-02,2.041259743208131694e-01,1.399127211665987178e-02,3.936416215656835145e-03,1.137169545215883232e-03,2.546158464260806636e-03,2.594935545272579296e-03,7.833832039571877667e-03,3.741163988020568829e-04,2.492404994054030101e-04,4.463813531127022206e-03,9.129487673739565209e-05,7.032757393832829787e-03,2.056297440649402369e-02,8.947963281813978154e-03,2.437319102151724341e-06,2.995567372958802925e-03,7.008512902779081254e-03,7.655922047967151853e-03,2.063907424440568437e-03,2.193748367257186227e-04,1.599715790915377063e-03,1.517286186257492744e-02,2.699791945565869957e-03,4.549350832386178287e-05,9.744731660995252856e-03,2.210062892383036007e-03,9.429592155448689362e-06,1.602581299060440478e-04,2.172589370352039084e-02,1.671500793701985884e-07,6.576256895077228770e-02,1.929632907229601388e-02,9.921393938042651073e-02,2.893316466891752850e-04,1.550970853432050378e-08,9.028801643759975376e-03,1.963096278742861370e-02,1.810836006224341571e-02,4.892207015972524498e-02,9.157720199780936964e-05,7.074436907680763109e-02,9.175399073394796198e-03,2.019537941634215461e-02,3.051805950581000862e-02,1.229069695268413497e-02,3.513756736407391140e-02,1.988763371417466607e-04,8.417045814452421906e-03,2.152540579327145162e-04,1.327157379900382669e-02,1.794527340915974892e-02,7.682977970309796609e-04,3.604505486083266338e-04,7.785947238360478150e-04,2.868581405094438284e-03,2.796647188808652813e-05,8.122353398800881766e-04,6.094886272454715787e-03,9.265606670041112020e-03,2.687807734813963973e-03,4.327859685227770231e-03,9.765370182527710607e-03,7.502206295355473564e-03,3.712620552460000733e-03,4.231877006361205174e-03,1.338810727682516154e-02,1.149276263549757178e-03,3.108940602154041946e-07,1.303951419908156448e-03,4.266243985347022150e-04,7.206612833590658566e-04,6.156510818172052264e-03,3.419012704779018919e-03,3.828106415797119348e-03,2.445177254909607946e-03,1.824412248914633779e-03,9.642519614497531422e-03,3.130605477060820815e-03,9.738774595850733726e-03,6.439256297459221290e-03,5.168763852307146130e-04,1.041597004196734635e-02,2.839026891331980365e-04,2.298484461358876827e-03,2.344289101596038708e-03,3.381764560906800384e-03,3.206963211775079635e-04,3.589403035807992547e-03,1.069418536306887720e-03,2.438090942600555134e-05,1.657552371570733887e-03,1.316034616885870061e-05,2.143868742134235304e-03,8.757715164389904910e-05,1.536813428162288331e-03,1.233463295378991846e-02,1.841835320494551037e-02,1.528990233989995125e-02,7.152186869074017225e-03,1.092110925400327504e-02,2.791859950614203507e-03,3.906999637522063978e-04,1.365659923735874394e-02,1.649011299115496487e-02,1.749109238575019109e-03,1.282000396358996298e-02,8.877579985187200595e-02,3.469288735450333071e-03,2.528625606349879304e-02,2.852780561313188884e-02,3.907462502812575811e-05,2.230245816461202903e-04,6.253042556760169540e-04,4.695005757567398928e-03,2.633441616943508253e-04,4.780021022074827609e-04,3.967552311560824073e-03,7.629732955244226565e-04,6.649690327298236892e-03,1.319636622325182605e-02,3.912094366850168807e-03,8.606377534007420005e-03,8.201834061858068875e-03,9.096570938831694897e-04,7.557641761479155149e-06,8.626660381432604385e-05,5.565748992303239280e-03,1.919264570262367922e-02,6.808727144547278105e-04,6.687163089280171238e-03,4.601535847758222043e-04,3.897867806229802709e-03,3.075753178274482497e-03,1.345196046432606957e-02,1.495468683973353273e-02,9.429592155448689362e-06,3.118980230314518255e-03,1.016385849288314325e-01,2.598835977980903933e-02,3.308984585948687024e-02,3.734523284737323139e-03,4.754173410356575644e-04,8.901986983398594358e-09,7.043951308987172338e-03,2.744596643994793987e-04,2.726861287913928938e-03,4.922594512375632128e-03,5.845214199248429006e-03,9.645873123101720778e-03,8.432238715656199118e-03,3.418558329591228802e-03,9.973454086084486414e-03,2.512911902751149926e-03,7.690988958421338605e-05,4.090128588826956110e-03,4.073730419413194512e-03,2.022608024954632069e-04,3.926506542641962361e-04,3.179685307697125395e-04,9.325705081192896262e-03,1.256065642847029040e-02,6.468025304497539239e-05,9.123991604380640014e-05,3.365947108096240935e-03,1.792514571573294163e-03,2.088259008755925968e-03,8.138145197578684699e-05,2.881435197248007757e-03,2.812691481402400558e-03,4.552535811288226618e-03,1.941824942185362002e-02,1.025180449125334898e-03,1.124003196305784066e-03,5.123669613050369984e-03,4.533798612016765733e-03,1.306166600790158519e-02,7.585973688924298013e-03,3.955708203819216523e-05,5.168763852307149383e-04,1.392783588399746676e-02,8.346501568407893113e-04,2.119187557602009511e-03,1.300786275929366334e-03
5.311084536468771411e-05,1.130989287462690868e-05,2.395854318499735370e-04,3.513016549564493621e-05,1.309203652223697245e-03,1.088064251036466703e-03,2.639274524923472033e-04,1.240425363989090249e-03,7.240632315697929596e-05,2.565474124558718471e-04,5.415049716987470337e-06,3.730832460161596117e-04,5.349284418802390494e-03,8.081317700660197584e-05,7.405560856327950332e-05,5.994895361056188070e-04,3.237250793020208096e-04,4.055813511974034257e-04,1.126366947302481856e-03,2.791406979093078930e-03,9.605552290872511030e-05,2.786324297628939848e-05,1.722927137339009163e-04,3.247017302497808532e-03,4.006471257098036519e-05,3.824834423795948467e-04,1.362263182478733836e-06,1.942065754619915543e-06,9.172309170470159057e-04,4.919852354243868942e-05,2.328305245091438561e-06,2.969632370636351298e-03,9.351517648544683398e-04,3.605016916141042752e-03,8.483945996499221362e-03,4.063257021611484110e-03,2.047558220148309733e-04,5.108054888698675741e-05,3.274479504497326680e-05,7.105010561398593556e-03,4.440643589319524798e-03,9.370373011412349781e-03,1.100364144393126478e-02,4.232832127571938864e-03,9.552509600073786494e-03,8.737851338414609958e-04,2.387162268774606214e-04,1.177136323823236522e-03,3.073072647837588305e-03,1.399127211665987178e-02,5.370159867171492296e-02,6.310287719640411859e-03,1.265208670208508570e-03,1.203446723415106407e-03,1.566127942892985752e-03,2.735557404588439580e-03,7.164936293660717492e-03,5.215160461663537195e-03,1.054714447715763420e-02,3.993279823952594274e-03,2.181613347755879864e-03,2.127795770829713634e-02,2.602115314126829276e-05,1.748721753991270634e-03,1.800446910426083623e-04,1.404524085756200845e-03,1.187092326243222896e-02,8.842222092774016176e-03,2.735667077916751830e-03,7.010484394778685423e-03,1.346282775452919782e-04,1.557761861471395530e-04,1.960437192328331620e-05,2.901523368121978249e-04,2.641861574199148936e-05,1.524730814974254585e-05,1.265193761718386832e-05,2.471886546915102144e-03,7.563613740163269063e-04,6.551875210176618704e-03,2.392003314190978541e-03,7.638378751928185002e-03,1.200875597219694824e-03,1.243574749910550436e-03,4.394913039277473059e-04,1.640599227191734139e-03,2.604767310521359947e-03,7.760823216919956850e-03,5.340867107517639814e-06,1.878064217408767847e-02,1.743127186117799472e-03,8.438196611238641537e-03,3.241209261060416791e-02,4.156145069447361035e-03,2.740686522350500864e-02,4.989780606854322086e-03,6.678643957551006751e-04,1.663191485992121608e-03,8.470427872185812821e-05,8.791084729486097187e-04,3.906594170016674237e-04,4.204794967537694365e-04,1.569030797607708896e-05,1.905833498310812257e-05,4.297038043037464529e-09,4.666431550361621150e-04,4.106279824964441708e-04,1.588583589236250036e-03,1.920311533549760762e-08,2.562378693628157857e-05,1.068513778040598419e-08,5.500226038715152381e-04,2.259014778710515502e-03,1.354087966614363333e-03,7.504621749155977652e-04,5.754674271115043516e-05,3.818606123287245956e-07,1.173347128371806389e-03,2.843876230674493460e-04,4.989236040897206494e-05,4.837753809750498427e-06,8.004786219768151873e-04,1.105727158086642009e-03,5.109538079243328889e-05,5.609716900794478692e-05,3.002254446120804568e-03,4.015308262331769275e-05,2.864745291321306193e-03,5.200791408523678609e-04,1.220937125767795730e-05,4.734937369479038337e-03,3.617990156626965187e-05,1.609091329690670808e-03,4.943256881769417639e-05,1.438583070015535693e-03,3.030467357841040883e-03,2.287723497778173468e-03,7.104793032392619058e-04,2.774225351980367550e-04,7.655407238375461004e-04,5.026434088584225872e-04,2.450974777106071844e-04,5.223295608867501100e-04,4.624995385549714026e-04,8.270911521414902288e-04,2.300233453543297588e-03,2.437145290162425328e-04,2.287045241371653555e-05,6.126757552142700521e-05,6.149944716774577940e-06,6.183757672852233144e-05,5.072176172975605482e-03,8.279778831800593906e-05,1.214856759176427450e-04,1.134776285322892658e-05,3.755996600033451906e-03,3.540649234201148372e-03,1.322343856059199005e-02,9.853159089843299689e-03,6.397749206043827283e-04,3.701641672668232240e-05,1.006601443741991482e-04,1.135580217125627773e-03,4.031050453658321952e-04,2.440062634814228585e-04,3.674451339551421288e-03,6.620183112354276244e-05,7.666853913072957036e-03,6.528261254984981093e-04,1.091185462089183265e-04,2.093586604346399458e-03,5.623682960969641174e-03,4.106279824964441708e-04,4.364503808552964211e-04,3.906989092266642061e-04,3.088913394234041993e-04,9.385475887634549957e-03,4.433004642315386580e-03,3.199672778476524322e-04,2.469639287524461524e-04,1.945864939524653392e-04,3.991014715659287233e-03,1.016853871132777936e-04,4.067240861095665003e-03,1.399507875871038162e-03,3.208810831580545184e-04,4.026662346261229188e-03,1.135055859528557535e-03,1.403994070684040424e-03,8.226352935872330296e-04,7.176502756371290187e-06,1.324073321693651582e-03,8.814642978320836372e-04,4.134664591199643520e-04,1.043650934242681837e-05,3.630992033011345814e-04,2.427207082604251800e-03,3.399232530315504154e-04,4.109968376262090688e-04,4.104582061247569582e-04,1.423560870093949998e-04,1.200374656346325254e-04,5.638245732021182549e-06,4.823582528040744327e-05,5.770790471529457821e-05,2.831799882437376826e-06,4.033062712221733729e-05,1.565320063423999107e-04,3.078929973497337644e-04,2.546025847251917880e-05,2.842875075005544921e-06,2.303046437697695915e-07,2.849013301920927995e-04,6.589250716003004337e-04,2.656431745902566239e-05,1.878398173390782596e-06,1.963512361363714269e-05,5.798707683346594755e-04,1.566865158930050078e-03,3.534027939763264518e-03,1.307815575423983351e-03,1.511137158039708398e-04,5.205198149929565797e-04,3.049509415898521945e-03,1.354087966614363333e-03,6.875350946409326466e-04,2.552552734344812151e-05,2.657912017958315573e-06,2.837395982993003336e-03,1.918587825874601047e-04,1.499840066319005198e-04,1.223919047006246080e-03
1.243631974005974215e-03,9.293174099825342023e-05,4.338518406643711951e-05,2.418762043062617851e-06,9.561063577100547704e-05,1.036657651486187987e-04,9.971939970206142399e-04,1.096496501164742924e-03,5.660252027425288768e-04,1.823312847484625555e-03,2.973644149829290147e-03,1.227668579224949156e-03,4.681131602410032282e-04,7.835303862003419441e-04,4.111051517390993553e-04,3.533867923932811333e-03,1.367722231640967076e-03,1.008503712907411060e-03,3.450691195224580947e-03,3.129283558695965858e-03,2.456526305785977594e-04,2.436966866490919548e-05,1.031597558660835566e-04,1.045419784392141484e-05,2.488828478080595255e-07,1.408110051182467594e-05,6.286186050170287226e-04,7.051684135096978863e-04,1.215664775728253965e-04,2.262286487503979151e-04,1.259194329788629147e-07,3.543417066562659884e-04,9.607313207926875941e-05,7.400095212155731970e-07,5.250270541477130735e-04,3.660632215948407774e-06,2.804482978476194885e-04,5.423794917506117533e-04,1.220416789320864196e-04,8.105866336412684444e-07,1.075017080017533775e-03,8.999681326470745989e-06,1.100378599450290317e-05,2.521516728152880128e-03,1.028281331417703939e-04,1.968433233147912336e-03,1.613388596107686104e-03,7.880479303430538637e-03,2.768239148110546426e-04,3.936416215656835145e-03,6.310287719640411859e-03,6.825691797286616291e-02,2.394342479651852349e-03,3.318192678666242752e-03,2.770930981693968853e-04,1.922477460783631701e-04,4.357262193493797500e-06,5.814459859248781838e-04,5.679501411739848102e-05,1.074339051705117728e-04,1.838021049819101548e-04,5.356556234158776301e-04,5.759457826888395374e-05,1.588581415991994095e-04,2.700985942521341422e-05,3.033422504229336227e-06,1.382421181137082110e-03,2.975068955443678151e-03,1.160246593317195915e-03,3.783609134723544013e-04,2.460097864251216664e-03,1.791536128059222337e-03,1.090342454762424770e-03,1.237015435515310176e-03,5.915618925570483196e-03,3.356111662546257604e-03,5.725668483249023860e-03,6.096784778399903619e-03,5.776362574908377144e-03,1.082683887002339022e-02,2.211607537530247206e-02,1.187104013683423775e-02,7.875804027025907691e-03,4.197216885545738442e-03,3.998703071405734777e-03,3.073031168976501134e-03,1.872310180553056957e-03,1.907028552712840969e-02,6.408651089530769535e-03,5.014763252853337433e-03,4.081313597837766746e-03,1.288042960270980881e-03,5.919537533452244073e-03,4.825725075584728040e-03,2.051000709374171688e-03,3.731885290290101254e-05,2.080293347646770732e-03,1.338708253439626581e-06,1.474789534357391239e-03,2.081874903773529590e-04,3.875822173762993373e-04,8.189258276980785570e-05,8.326725892880472906e-07,1.429012904145587777e-05,1.731617195309204804e-06,3.075818701849737961e-04,1.337710668298499640e-03,1.524091209644447839e-03,4.521014235279758741e-04,1.648918791919292922e-04,1.572610490759780147e-03,1.287282110011857533e-03,9.679684058560035758e-04,1.852296937248758659e-03,1.019530412826252612e-03,1.179590531882194647e-03,8.156033549307666685e-07,1.500986088848372830e-03,1.077999521322719860e-03,1.566721518924274893e-04,3.746619163205529898e-03,3.126578968651985528e-03,2.258444065371326050e-03,4.877409801835988533e-04,1.711813802041082600e-03,1.294483558754049891e-04,2.388916806894147237e-07,8.472316101857710986e-04,1.220317696121745105e-04,2.401227638360388991e-03,7.064409402854317840e-04,1.088334567764549675e-05,2.215760603415878945e-04,1.671788464172862534e-04,3.463196238851249065e-05,9.710443124550622205e-07,1.411478982055037036e-04,1.730144956837139714e-04,3.702665747751257916e-05,2.402578708286409823e-04,1.065800532301628306e-04,4.090650031061215757e-05,1.143878128178258779e-04,4.829575945728045152e-04,1.198182727184753712e-03,3.326580884934482885e-03,4.964863277552856698e-04,1.870953112772920444e-06,1.384272453305991678e-03,2.409976923625195132e-04,1.111963441528510468e-03,4.311366083128618208e-05,1.699266283392683293e-03,3.305498861516268050e-05,1.125524412519946791e-05,2.717721419740329065e-03,1.795391520233052818e-02,7.381952299426628242e-03,3.912902899782246674e-02,2.101224429550441544e-02,2.837088644170821482e-03,1.103026213164140165e-02,3.805255586494074669e-03,1.038339949995979459e-05,1.161870816012594045e-03,1.053844982823007889e-04,1.021937104263669320e-06,9.726032993896078843e-04,1.132442263416585525e-04,4.409760348075016898e-05,5.458784586690909775e-03,9.594307587790258792e-04,3.796388463703018624e-03,3.035091441355722560e-05,4.676245162337805839e-04,9.187486310797744228e-04,1.903446895758820895e-03,1.539250558272918382e-03,3.687361835873584869e-03,4.425875116332561436e-05,8.714126823826409641e-04,2.574938642106250255e-03,2.333012708020311844e-03,1.513488170738299917e-03,1.542720987668169067e-03,4.244733326624033909e-03,5.791520243997197101e-03,1.695263377162737044e-03,1.761361800794032650e-02,6.549513336246071647e-03,6.018945351790228396e-03,7.373454352327321604e-03,8.153066331561603305e-03,1.114476551665203848e-03,1.827058376317366702e-03,6.432522567480190856e-04,2.396513663872969040e-03,2.868295041655020885e-03,1.589228310252359215e-03,2.250649190922122207e-04,8.268571681434344666e-04,1.336808809817284721e-03,1.012371512983462811e-04,1.591293896660379490e-04,1.333171769561091683e-03,8.609621425446556051e-04,3.287535742509905244e-05,1.830257836719858394e-03,5.213314871230975960e-04,2.105050197198734575e-04,2.002318625037794039e-04,1.070859096861162185e-05,5.374175395286037542e-04,2.012453579750988954e-03,7.231259729599964509e-04,1.511137158039708398e-04,1.780121357719799897e-06,4.136857582472718356e-04,5.357442862117641944e-05,1.799847107060792233e-05,3.777237465987112958e-04,1.896157380265411347e-06,1.980574912611505798e-08,1.894952050510140924e-04,1.054475158363236183e-03,5.223295608867503268e-04,1.597505952661690731e-04,1.811154618686151952e-05,5.653063620578772886e-04,2.754354191344089643e-04,1.773052277475210484e-05,2.452527282927725004e-04
3.649175915771431505e-04,2.565930487380025131e-04,1.582304199408728822e-04,1.755746637495779884e-05,3.668592161886761246e-05,3.674755973037913760e-05,8.258274286473129633e-04,6.728239156225019908e-04,1.184087682473554541e-06,1.951559155686417546e-06,1.285268864046468760e-04,1.286692266327634296e-04,1.265462485196520949e-03,1.138205147800850107e-03,9.021482038348067499e-04,1.077189224789070268e-03,9.765390237957649556e-04,1.017005933575624221e-03,1.596174827158365573e-03,2.490371836798288118e-03,1.156976444890166471e-03,2.315276628513245568e-05,1.933186498370049154e-03,2.244931534646063022e-03,1.759349306222471849e-05,9.958466113282116779e-04,1.720753291714320230e-03,2.171882198943800766e-07,2.186153506692925606e-03,1.757476738962067783e-05,4.051762760378752135e-05,4.882455865845237639e-05,6.775851116076509351e-05,3.673482275002425558e-05,5.649752065934232539e-04,2.662972351516537661e-04,4.801331318924410255e-04,5.507816851364409324e-04,1.507968739068870217e-05,5.506606013093611526e-04,2.128508092235259237e-03,1.544734172368807243e-03,1.425098832597680330e-03,1.094668966438165636e-03,1.694753386437266749e-03,1.879496236382810492e-03,5.355193368603912863e-04,1.221335569890214488e-03,1.064184042589203656e-05,1.137169545215883232e-03,1.265208670208508570e-03,2.394342479651852349e-03,2.314469049333559708e-02,4.824564017520272495e-03,2.872778257367448410e-03,2.644496328407113222e-03,2.973356165420957772e-04,2.659799711050142286e-04,8.261256211871336689e-04,1.949480668412695944e-06,4.796584780573938498e-04,1.287317533263218801e-03,2.086278332469525764e-04,1.178215669742486765e-03,3.673482275002425558e-05,6.772909259855439546e-05,2.364815495229527671e-03,4.443301943616863661e-03,1.178245509553438854e-06,1.932746547995194521e-03,1.019398456990679863e-04,1.356479874219002914e-04,4.395901215159549159e-04,7.221137846923455280e-04,7.902316863608324984e-04,1.825371311918896043e-04,3.079617642605108219e-04,7.561615078839237052e-04,1.997361551503100527e-04,6.409500793010195754e-04,2.215459654213229514e-03,8.453841492507905685e-04,1.156976444890166255e-03,6.606851303227923196e-03,4.054120315698425388e-05,4.885817561915172712e-05,1.018744405940500347e-04,2.486861456353703457e-03,2.176904038876829937e-04,3.730429133244840892e-03,2.186371409970325804e-03,1.094491098925213677e-03,4.278929254425052099e-03,6.567199685349149737e-04,2.742576334566552455e-03,1.662462557378385601e-04,6.102147176852075776e-04,6.727642435776440147e-04,1.064524916475847078e-05,6.037780639631977840e-07,2.658855439205101874e-04,8.974328390234101926e-05,4.054243319261227363e-05,6.787828828478282162e-05,1.065966368919201271e-05,1.275514335844421967e-05,4.529902832201400061e-04,7.905198784652545845e-04,1.082553522266867002e-04,2.658909804509843066e-04,2.464333522430213827e-08,9.172565498966375307e-04,2.371548791874988720e-04,2.644006610176676073e-03,8.084398055411513503e-04,1.082854591931057376e-04,1.150821840816660145e-04,1.136483266073461638e-03,2.364924937453407672e-04,2.470396989807258970e-04,1.473503691689202581e-03,2.218008348562036051e-03,3.398496703320494708e-03,1.193951501856705706e-06,6.284370415594623337e-05,3.769746250919498538e-04,3.769197020519206949e-04,1.014212965899624619e-03,5.946111193352122742e-04,2.709320969524118845e-03,3.215620929726479595e-03,7.388535183372080435e-04,7.912152031249360942e-04,1.508592515786039102e-05,8.413422863243837134e-05,2.297213881978137260e-08,3.543817524496795167e-04,1.519330601917847132e-05,3.303291381248473900e-05,2.976731297064066201e-04,4.466714147823359936e-05,2.972195220296754972e-04,1.215647854908070454e-04,8.439482446450545039e-04,2.460156565980938024e-04,6.099417223628111895e-04,4.141439287135579976e-04,5.421517019594939534e-06,3.893323224872974374e-04,1.096027698110305527e-03,6.252309045381116781e-04,4.937857016358678441e-04,1.505990273468862700e-04,2.918682979828056749e-06,2.307322499442080554e-08,5.359048584763517710e-04,2.676008031883962603e-03,2.071477495702245264e-03,2.841217203804748733e-03,2.659410827294110026e-04,1.033625705373830998e-03,7.769162681703495332e-03,2.333939439303898966e-03,1.157001305160836220e-03,1.265602008482936795e-03,2.274672531785431218e-04,2.930898796498413714e-06,9.552736541356697574e-04,4.088526367159857504e-06,1.148049134929263562e-04,3.653867355198106483e-03,2.807340532720129043e-03,7.388078018366988882e-04,7.560796973336684525e-04,1.013927138554711078e-03,2.865956565461664487e-04,1.987410803350778913e-03,2.558637496799263727e-04,2.658886987837506301e-04,1.356908476464755494e-04,1.169965927192751435e-06,1.062360519766378619e-05,1.910324499185330090e-04,3.531739932557003726e-04,4.138954763084995393e-04,1.178245509553438854e-06,8.085086146583313855e-04,4.396069696715385316e-04,2.085777995553648068e-04,1.424625557811140921e-03,1.997742461988363306e-04,5.502041448286942773e-04,1.033624991286918567e-03,8.616488615802866220e-04,1.582708935479233572e-04,7.221013650526238213e-04,6.252885205244121955e-04,2.316415805196755435e-05,2.315838834657345648e-05,2.929001281242745796e-06,1.157105247708277787e-03,2.087248129846701740e-04,1.504988631333777538e-04,4.396869257722360027e-04,1.094491098925213677e-03,3.531091929983291747e-04,4.458668213361393354e-05,6.270756326261083685e-05,3.668170544359352465e-05,1.998653574336234958e-04,2.317003382126217009e-05,1.952171983325522633e-06,9.576950347791335643e-05,2.316492306570289763e-05,6.965217945020573596e-06,2.439226914542268350e-08,1.987678981577215877e-03,6.971588921000663468e-06,3.145477782688026625e-03,5.648431595064748543e-04,9.553729369989076223e-04,4.659988038720934769e-04,5.791532652252115606e-05,1.277517894779824731e-05,4.139402503128980244e-04,2.029132736009215142e-05,3.417360563002200019e-04,2.952348536393438222e-05,2.364084111054665267e-04,1.950954767185366348e-06,4.458419683139635468e-05,2.955821523887547015e-05
1.826651631666751990e-03,2.063403906045650023e-04,7.281713539626414287e-04,8.353848692543955649e-05,3.307547366501883295e-04,6.682758947226377427e-04,4.061060403152498273e-04,7.971375513504550458e-05,5.240343421610647173e-04,2.775194784860729176e-04,8.678676610866136167e-06,2.726118433192335332e-04,3.055580032017107296e-03,3.087613767042484553e-03,2.127607944056878787e-03,5.211367632520660584e-03,4.167852253697793452e-04,1.006235367466261051e-03,1.117997288607178001e-03,4.791416106744195678e-03,8.782826492786712782e-04,9.592007742993235563e-05,3.025044489751547321e-04,2.281530599910197837e-03,4.982425072203420802e-05,3.782670430067749012e-04,3.164974131512228277e-03,5.068165156346987783e-04,6.014503185985107560e-03,1.664942292209780012e-03,1.375489965111286654e-04,1.429830443615303336e-03,3.783609134723543471e-04,4.213434728689266539e-04,2.087650692133945999e-03,1.957342239517873353e-03,5.480027048876150901e-04,9.357937396332559853e-04,2.282808979606700439e-04,1.218999895445718566e-03,3.848232348853772300e-03,3.941178656574962410e-04,1.023234130025049357e-03,1.100592032737554484e-03,4.847129190591845951e-04,7.850675259891496663e-04,3.030517201809059414e-04,7.891350408606119039e-05,7.931893137866277829e-04,2.546158464260806636e-03,1.203446723415106407e-03,3.318192678666242752e-03,4.824564017520272495e-03,2.678029842916049980e-02,1.624582632791824214e-03,2.436281921165509966e-03,3.709220875856637269e-03,1.912770320356333527e-03,1.149191563189141301e-03,5.252468671320308308e-04,2.114165184128584277e-04,4.362570799533545783e-03,3.960580206617867805e-08,3.990376403108962999e-04,1.345902315376274307e-03,1.562794858260359483e-04,5.702813171667975994e-03,3.809548358242960744e-03,2.690947720367853542e-04,1.342859605602685321e-05,5.689966352767081900e-04,2.433978758363537195e-05,1.975579866701941863e-03,7.450802110820834139e-04,4.003182791538625537e-04,4.380773079473098373e-04,6.553600813156289402e-04,1.078689953548903329e-03,1.510554166724782958e-04,5.100059578354215533e-04,6.122013818888939231e-04,8.315691945821896552e-04,2.902916280844828906e-03,8.785952951014263518e-03,3.531077390362772359e-04,5.058680595847151578e-08,9.640431928896611315e-06,1.625645336381276130e-03,1.089873064869397552e-04,1.027132670917288134e-03,2.288744660203624137e-04,2.468257164689497568e-04,6.713825538975243430e-03,2.050440506472255329e-05,4.390784209720521337e-03,1.890159207535992711e-03,5.888016929330198990e-04,1.319376499840005899e-04,9.120624727944895904e-05,1.531495636193173825e-05,2.008487273051483973e-03,1.245819843006090071e-03,1.713923353385685957e-03,1.183003814268962766e-03,4.853973929795131763e-04,1.517915331596310412e-03,5.121988048667290962e-05,6.955232626364935824e-04,7.134097859858423826e-06,1.386259080811275677e-04,3.789872577808702534e-05,3.890020974259912113e-04,1.276162893462269837e-03,2.074299998696122697e-03,2.730390890262674418e-03,1.296478063628672532e-04,8.709401377300580031e-06,1.321415343617618346e-03,2.499328991489612514e-04,2.495348435680509088e-05,1.795735925873420376e-03,2.806161184642899219e-03,6.251146749257055664e-04,3.904220511742863492e-04,1.098078772579305651e-04,5.118652771245968359e-04,4.964055730510484826e-05,2.757277678878596386e-03,1.428318965994876790e-03,1.786127783756546843e-03,4.875286175025791979e-03,3.922334504551068871e-04,1.875989670108880493e-03,9.036701020005224756e-04,9.742209141183908253e-04,8.934610345272694064e-04,5.584759231862696264e-04,4.763068534929488585e-04,1.314975758800387669e-03,7.556551392315346552e-04,2.524768079453757974e-05,1.229221644061183035e-04,1.650474755257890272e-04,4.463832949252197831e-04,1.955919334906219918e-03,1.183686273078950494e-03,3.827564150499488294e-04,2.085864816787116110e-05,1.213524390715044849e-03,1.354961887086128145e-04,2.625539639456313289e-04,1.397229176395373617e-03,2.801591941127839374e-04,3.311705941574371605e-05,8.763407930526974344e-05,3.042652599921727712e-04,4.239364315995012948e-03,2.326418348099942770e-03,1.130617920794784598e-03,9.012767361404551338e-04,6.858477635605960527e-05,8.752989937280086091e-03,3.432672388737723762e-03,4.432593276809656223e-03,2.318389473761799883e-03,1.269632917081259596e-03,6.991237410433075086e-04,3.568213237559926792e-03,1.466784245077803485e-04,2.633781981486854867e-04,3.412316058856560124e-03,4.978625118543557326e-03,7.643217695533617790e-04,1.606495765231896614e-03,7.600340020928908914e-04,8.285777678431355828e-04,4.233056106649733114e-03,5.093819766106831863e-05,1.895950527669480409e-04,1.077657889518736324e-03,9.496884365989909202e-05,1.551664140677105506e-04,1.012541692566333324e-03,4.727580318345509891e-05,1.494705779890077738e-04,1.453223377685946714e-04,1.048290667522358251e-03,1.357341607668332726e-03,6.530776293902367143e-04,4.354197693678866056e-04,3.443114373767632561e-04,2.690401414190070919e-05,1.329271418919686625e-03,6.878974762172500182e-04,1.452665940599633674e-03,2.883402581707765477e-03,1.244946110734758720e-05,2.150951481245569992e-04,2.713661085411926254e-04,3.505019679367629480e-06,1.724675435029185801e-03,1.871491552798289595e-04,5.000850135844762295e-05,2.623261209020806244e-06,1.595638911822170854e-03,2.649061311462724724e-04,2.855162325952377025e-04,1.187418926242500431e-03,4.095903541201084844e-06,2.468973838211641262e-05,2.361777505548678146e-05,5.556008195224924533e-06,9.768841075038666962e-05,2.509787586199907061e-03,3.103986374290065340e-06,1.096709228874576293e-05,6.064042116035554142e-05,9.538631811385671973e-05,9.975083431047280375e-04,9.061017472156324441e-04,9.206304175537039338e-04,9.488297562151845935e-05,4.927483256809275179e-05,1.107334436181131544e-03,2.469602797814044316e-04,4.529645471928275705e-05,1.625962088052121206e-05,3.812532014923199216e-07,7.354699379331198312e-05,2.642081998570322251e-04,3.004192921893162379e-05,1.414365238545485992e-04
4.906352032490843187e-05,6.783973930658555428e-05,3.477370247913176173e-06,2.142944465817629569e-06,1.282289515132818279e-04,7.831254571481228581e-06,8.181124605716814027e-06,1.463214990981440158e-05,2.163614662450136098e-04,8.896693882354759765e-06,1.216670927059611929e-04,7.137830740534107082e-04,2.764435963247372039e-03,1.439724131437619551e-04,1.154511225878661037e-03,1.033817805873137128e-03,8.116140973395717315e-04,6.709297489829531183e-05,1.205731643328147515e-03,1.676641873454314934e-03,4.148922733164350611e-04,2.112213246294149320e-05,1.535480252167980165e-03,1.614575102304244541e-03,4.530297341796349765e-05,1.361489883695999204e-03,2.118067742157995603e-03,3.082094464173632973e-04,2.558523249535206781e-04,2.279927800081634346e-05,2.192563079607571722e-05,1.595204805209449108e-04,6.741614815546331362e-04,7.539008425703595405e-05,4.287087798401880876e-05,5.167253173711238578e-05,1.643029958745034533e-06,5.000730863981301301e-06,2.983335406988787009e-04,2.134244664520428794e-05,4.783373193020596845e-04,2.265649888819959261e-03,5.746804450602361084e-04,3.743225137616032591e-04,2.236962370011628867e-03,1.389743979537544751e-03,1.199749179165310675e-05,2.651728430937239458e-04,4.006471257098036519e-05,2.594935545272579296e-03,1.566127942892985752e-03,2.770930981693968853e-04,2.872778257367448410e-03,1.624582632791824214e-03,2.658651603689092882e-02,8.390840751056846160e-04,8.200091029958927547e-05,4.241316909590021542e-04,3.959634081615876345e-04,4.373999788251526900e-05,4.963336969621303898e-07,8.757431935521035920e-06,1.995224150519626458e-05,5.860238600773877242e-05,8.716306584950802151e-05,4.040525525847844216e-04,2.539379401986808886e-03,7.204747115419331488e-04,2.553522505243706618e-05,2.449098340871725191e-03,4.167230676144596867e-04,4.736342467465342958e-04,5.628246807438883330e-05,2.791562672780716658e-05,1.546021148065801661e-03,2.985236150840704292e-05,5.222469504201789460e-04,8.737442195651723333e-04,1.052845311980540462e-05,1.196658425015741968e-03,3.463136915742449657e-03,7.934242428088977015e-04,1.880285332071634933e-03,1.878992099459071089e-03,2.449955146717024240e-08,1.518314045710439874e-04,3.480451740413810137e-07,3.570799213685420422e-03,1.113480636122476768e-03,2.693863599641543351e-03,2.329358255983632851e-03,4.608390052490671067e-03,4.155205285483380348e-03,1.542940575271092721e-03,1.839044636717821228e-03,1.347190021374868518e-07,3.366335933439844330e-04,7.973109881121591476e-07,5.704397776764257022e-05,6.815228405773724623e-05,2.717747651562631890e-06,2.722163442188434962e-05,5.777798351252847749e-05,2.510667628631243939e-05,3.154643743772428031e-05,6.307948875636256825e-05,9.835352424536244800e-06,5.902357378092865830e-04,5.674844957822880220e-07,9.768488826910306968e-05,2.704732433225278339e-05,6.009905208326400217e-07,1.935471239183158488e-06,4.358036962203109752e-03,3.594743948005114367e-04,1.218807276250275830e-03,1.745425580758674375e-06,2.729535023893375507e-03,5.871135491297467480e-06,3.229916514603534610e-05,1.196775983896759475e-05,4.307208921691109372e-04,6.944326830781236137e-04,6.938744796923586203e-05,6.583578157898545996e-05,5.322581463948968276e-04,6.744608037561307149e-07,1.260601973139175065e-04,1.106114643302197801e-06,1.149679737080462659e-03,9.149455657275484821e-04,2.888127125275945966e-04,5.896854521376094192e-04,1.161418696019468405e-03,5.022304096663302313e-05,6.034065792422300435e-04,7.275971995076806023e-06,8.214437255803777314e-06,1.160722737978818996e-03,1.219387240668024063e-05,8.705650524846368730e-05,1.673908085499451316e-04,8.598033303262244027e-04,8.369645556706147103e-04,2.283920642793095478e-05,9.327848464421247031e-04,4.326582076888951438e-07,7.378020794550932426e-05,1.782475044025016216e-04,4.649954791989853369e-09,6.369224746504924652e-04,1.474998824402548386e-04,3.566340432444107525e-04,2.605242801124993896e-08,1.785991845366261595e-03,2.480894822356342333e-05,3.303291381248473900e-05,2.462156444041629921e-03,1.919725615303936005e-03,2.059660051212226119e-05,1.523049825136121383e-03,6.524041998602098536e-04,2.963876752313953673e-05,5.891166601447392359e-05,2.421861738030988407e-05,1.990346643952178841e-04,1.083775682239713220e-03,1.135115116263843432e-04,6.505995591244215356e-04,3.439222144371724237e-04,7.210757226702958420e-03,2.538079740052088563e-03,1.630842237973215789e-06,1.165339818184039661e-03,4.420535319914587293e-04,1.312705237462389110e-03,3.032179633204977397e-06,3.271842465582200897e-03,3.515830789112322965e-04,9.010405366539805646e-04,1.856674114912695676e-03,7.005217300930208267e-04,8.366893525792564248e-05,1.321908443335142796e-03,6.550596750714610160e-04,3.790810993133227427e-06,2.917856536283355644e-04,1.820039475061766259e-04,6.919035191439777037e-04,4.173921624115567962e-04,1.328445526117313273e-03,1.943335507524202163e-04,2.801768720460279441e-06,6.882979800466592749e-06,1.267140509214264597e-08,1.723880629913618996e-04,2.488828478080595255e-07,1.600398694501855440e-04,9.377607448631334870e-06,5.987153350866114830e-05,2.901818965028104755e-03,1.324596768497542879e-03,8.472734609094847904e-04,1.588354258928682469e-03,1.903851535502886633e-03,1.348524413654965349e-04,1.280088041624276318e-04,3.154649483105455418e-04,5.796871715831167687e-05,1.467156701557647172e-06,1.155768610479613039e-04,8.435907183600462988e-05,1.959047781968267552e-05,7.403484763350090818e-05,5.269432169847588278e-05,1.732726782499069255e-04,1.273053308846589264e-03,2.368154893688010720e-04,2.153646676841431806e-03,6.392187978848893129e-03,1.615329830609892048e-03,6.425945169626976058e-04,6.715056759399801786e-04,4.701747170089102135e-04,1.981592805797591696e-07,2.354496063184748262e-05,5.971162758169190920e-06,4.346647498615637635e-04,7.252420337086257543e-05,2.473249498914181733e-04,4.381764876615347167e-04,5.255362455053713130e-05
5.786020609654466676e-04,3.464976421904487810e-05,2.403977230569643347e-05,3.797865140686010679e-04,4.924005117474706140e-04,1.452586067808245950e-05,6.661320393968364314e-04,9.696000053659743073e-04,6.219379884722072219e-04,2.713521979206525749e-03,4.452572500736039918e-05,4.582165602874404935e-03,5.898979953231538349e-03,3.572638720379169019e-03,4.504763556462512523e-03,2.825981692416610139e-03,1.216839534171628963e-03,1.209896026306638960e-03,1.875643575905304103e-03,3.650898886105393131e-03,3.415521138760874154e-02,2.242657542516930322e-02,8.354938845386735563e-03,1.630120815337385981e-02,1.650190056469419062e-02,1.804555462385620465e-02,5.063226456817741285e-03,3.691877915894123657e-03,8.964152638645434684e-03,6.282108685225148981e-04,1.092553984937897314e-03,6.340954371315288658e-09,1.365899637686250221e-04,3.305746755339389849e-06,1.313359899471626033e-04,8.816745213209391512e-04,9.766000891241694102e-04,4.137485351789227405e-04,2.900941536584253708e-05,6.414381189358946307e-03,1.100925119730632694e-02,7.049657962059974192e-03,8.702558687722952366e-03,6.676137970587150972e-04,8.999970216039604107e-03,9.891129738634554802e-03,2.598207195359015370e-03,2.547935793481058506e-04,8.403442573481036864e-04,7.833832039571877667e-03,2.735557404588439580e-03,1.922477460783631701e-04,2.644496328407113222e-03,2.436281921165509966e-03,8.390840751056846160e-04,9.838572367880457636e-02,9.647326480325417366e-04,9.250319134366868107e-06,2.492732894515184146e-04,1.843294524515950734e-03,1.060379573962061926e-04,2.042363530405117561e-03,1.499927302560549172e-03,1.938780443603127729e-03,5.850863258863127966e-04,1.206212248901216821e-03,2.957675016995269662e-03,7.912455590042574520e-05,4.528559085554387150e-06,8.778181739565861052e-05,1.308690663680240154e-04,4.182779010360454243e-05,6.040009986826220368e-05,2.714495276260547069e-05,1.867057027117608149e-06,2.955022959388492227e-04,3.290768157304260560e-04,2.861311698337161164e-04,7.337735483383382327e-05,1.845748392851938400e-03,2.038413274645867017e-03,2.573781181681725899e-03,5.048544932205337524e-03,1.852668277421034952e-03,6.209415112803057940e-03,4.403484468262304342e-06,2.405580461283637526e-04,6.293113093106160287e-03,1.051370309674544944e-03,1.601203999070475482e-03,3.532721615208634421e-03,3.687396674733486868e-03,8.151958984188774696e-03,2.770849873630368710e-03,8.063242878538750408e-03,3.932489577925957603e-07,5.955934653143039214e-05,1.620799987362363430e-05,1.281354642434840091e-03,6.585943046242725063e-04,1.121415351338904973e-03,1.268375488204075011e-03,1.780158000159990132e-04,4.929629641742516158e-04,9.488075979412304625e-04,4.808148151403999842e-04,1.144651828658773763e-03,2.261751502027968021e-03,1.090905154530625849e-04,1.945601636334633568e-03,3.376240679633621703e-04,7.389233460142888895e-04,3.133844346983306016e-03,4.649811377637010426e-03,4.415202633383934726e-03,7.191728941041050085e-04,3.757455724496942839e-04,2.532625802000825713e-03,1.127240957390662681e-03,6.403271540695658858e-05,2.103130598746429537e-03,1.644391794091564678e-03,4.079665413126011379e-03,2.695036404317112735e-02,2.296634815914590580e-02,1.022555411610303645e-02,9.249767477380136174e-03,2.358049635629065957e-02,1.614734673217139982e-02,2.113470268389096643e-03,5.168812390197430849e-03,1.586635508023694161e-03,6.797666117048674198e-05,6.222954836862986053e-08,2.969647565259937445e-04,1.971498243889765773e-05,1.343261471545249353e-03,1.338996039313870233e-08,2.182103105556000869e-06,4.922794977435525452e-05,2.389674397049194179e-05,1.355883558144504834e-02,4.287863893964531355e-04,1.643839501180352491e-02,1.609577658815072171e-02,6.493350218003304808e-03,7.986201544678224245e-04,1.977326436885863160e-04,1.170104952153940887e-04,6.260717487282634226e-03,6.466325313805899053e-05,1.139119849575318585e-03,3.397778409642135493e-06,1.282592526534848031e-05,1.718276369474092032e-06,3.157373726866944015e-03,1.053753454906689079e-03,1.524697105233889516e-02,3.551677483920910334e-03,1.096510810350905718e-05,4.451585643606671520e-03,2.229603465500471968e-04,1.578443889456608909e-04,2.195494427775234163e-03,2.166500560893216580e-05,8.826407255923527956e-05,1.800097857638974068e-04,1.045730890572880122e-02,4.089239297831956952e-04,5.839909422527697841e-04,1.459600890945064820e-03,1.647297159725501692e-05,3.581185477372303438e-04,2.350906771743905745e-06,7.991922487305822204e-05,1.030744590673361971e-04,2.161837853197845927e-03,2.564361415305427445e-03,2.383061479617006224e-04,3.130561749742420342e-06,1.064375842381502877e-04,1.880003750368213573e-05,5.807377714068486700e-04,8.571002860834317548e-04,2.900941536584253708e-05,4.932175891787263630e-06,2.914993849252748691e-03,2.546099130114420992e-03,1.675971431751877147e-03,1.481529560264746798e-03,2.207613935599130051e-03,1.739314058835832186e-05,9.778625583808382270e-04,4.149549987911067719e-04,7.186966690346750775e-05,6.672421403430658015e-04,6.499026911523557784e-03,1.317390596680398764e-03,6.893354284653884639e-03,1.519706880758256960e-02,1.491362553240099765e-03,4.075658285391281260e-04,7.957395731618291477e-04,4.348628642331115596e-03,1.692570934918133374e-03,4.811410602590891479e-04,1.056167558905115982e-03,2.758939808885593672e-03,8.386437367016141820e-05,9.799446992648761949e-06,4.549047254208027531e-04,2.473147005832602287e-07,1.170817105716197943e-03,1.020011045511903629e-03,1.567382558329530101e-04,3.438692069338891428e-04,8.347188910816072914e-04,1.218315873320969931e-06,5.578849528533914859e-03,2.381581186935859389e-03,3.001155690614112481e-03,2.309154882721473501e-03,1.240812414196600837e-03,1.944909538890147007e-03,7.886053922625304571e-04,6.183757672852233144e-05,3.507845066293776335e-06,9.063866697787478432e-07,1.262542226040237704e-03,1.161359250242100958e-03,4.639470226046099512e-04,3.295260354258411611e-03
9.019427518884582870e-03,5.738858571374585993e-03,2.305315717840625538e-03,1.036662439557128716e-02,3.085108973566435403e-02,5.702319172417668475e-02,6.320816142533188312e-04,2.828119508153715319e-04,1.701386167447715182e-06,6.672946530756391386e-05,7.563208689732072972e-04,4.895106297817989434e-05,1.555261431425124198e-03,2.106297772965751505e-02,1.131325763312376930e-03,6.400078358059008621e-05,5.560727316972535576e-03,1.142500747680270934e-02,3.656815471388257225e-06,7.510919531829757549e-05,1.746677314580041510e-07,5.009908793920842028e-04,1.015425147760369264e-05,3.275468506272158440e-03,2.800236643741830134e-04,9.440429733425787081e-04,2.824911590881201786e-07,8.420807144061827722e-05,5.402124212750020193e-02,7.204371917774400613e-02,3.466301271495351999e-02,4.673828539098047463e-02,1.370950841875283148e-02,1.178411887062542907e-01,7.585677262987292058e-02,9.646550073274133552e-02,1.298966606761899935e-02,1.827602870886081352e-02,1.407390078784996786e-02,6.945147985197616669e-02,5.910110640112435816e-03,6.732015445121972315e-03,2.523160578435431484e-02,1.658059983188481072e-03,1.749611654166575644e-02,1.519959639884940804e-03,3.683744192119234556e-04,3.364548653164559089e-03,4.392625090015029980e-03,3.741163988020568829e-04,7.164936293660717492e-03,4.357262193493797500e-06,2.973356165420957772e-04,3.709220875856637269e-03,8.200091029958927547e-05,9.647326480325417366e-04,2.684516500203520950e-01,2.667149894030029084e-02,6.406143813000059195e-02,5.954453197538542297e-02,1.060028989424615514e-02,4.160378638750419911e-02,2.090807966807287969e-05,5.406928061394657842e-02,1.625685070265562443e-02,9.168260135559958349e-03,1.935566396088513746e-02,1.467823395146479601e-03,7.526131243813143426e-03,1.299763683711553956e-03,4.071139517981513245e-04,6.563989862687729521e-03,1.002529374556403928e-05,2.216507157636534407e-03,2.011927731263609288e-03,5.473983899243862290e-04,1.901930402627163841e-03,1.975089809306605586e-04,5.004697935175133304e-03,5.466662467707950827e-05,2.847920550665807102e-03,1.726228493481654365e-05,2.182729760330526410e-03,7.045766497372874622e-04,1.932238699083382296e-03,4.639536766089659252e-03,1.280623532701461245e-02,2.755245237720560167e-03,3.736300928252211332e-03,3.434076074851762257e-03,5.117390549821269115e-04,3.177081746319001827e-04,1.074919865774650804e-02,1.268153564808413743e-03,1.462409388273159215e-02,8.512946841194728165e-02,3.073136731493389807e-04,3.573213347623915165e-05,1.123795539455149086e-03,4.376914010054543547e-04,2.347882955137835931e-02,6.259554435906108938e-02,4.673944514608623264e-03,1.053059796862420607e-02,2.660830162805869273e-02,3.676642218617055119e-02,1.596051154275731536e-04,1.044035528666527102e-04,1.718596027869495960e-05,1.643465075681319488e-06,2.029459159121246511e-03,3.145828759475469746e-03,3.169231293972214064e-02,4.825265103683025865e-05,9.182230837018912507e-04,1.205105444841136735e-03,2.751031992070008397e-02,8.577204538638573796e-04,3.519618486512895474e-03,2.251238083857539513e-02,6.128292904030056896e-05,7.668083559287191230e-04,4.770341520674494599e-06,4.878069487560707479e-04,2.834965558420352982e-03,8.801326691225323958e-07,4.900097834458170057e-03,1.753524167778235544e-03,5.177939361957256594e-04,7.097344098533805686e-04,6.223329522864847613e-02,2.875994926125868129e-02,4.759791438596847057e-02,1.323346067799161668e-03,4.939953649537232733e-02,7.530376570610594622e-02,4.245467465833023535e-02,5.119945322976373475e-02,3.310597463122349690e-03,3.377635375059148681e-02,2.600590162820416024e-02,2.312277577707223461e-02,5.538914635971792927e-02,1.120119632993080410e-03,1.778635854151766225e-03,4.936229082396477105e-03,8.632168171363054782e-03,8.136993402659006640e-06,7.742578251897901803e-04,1.106448809041337723e-02,1.367381049779040894e-03,4.058764268386588769e-02,1.323316305295003633e-03,4.039152951176969066e-05,3.193840094585391259e-04,9.560206231029444023e-05,3.145828759475468878e-03,1.999206962240207552e-03,4.806060020407570076e-04,2.619820227713127135e-03,1.121032512556760377e-03,1.103620051065546791e-03,5.935984111699528802e-04,1.556784951151401683e-02,1.239846624291480179e-04,6.271815647233044966e-02,2.222221628697606394e-02,2.863638057090570066e-02,9.094383583839331690e-05,1.208686355329219655e-03,8.817351404577119763e-05,8.746669544552967274e-03,3.015673772404363091e-03,1.433384170811227189e-02,6.088305965025988988e-05,4.148684806687971335e-03,6.418046455635404574e-03,6.175132872902298897e-03,1.205818600739495252e-03,1.266787615812071379e-04,1.008771354371167626e-02,1.862543683014591207e-03,4.357404979326265533e-03,9.182230837018912507e-04,1.038349076387525845e-06,3.522830791768175995e-03,7.111453545426176109e-06,4.777794824699088672e-04,5.998593368768856578e-03,1.098706902560984099e-02,2.953454509206384412e-03,6.055477053832261647e-03,3.166327363846003378e-04,7.072681264371868297e-04,1.305785751868591158e-04,5.992611769512521530e-03,4.048033077509639692e-03,3.982517496853346314e-03,1.913216487412461222e-03,8.358544573795339698e-06,7.513466952725367676e-04,8.183442983573787778e-06,4.221444771664824628e-05,1.549424253880820267e-04,7.983888520128414046e-03,8.480381209072218032e-04,2.249866194781925070e-03,4.885266892402418543e-03,8.383728733411960896e-05,8.076765750306960838e-09,7.336983765497187684e-06,3.067669077603312590e-06,2.114996176855170763e-03,2.887370988550758393e-03,2.542367561794176359e-05,9.126010155123067161e-05,1.205391084489148933e-05,6.822334339185458414e-05,6.370930802273072537e-04,9.209197008193377801e-05,3.421717479363475031e-03,4.127590008680968696e-03,2.272309899946505798e-05,4.511597980963057315e-03,8.895451060914548978e-05,4.155776754948316151e-05,5.456248931521611633e-05,1.323759676459002856e-05,1.896299612016926178e-04,6.772530028438536812e-04,1.600073953820796847e-04,9.779361295869526557e-05
2.937793184101307291e-03,3.187330561001943947e-04,4.181847507151010244e-03,2.859223050521035093e-04,6.108633449803413731e-03,2.000392061535575822e-03,1.979103647710188721e-03,1.023279119934735258e-05,1.847083728069475166e-03,1.334968223334136953e-03,6.159138865700746097e-03,2.772890674472564600e-05,5.636640650127549342e-05,4.022818887593327774e-04,7.577641919160776386e-05,5.919386475343904434e-04,8.686349202379892292e-06,1.005021642227198219e-04,9.777520480599556727e-04,4.102941238973782634e-05,1.125073169537497895e-06,5.823887660277746138e-04,3.459583000753112622e-05,3.975831158417865939e-05,2.702399235725318899e-03,9.744643646064562190e-04,7.915660879382573807e-06,7.824174388462333193e-05,1.371905100072843761e-02,2.877435461762173439e-03,3.180282895822746482e-05,4.952303906087045238e-02,3.955944265083025796e-02,2.687095990221909092e-02,1.152023208117538416e-02,1.548751782917631194e-02,3.408324988012083237e-05,1.431024732403184249e-03,1.496163856068028213e-04,2.052991994383697449e-03,1.240960019531006956e-03,1.714453044812337061e-04,1.604964038249783831e-05,5.576088579550461319e-03,1.481434376385118499e-04,9.103659231009568953e-04,3.132431932961715886e-03,6.396824136402434009e-04,3.317463010799744875e-03,2.492404994054030101e-04,5.215160461663537195e-03,5.814459859248781838e-04,2.659799711050142286e-04,1.912770320356333527e-03,4.241316909590021542e-04,9.250319134366868107e-06,2.667149894030029084e-02,2.703417543807205559e-01,8.609982943047909953e-02,6.112363445742111101e-02,6.058638455102208610e-04,3.807910480064790465e-02,1.730148367417782759e-02,9.881751351460745306e-03,1.311073191286604191e-02,6.123241428108599539e-03,4.444087163260727891e-02,5.355365121273773787e-02,7.734428828044899451e-02,5.971618526354918050e-02,2.265132478839549865e-02,3.059741305081251778e-02,2.654982627590693825e-02,1.213592219203398284e-02,3.142592660578692743e-02,2.530204454604440684e-02,2.712643990752735060e-02,2.324637086138895206e-02,2.721487322824795926e-02,1.351445483705932893e-03,7.705563608097247379e-03,6.735205914019549035e-04,2.641448600951762978e-03,1.074753664018165879e-03,4.141296295300458822e-04,2.563330032905596653e-05,3.104162204849389450e-05,1.068112538314933992e-04,3.033422504229336227e-06,2.206969471927887338e-02,7.084325151251705428e-04,7.717871125513185411e-04,1.568009328591741733e-02,3.618012477530800804e-03,1.022937567835532739e-03,6.429233311722386268e-02,2.646024811465390661e-02,1.604229894410574018e-03,3.328075319137197355e-04,6.714021809811417281e-04,2.340896901257468691e-03,4.483677281351189890e-03,9.243851468262832350e-04,3.956199975809055987e-05,3.980169062277063262e-03,6.360184249407623523e-03,7.652579187402214688e-04,7.672894656440791680e-04,4.538732284068897386e-04,1.001133315388305070e-03,9.503932226234360764e-04,5.042960761005911910e-03,2.334270787158804553e-03,6.716878404454067588e-04,2.484044537190575663e-05,1.398337830362085012e-03,2.477635254570552197e-04,6.035103034677955164e-04,6.110413509997281091e-05,8.949490507805142603e-04,3.205977938694412203e-05,6.451018050639760167e-04,1.371967473950052522e-04,1.161226145557212372e-04,3.517821151610016177e-03,1.685210908443657635e-05,9.478450381901934690e-05,1.187380077325456400e-03,5.231155278837806280e-04,6.823942133525643609e-04,3.672724489094041783e-02,1.049465497231872506e-03,6.837240386260443059e-02,1.768658631179042054e-02,4.976708504441672287e-02,4.245416447076102301e-02,2.441026742662616683e-04,1.793409263787221382e-03,5.303046333325227291e-03,3.261249052978356430e-03,1.297547137948361958e-03,8.287675135853011339e-04,6.271822113400062591e-04,2.458975987515167041e-06,1.246126465779048972e-05,4.536022112931303862e-03,2.477117732662892558e-06,1.037431907012085998e-03,4.259192407134346388e-03,1.197743020699428311e-03,3.642270104034442488e-03,4.141800983553876880e-02,1.627038873133553444e-03,2.741716016391937231e-03,2.458056775756975036e-05,6.552652585007462079e-05,1.309499980960175062e-03,1.200387206086918904e-04,1.123930847995161051e-03,3.723725675934507363e-03,3.873659939451044735e-04,2.090679243060681626e-03,7.380756702199828484e-04,6.123241428108598672e-03,5.755462708007771239e-02,2.086167072157010458e-02,5.155754455242313704e-03,4.236793720771100556e-04,6.325394975671978347e-04,7.597403123338689057e-04,3.131597164135698809e-03,6.268361322568223593e-02,1.254209567687074268e-03,1.725940851934285383e-02,3.732584927825149251e-02,2.163488927899377690e-02,2.111002342263358644e-02,7.995475691026938513e-04,2.877968627268755013e-03,1.228656982975580812e-02,8.978669595291593683e-03,1.157331693539789472e-02,3.396568064954110216e-03,1.003371504444017020e-03,1.314986732785740874e-02,1.921241035098037245e-02,8.632802093676008811e-05,1.048297384696063324e-05,1.217109030448325791e-03,7.148138225202385935e-05,1.938203193660813402e-03,3.049945334495143623e-07,9.918115612837583982e-04,1.135135111318456153e-02,1.583143400243159846e-02,7.754328176654502226e-03,1.290262038746573794e-03,4.814421491615658924e-03,4.894974904573083825e-03,3.562019795133637787e-03,1.716223658976355699e-03,3.091614274327730849e-05,1.699435973578466551e-05,5.375237405348232595e-08,7.042816790620933009e-04,1.515296553575856285e-04,9.025230910552469387e-05,1.711352136167569376e-03,8.732782951937968863e-06,1.707761514839942186e-04,3.716205704209736490e-05,2.999839321131779135e-06,1.723801256530507343e-06,2.157261609577036162e-06,5.337963591705349460e-07,2.772999631495989036e-06,1.108166144128693140e-04,2.042256484712137219e-05,8.230896742039610445e-04,6.513128901264636679e-04,9.524422512622378626e-04,7.240250154548595000e-04,3.639252530530452299e-04,4.375632671988158653e-03,3.981236815185113466e-06,1.219037551644945682e-08,6.345764580636568605e-04,1.548565600379349816e-04,4.199976232603025402e-06,2.272177569988393216e-05,3.875822173762993915e-04,1.037431907012085781e-03
2.474794058542593728e-04,3.030244512830310849e-03,1.725949571098700937e-06,3.521969384625841062e-04,7.203180212944036969e-04,3.276779243867913773e-03,1.525520967545298157e-04,1.461344592448889698e-03,2.236082252140272008e-04,1.304433444229960892e-04,1.085172839379813401e-04,1.606927455758216884e-04,8.545501109812377722e-05,2.299520940121595365e-03,9.219312488277721818e-05,5.681977077500432452e-04,2.633868266616201811e-04,3.202370407086676824e-04,4.653248130424255183e-04,6.248878669853308266e-04,2.196045049253148094e-04,1.437837634860332676e-04,2.108280243751078472e-07,9.474845056264538570e-04,1.470114470135113361e-04,4.150607455473933232e-08,1.748871722876480233e-05,2.863946222154630920e-06,8.048495532179582648e-03,1.781322940664207015e-03,6.219047529534847965e-06,2.043661157606082440e-02,1.133526938556274517e-02,3.723478004247824519e-02,5.027236998483053387e-02,6.839091940867778052e-02,7.283377974214588508e-04,3.853783331869075571e-03,6.211198509089836282e-04,3.621935434044138563e-02,3.570373724564523347e-03,1.361216499271825000e-03,6.071051180210593895e-03,1.482734129750674706e-03,8.345336924657045449e-03,2.428145619217054790e-04,6.347805688489231735e-07,3.745519321867307597e-05,8.830612263125170794e-03,4.463813531127022206e-03,1.054714447715763420e-02,5.679501411739848102e-05,8.261256211871336689e-04,1.149191563189141301e-03,3.959634081615876345e-04,2.492732894515184146e-04,6.406143813000059195e-02,8.609982943047909953e-02,2.024872704925927136e-01,6.540884135453164938e-02,1.040142167851968585e-02,6.995808300506337063e-02,3.627403173163624896e-03,2.800390468468233821e-02,9.561535321572511154e-03,7.691565749782624910e-03,3.313356410225862247e-02,4.145903590724013543e-02,4.064667720947633123e-02,2.357795898700924819e-02,2.532109616643989612e-03,1.045695583048332512e-06,6.085891656904509261e-04,3.807766823617794814e-04,5.938469073409227792e-05,4.700567286065986117e-04,6.073292267482864734e-04,2.421568253539127871e-03,1.541171021043359336e-05,2.139611510852678522e-05,3.337758831001643063e-04,3.157441889597206101e-05,3.798494806438353511e-03,3.985821048691433983e-06,8.393123183224503116e-05,3.959634081615874719e-04,3.806442394085382975e-03,6.496783412097136912e-04,1.912046243767164802e-03,1.753084013588835158e-02,3.895510106664078318e-05,1.091703070821405672e-03,1.242587406419974790e-02,8.467541760983901197e-04,2.381530114171164642e-02,5.857273688745862072e-02,5.160825456541035318e-07,1.055593781873634584e-05,5.556867448752481303e-05,2.640091974288785834e-04,7.844499389705183125e-06,7.897970221207019316e-04,4.562686503264671190e-04,6.951662735016439585e-04,3.318569584922066132e-04,7.417198161095673540e-04,7.720510098727186889e-04,2.017112927567288598e-04,1.096102619339002721e-04,1.981843626759800803e-04,2.424854461133214888e-04,2.908335169105833121e-06,7.420945612832120092e-03,1.570798507221622220e-04,3.217159410120499563e-06,2.731256109453422069e-04,2.029359708428749991e-05,6.102591943254822866e-04,1.814809832942182422e-05,1.157870697991847126e-03,3.424297253079794048e-05,5.830345549366985512e-04,4.953199454245388192e-04,2.586172904487725506e-05,1.389662683748189853e-03,3.432881958927759016e-05,6.382568612385329427e-06,1.086224452335227570e-04,1.126771592500337859e-05,2.089510955224766463e-04,2.962987164854559083e-02,3.589986630642542399e-04,3.260129594856438218e-02,1.946093007515917661e-03,5.953736730213404077e-02,2.942014057566759433e-02,1.368763939583168311e-02,5.924058157903564631e-03,4.691873172767359090e-05,1.673779644316251416e-03,6.516707019435859661e-04,2.931601017458852006e-04,9.892547597511507085e-03,2.622053995273976301e-05,9.158883221879327290e-05,3.348883087172220704e-04,8.091485418667388558e-04,7.803699568432648269e-04,3.627402813083617093e-04,5.233821743600615157e-04,9.341568876555394232e-06,5.711419842747878645e-02,6.649734511371971704e-05,3.309074422234091180e-04,1.260239040692300461e-03,4.367105694656933895e-04,1.309570655033396583e-03,8.599098328095411528e-07,3.327438626861781420e-07,8.812053794171644384e-05,2.057835179534036013e-04,3.560676808590936644e-04,7.248706943469090610e-05,3.061615610366494496e-03,2.260424908578612460e-02,4.778283432411590398e-02,8.095275090009219562e-03,3.712554914658632542e-03,3.079894102544394104e-04,5.432147037843687619e-04,1.666155416861333702e-04,3.065301248471833523e-02,2.307248921546389719e-05,2.193791664484768394e-02,1.172343666958608303e-02,7.481250900687639975e-03,1.610963084479011265e-02,1.360741127003947779e-04,3.743138568382357260e-03,1.417113008863148289e-03,1.982478460454720551e-03,5.678081155697483739e-04,2.278009455855009937e-05,4.151154994868056641e-03,4.839159414081672592e-04,6.197018320007503670e-04,9.980940105202979390e-10,3.870099702260288658e-04,2.630135154103306529e-03,3.705045183883307579e-03,3.824645474454682788e-03,3.978714290541539994e-03,2.537977842478011497e-05,7.914742471941718074e-05,1.534135216585998649e-04,1.889400165929628825e-03,4.838834960200863455e-03,4.339132491642077628e-03,3.470987648860873048e-03,8.434201099222976084e-04,1.941257857489796506e-04,4.538707741257648367e-04,6.121516972882078842e-06,2.495203488419237139e-05,4.817747980997280280e-05,5.938469073409227792e-05,1.521169886671562728e-04,6.127892085084555955e-04,1.283596480332066135e-04,1.937779977515342893e-06,4.740026124101845272e-07,2.103027215310779069e-04,2.304297792530628870e-04,4.209473749661942366e-04,7.822725738389274169e-07,2.057835179534036013e-04,1.994147249965328589e-05,1.119211337981110382e-06,3.377404985616550698e-04,5.245426287642496709e-04,1.067443218796622914e-03,1.833055035451081191e-03,7.729893300953187497e-05,3.174156977803007859e-03,4.446159700689771216e-08,5.911084876051108930e-06,1.749043886275292506e-04,2.627973999088106138e-05,7.694203544467312318e-04,1.135569518181287439e-05,3.944489369135000586e-05,4.193244935689841848e-04
1.114111899123531148e-03,1.299747400856717417e-04,3.721122700586007169e-04,1.356463442332193252e-03,1.056137214722743453e-02,1.040208280230688759e-02,1.815979448636515859e-03,6.664696724108145742e-05,8.300254587809897835e-05,2.995777783724974395e-05,6.266440821224224277e-05,5.149070389607597842e-05,2.694778154356906592e-04,3.530118789749743741e-04,3.507916448902334143e-05,2.249654049699643604e-06,1.053006073340981990e-05,7.654182538216124326e-05,5.472066511061856116e-06,2.884477628674898306e-06,9.029455659180724361e-05,2.880963424849378716e-04,1.112405532755470937e-04,2.740319579669664874e-04,7.670290093938814231e-09,4.066601515878740615e-05,1.163468517069305417e-05,4.045883794201351551e-06,2.479604163358303109e-02,1.633193499392529210e-02,1.637367409017165222e-03,4.353100304589852670e-02,1.147386080126528742e-02,4.509536993198094701e-02,1.047176405226639233e-02,1.952966076916279325e-02,1.164675926325989410e-04,2.012045570511147288e-04,4.905912461505638512e-03,1.382033769703214579e-02,1.375623680843841888e-03,2.829248100210056101e-04,6.824482330459980765e-04,2.192165297448891630e-06,4.897292082483298975e-03,7.500755060271703382e-05,2.792985451488008003e-03,2.276911133821243102e-03,3.461933178706135764e-03,9.129487673739565209e-05,3.993279823952594274e-03,1.074339051705117728e-04,1.949480668412695944e-06,5.252468671320308308e-04,4.373999788251526900e-05,1.843294524515950734e-03,5.954453197538542297e-02,6.112363445742111101e-02,6.540884135453164938e-02,1.369769313243297537e-01,6.055419689824122339e-04,5.943803617809183953e-02,1.175868044583244440e-02,2.601383705366711388e-02,2.939226928948607612e-02,7.618500946970038247e-03,1.261941180155356536e-02,3.536899701750919559e-03,1.497054245087726249e-02,7.481897757041880079e-03,4.417763142788344360e-06,5.131472774757101044e-05,2.347111264892280669e-03,4.280002467250029884e-07,1.882833196957073465e-06,4.242053293459705412e-06,1.238156430685698990e-06,5.415673944281493627e-05,2.010889973571229654e-05,1.801196409061513232e-06,1.473816727241061749e-05,2.882462783378364262e-04,3.501051166692486886e-03,5.207820787461322435e-04,2.184808303958176242e-07,9.901508490995996302e-04,8.021184068765377720e-03,2.311785941010274705e-03,4.122511852859794650e-03,7.630744829136102726e-03,1.225572890846005330e-03,2.930196055401458659e-05,9.017789979165127465e-03,3.010115275381951890e-03,5.334239437256605224e-03,4.338124013181579586e-02,5.424302570070069262e-04,3.129193287914257163e-04,4.692935855049530278e-04,1.113316069978993132e-03,1.013622319259951769e-02,9.324980858840850942e-03,1.310011803368640686e-04,2.095307628368531065e-03,8.822629915285745000e-03,1.387170988708378259e-02,1.413508084900108597e-03,1.324421066113812880e-03,5.575249100440421791e-06,7.117113310619975486e-04,1.684836057569414535e-05,1.742311449563916769e-04,5.823071816120099428e-03,5.933625495258503359e-04,4.627247183537362197e-05,3.064825912527060396e-04,1.313078891601763198e-03,2.802112227266038882e-05,3.042130513112704005e-04,1.711192695360974202e-04,8.298472801320390374e-06,1.313381142911166625e-05,1.304787761817746183e-05,1.833961533644620284e-06,1.080552128745703366e-03,1.946849821233726131e-05,1.071861917687191228e-04,1.617644202397829458e-04,1.757825128304367228e-07,4.691928249443936286e-05,3.564961235562354169e-02,3.873017253069962421e-03,4.000944314216243330e-02,6.494750683522532500e-03,4.270007165840038893e-02,4.388960035355596312e-02,8.157805387782126466e-03,3.350382887163370384e-03,1.110958822561150050e-03,3.258934905753046139e-03,4.420034027795233765e-03,3.281914049884864610e-04,1.372960241465219500e-02,6.494918462262727361e-04,2.573056276188668071e-04,9.221834661758781225e-06,8.358876158789604622e-04,1.549125647083267549e-03,1.155783915885075954e-05,3.346290844195244011e-05,1.712498182235297397e-03,5.423534643537516325e-02,4.132469521763769936e-03,5.799133398569913337e-04,2.805860595252112439e-04,2.339715194711980399e-06,9.564435780662256827e-05,9.148587782102976230e-06,6.463010123290744249e-05,2.473406352242554394e-04,1.800289655921541990e-05,2.331725017587667204e-04,3.655871175255366199e-05,6.570099779360734187e-03,2.475096321234322976e-03,2.453297530945114380e-02,4.217855392182954036e-03,7.510152060998547333e-03,1.656346666012608292e-03,8.121583714476197317e-04,2.036024540509760641e-04,1.275678103814640793e-02,3.598591407552798310e-03,6.286363721688228816e-03,7.694028382342691904e-04,5.080986954580700085e-03,2.278089350132608305e-03,2.261986431261945110e-03,1.673100402887536765e-03,1.009108125012637871e-04,1.144903310633615495e-04,3.433646951762905165e-05,4.006291790919818611e-04,5.712233471130564403e-04,7.908900596337638679e-05,5.959324350079725605e-08,1.714693687041002855e-04,1.013925571792911298e-04,6.698842052311316728e-03,1.113006321248798461e-02,3.699096447745404796e-03,6.574629779784122927e-03,7.032535643149769467e-04,3.197061693339822794e-04,7.700555341924206166e-04,6.492986447124863246e-03,1.097278554344512493e-03,2.700149387071719941e-03,2.504761490571400656e-03,7.852607022061282259e-06,1.031562553748806352e-05,9.145371915448758703e-07,3.391096383897237830e-05,1.411210740445766423e-04,3.294888140494344289e-04,1.529784349760019655e-05,8.273056250352648321e-04,2.033096301562827522e-03,1.066623023708256871e-05,3.871957870032001123e-05,2.278993668705640805e-05,1.511655272010692115e-04,7.852645719513297578e-04,2.892143878457782659e-04,1.093156538089933878e-04,3.729167935610425534e-05,2.507836980264185175e-06,9.006512613246918733e-05,1.984327634425994626e-04,4.349822163442607472e-04,8.881530467381698721e-05,1.963656560696700696e-03,1.072230712153024023e-03,3.089368992726365410e-03,8.443225064855626623e-05,2.761322108483182616e-06,6.558290911330747180e-05,3.976973368379382938e-07,2.594376956789892381e-05,3.009019977082939362e-05,2.278993668705640805e-05,3.100849757716209686e-04
3.295369480356632216e-04,2.240393404465974413e-03,2.216326310315223865e-05,5.638289795707833051e-07,5.915808693880690583e-03,7.734221189125822966e-03,1.736403927270788444e-03,1.514343040303535708e-03,1.807961787040621022e-05,2.680717327232838045e-03,1.013564994143728712e-03,2.624047856021833290e-03,1.145692586470378922e-02,6.209770623607685329e-03,5.879363032298899352e-08,1.568837179280860239e-06,8.967912578721171438e-03,1.994005362651295882e-02,1.448228539417634013e-03,2.933869374259254990e-05,6.425640603760696861e-04,6.776473644880623166e-05,8.348254235630529893e-04,5.577177831297922862e-03,4.386730683726303108e-06,8.106717042389769909e-03,1.319610546934668431e-04,2.036065586442049397e-05,5.947000669817073797e-04,1.776573624935120837e-03,5.816714384981560258e-03,5.257009756586635343e-03,1.306183597148219064e-02,2.206454526888083911e-02,4.948577474420708111e-02,2.705034162897703917e-02,1.266542674055026393e-02,3.155850214825241251e-02,1.992091109693507750e-02,4.256123602361824160e-02,7.169727498888193648e-03,5.852062564127204908e-03,2.759534130733720669e-02,3.071576769210994720e-02,3.306458404485525249e-02,1.177641216117759730e-02,1.811574752607479849e-03,1.036724866863268299e-02,6.548863580740489805e-03,7.032757393832829787e-03,2.181613347755879864e-03,1.838021049819101548e-04,4.796584780573938498e-04,2.114165184128584277e-04,4.963336969621303898e-07,1.060379573962061926e-04,1.060028989424615514e-02,6.058638455102208610e-04,1.040142167851968585e-02,6.055419689824122339e-04,9.799189475571118413e-02,2.010903495356494361e-02,1.614736861523225885e-03,1.763957017827659166e-02,7.291907242173376871e-04,1.526941487690016601e-03,2.228374938015810947e-04,9.339368629130884343e-04,5.760888014285789165e-03,1.334782812365986236e-04,1.489005679210615111e-03,3.814636897448188537e-05,6.785661251942574565e-03,7.113288959016830304e-04,8.662814027500334926e-03,3.715597737235278177e-05,1.769745370724681941e-03,1.925385409213138091e-04,2.247021351520913594e-03,9.093552350261066867e-05,8.832210034058524291e-04,1.329208081832643001e-03,8.062969544421914794e-04,7.551468074393203169e-04,5.311272869810773449e-03,3.951064393271003228e-03,5.705183894985981115e-03,1.526566244862366311e-04,9.649220664903277584e-05,9.529194489336846596e-03,4.435125115406071683e-03,5.343974716622011982e-04,1.902625358180239827e-03,2.452769896257674023e-04,1.002335088698481924e-02,1.660910300221044023e-02,2.307246857271270132e-04,1.543469174713256941e-04,4.290459568670374618e-03,6.551455787539623874e-04,8.666678379462473304e-04,2.101759337073487964e-03,9.934058512279866373e-05,1.077914045816889474e-03,4.063594849327669192e-03,2.489664553936753177e-03,2.922137950845450551e-03,1.127835253372574649e-03,5.453765901884042450e-03,2.562785007858029915e-03,7.848808529477888487e-04,6.658635075469263205e-03,1.168097105666382474e-02,1.903709333008714094e-04,1.033530732569149131e-02,9.392857507327555732e-04,1.122580175559030266e-02,8.531598181725708529e-04,1.977097382858865413e-03,3.065865570782329297e-02,3.330304020012533374e-03,2.681077492908506572e-03,1.514884828923845741e-05,2.942562150249084652e-05,6.927155684072659140e-04,1.333255399979705485e-04,6.347849968288236076e-03,5.944064385596577009e-03,7.529592966613482498e-04,3.359511307318847591e-04,1.132622915539189829e-03,8.368959270476889617e-03,6.220207964549188083e-03,6.746792091807220400e-03,4.367390984433793671e-03,7.037054714983574134e-03,2.651804867884728981e-02,1.415649821875721373e-02,1.444413063233102208e-02,1.722987720443991747e-02,1.164138740298959092e-02,2.360784979350002283e-02,2.490908772658080583e-02,1.606035620048167122e-03,5.878008549930243375e-03,1.527629779630640915e-02,2.993321630602167882e-02,8.486781637010699930e-03,2.543981322641891349e-02,2.673718603262358051e-02,1.267113101144223472e-02,9.040922127965591096e-03,2.235881086495653675e-02,1.977220372437616706e-06,8.522396841668444800e-03,1.157685587624808325e-02,1.221073867269465915e-03,7.603771046645256505e-04,1.250380215878285238e-03,2.580592221009574141e-05,3.242747161953873713e-05,1.793137142346496772e-04,1.079645339440796225e-04,4.766077542222985877e-05,3.742525951421220133e-07,1.424584317878569741e-02,3.419711566366301358e-02,1.690733386999019455e-02,1.180717315892504447e-04,2.866382069094370078e-05,6.020779752711964998e-04,2.414084833696762927e-04,3.023138383396243006e-04,1.105278333348144564e-02,3.504891419063877888e-04,3.498077210538448265e-03,4.814325555089361678e-04,1.962250970861025977e-04,1.286989403095337853e-02,1.320046642178588671e-02,4.547346952146394107e-05,1.191103842864358600e-03,1.260451221330633574e-05,1.282532884150312048e-07,2.019907859106497786e-03,1.000562108033031285e-03,4.375192117516748039e-03,2.770702664303199576e-03,1.292720105277919002e-03,2.828335248721034183e-03,1.120595611216815063e-03,3.876410716787091149e-06,1.160246593317195698e-03,6.901529746161212892e-04,2.069423398358577221e-04,8.928170224003331755e-04,2.338624024815769316e-03,2.416314937039338619e-03,5.576276681726223669e-04,2.706634498625029692e-04,6.186667938437768761e-05,1.635960286379432033e-05,3.946875925605380290e-05,4.584253754840626548e-05,1.198297681449354488e-03,8.097315079622011136e-04,4.829307361079554842e-03,2.859179795264289638e-03,5.215040763904227415e-04,1.758998144977437506e-03,5.051602287021544858e-04,8.634493237617005745e-04,9.112873769203635099e-04,3.931983095532092659e-03,1.153412051380971453e-03,1.139867377890204292e-03,1.548132934046210030e-04,4.137430037428101450e-06,6.919542276726947000e-07,3.585355431029118678e-06,4.637060701095736728e-04,2.047632943028052533e-03,8.599063973270832523e-04,3.519328212448953348e-03,1.350183190702787571e-04,5.404471636394713152e-05,3.491201512656335281e-05,2.411662556506733346e-04,2.452420118222883600e-03,2.884762484730965569e-04,2.256021438096155146e-04,4.962222316689243263e-04
2.624515456155994522e-05,2.808039672255368147e-03,2.652403240264166820e-05,2.359955902922290232e-05,8.212509716913021784e-03,7.122331814704785380e-03,6.256208293133381365e-03,9.167760489520700509e-04,1.643023734827533423e-03,8.988504408597603476e-04,7.218964431835005061e-04,2.170506211982045196e-04,9.199610175848960819e-03,1.543330956829915956e-03,6.087325943164148328e-04,1.496548178035469719e-03,2.774541966160135129e-03,5.549531823786969971e-03,3.766370310048298021e-03,3.616443364179516839e-03,4.796536034394082749e-04,8.915437798966896401e-05,1.212066008864433905e-04,5.941696903047343501e-04,1.073659564102975731e-03,1.353965355013487300e-03,2.171695646247557979e-04,4.055432029070189760e-05,1.328323789936932363e-02,4.912094067863494867e-03,2.004481479832171678e-04,3.613910160007061806e-02,1.306752207916279766e-02,4.369188458443321044e-02,3.163380373510901733e-02,2.671744728377619879e-02,3.357198732568214463e-03,6.062765829748050124e-03,7.877090367704300822e-03,4.111089653643731218e-02,1.342659954054635507e-02,7.280765306939792833e-03,2.549108713362109591e-02,1.537306040794255389e-02,4.315863612756579148e-02,2.642765128012355969e-03,9.164267188723249731e-04,2.773036164616058622e-03,2.371878890997371550e-02,2.056297440649402369e-02,2.127795770829713634e-02,5.356556234158776301e-04,1.287317533263218801e-03,4.362570799533545783e-03,8.757431935521035920e-06,2.042363530405117561e-03,4.160378638750419911e-02,3.807910480064790465e-02,6.995808300506337063e-02,5.943803617809183953e-02,2.010903495356494361e-02,2.103395609361716490e-01,5.775717492750999382e-03,3.832998653290024121e-02,2.073877434056692337e-02,6.609124856540095003e-03,2.509064316111428439e-02,9.319998584951369805e-03,3.820269364965028780e-02,2.028585463484235824e-02,6.060873632195377253e-03,6.249930531465673449e-05,1.137375545571102549e-03,1.014564221174295240e-04,3.767758438089874014e-04,2.763222393793937637e-04,8.399907528977318839e-05,1.139317787340481808e-03,3.890982830551906082e-04,2.042672416913504738e-03,1.740977132759777344e-04,8.389679208059218005e-03,1.668555357360063367e-03,1.582049023043210275e-04,2.939495412169187104e-03,9.931066262040237277e-03,1.576400493240836739e-02,1.642841099791820560e-03,1.199887386690468450e-03,5.097475548759068664e-02,1.177762844990538861e-03,5.402094996733551244e-03,3.413524375692159052e-02,1.188250272114037683e-06,5.655156209046465626e-02,3.820474892925077720e-02,2.243510405181352221e-03,2.002920948754817378e-04,5.967425316562031089e-03,5.679956307378389128e-03,3.042538844055838257e-03,6.317820481419872750e-03,2.960452997408050276e-04,3.268229614610933400e-05,3.010913923585768672e-03,6.159673623201029902e-03,2.739542262822810582e-03,3.321477317579131158e-03,6.254540623508444367e-04,1.379131332530217791e-03,1.907399554080568046e-04,7.219201070933142783e-04,1.162870060139939606e-02,3.842534334651759309e-03,5.447507816201832553e-03,2.071122073606288493e-03,1.568562401533327546e-03,1.770880804284333645e-03,1.286495144136968766e-03,3.926872365950064177e-03,1.308519989475071064e-03,4.279883367917222681e-03,3.393686449670899399e-03,6.319499969498486606e-05,1.470693030672515439e-03,5.494688104628839840e-04,1.377731254193015906e-03,3.998175734932231905e-03,7.216201120751319096e-04,6.881410367930671521e-04,4.095827998367378153e-02,2.486005853993319102e-03,3.053905139260867582e-02,4.609596281370756214e-03,3.335104971366651544e-02,2.569651914348325406e-02,2.033089378844813236e-02,5.097635244232704907e-03,1.719582363521475823e-03,7.178886719441474919e-03,6.557052973539106815e-03,5.131002857666696303e-03,1.745576321243717463e-02,1.718924120418135462e-03,4.999391500062792121e-03,8.786520083180657595e-03,8.439232248614604234e-03,1.214629089200128730e-04,3.285931941443874862e-03,2.643128317008802252e-03,1.085406433228685967e-04,8.157109324594810640e-02,2.457534338440858497e-04,2.460663678695546139e-04,7.988155252985771476e-03,7.123220369964243688e-03,3.075899349680262171e-03,4.611966638689198213e-03,1.744682089230248844e-03,6.281669083021683311e-05,8.668026000778638568e-06,9.167989993611343463e-04,2.455501441683101676e-03,5.088948017767147385e-03,4.076600366304116048e-03,3.234324505432851354e-02,1.350204729219559030e-02,1.712905132640875003e-02,2.940094512644931160e-05,1.355898606814542320e-03,1.918848929211555465e-06,1.615854393690177235e-02,6.158256510035636962e-03,1.088648779057320784e-02,2.424192263846117624e-03,2.838862503672257703e-03,2.352920500438688417e-02,3.179069686587018221e-03,7.176741686206939731e-03,2.099304384265856735e-03,1.694486929255681991e-03,2.805601789996793258e-03,1.185772091934696858e-06,3.880458890944754428e-03,7.842839479311602014e-05,5.804078570098804215e-05,5.539937782405757356e-03,2.740488945815540596e-03,4.468178698255334470e-05,9.745493045966670612e-03,1.569656531474512406e-03,6.209772469197493046e-03,5.797694395672528750e-04,2.924523783051634384e-06,1.740782640577825935e-04,8.043144240643293821e-03,7.019060669653711532e-03,6.454821972940993739e-03,5.773511554688494189e-03,3.074737730406618130e-03,8.074726094561026062e-04,1.959215571107290627e-03,1.270752966607207883e-05,5.207820787461322435e-04,2.333721435127558089e-03,1.243424331699014961e-03,2.334306346450707934e-03,1.719410539227236856e-03,2.773430305676413340e-03,1.114173171299814163e-03,3.663722569058908970e-05,2.270359950335721635e-04,3.285747864337976512e-03,3.287455311735491478e-03,5.209336896833251067e-04,4.269404117810875286e-04,6.749087807565391426e-05,1.958514691719701028e-06,6.563992992859604908e-04,2.871411526906402119e-03,2.643355172277500869e-03,4.198412089234855940e-03,3.357628747867898774e-03,5.224120842542969920e-03,9.938760880348095680e-04,2.675449266486215356e-03,8.611521575411041967e-04,1.738089593473744494e-04,3.144990527412120339e-03,4.141227814409227702e-04,1.987138280657413814e-03,1.933178400696207140e-03
1.084439523499682598e-04,2.033063994770267292e-04,4.103594117303143991e-04,3.479044100124357936e-06,2.273433658915369800e-03,4.813230609559185184e-03,1.008212845781368962e-04,3.663543027007818624e-04,5.565846800804783022e-07,2.652513634089238154e-04,7.840450411542959326e-05,7.489222647845373507e-06,3.608697461830040042e-03,3.062246335335356510e-03,2.164146274122869516e-04,5.619878688391274999e-04,4.142711550597322386e-03,4.465511506761438501e-03,2.411345476747586942e-06,1.703375909721997847e-04,8.901704753723250346e-03,2.312792418347325157e-02,7.096316512470384570e-04,1.300152084587542980e-05,2.931870319107118469e-02,9.671443298714961891e-04,4.708383927335014346e-03,2.146144723757194631e-02,3.842910401332478697e-03,2.831799882437376826e-06,8.198851227966511446e-05,1.380671980252027751e-03,1.352944952943582572e-04,1.439055737455364580e-05,1.194242293864638225e-03,1.601902338202780827e-06,4.810174803862079726e-03,3.791827936014476649e-03,5.046197357743136859e-03,1.044987450772006624e-04,4.259423545281939747e-04,4.688530080042441206e-03,2.297857698499025485e-03,5.037362558254684756e-03,5.626681637383024528e-03,1.480917693525476194e-03,3.980319009880515374e-02,2.042474348383492181e-05,5.829912306532588647e-05,8.947963281813978154e-03,2.602115314126829276e-05,5.759457826888395374e-05,2.086278332469525764e-04,3.960580206617867805e-08,1.995224150519626458e-05,1.499927302560549172e-03,2.090807966807287969e-05,1.730148367417782759e-02,3.627403173163624896e-03,1.175868044583244440e-02,1.614736861523225885e-03,5.775717492750999382e-03,2.352316572091748270e-01,2.710701493550195240e-02,7.430374230837513694e-02,1.350306790946216901e-08,5.728382401908022788e-06,8.216380341662088069e-03,2.765378467330481191e-02,7.450740470074151446e-03,2.350258931155433881e-04,4.358232595536681679e-04,8.090603360765931049e-03,1.852075434951601493e-04,3.173497828524373537e-02,2.488642372764916094e-02,1.286413418840297003e-03,2.142518006343237507e-03,1.729274345160547108e-02,9.136249211925856137e-03,8.848361656986448312e-06,5.663903225324279714e-03,8.784953333829980879e-03,9.807482369243180481e-03,6.369099326533174399e-02,8.632990649480862255e-02,6.415511052817875204e-02,1.420782278387997108e-04,3.759887032074676200e-02,1.342487161508688615e-05,1.321934263433932090e-02,6.895976347643227198e-04,5.492024627759569777e-06,1.569759319663596156e-03,4.763567820409879753e-05,2.980649878118407994e-03,3.741078673248860493e-06,1.113354989180777470e-05,7.794431947560361007e-02,7.790621573578744574e-02,1.439113182315071029e-04,5.139749441464788217e-04,4.590321773477328319e-05,1.791862788837274604e-04,1.037275173894339133e-04,5.809664252120242897e-05,2.237591290464979174e-05,2.568326913762423658e-05,2.027297999194857914e-07,8.856490843284944002e-05,4.776161777790307976e-04,8.256363764363810163e-04,2.597639328671487273e-03,1.852420132850646521e-03,3.680556444867676309e-03,1.620435189065628969e-03,4.222939885404516404e-03,1.407549086953200626e-03,6.378797250376264496e-04,4.300154190766755299e-03,1.950710270789775616e-03,5.298544178220664005e-04,1.250288897031194286e-04,1.106301262027561960e-02,3.830969213913183735e-02,8.307788218849839054e-05,2.656198989140058457e-05,5.106643882488983918e-04,5.511209124002869374e-04,4.750314147093077574e-03,4.491389842300498592e-05,1.936057152465934334e-03,8.703711028470112812e-04,2.776791444651034733e-06,2.440930921233025637e-03,5.851474631093299102e-04,3.164255637206987628e-03,4.720669981299419581e-03,1.141297956107157550e-04,5.948969495476639016e-03,9.685197806657793503e-04,1.558333137205879619e-08,1.739653062148943620e-05,7.435259801063674647e-05,1.266756485093580497e-03,1.036488662751288911e-02,4.230213281457646281e-03,9.135605750290055546e-03,2.731931267689778273e-03,4.082730866103888496e-04,2.671407232842952593e-03,4.618936847456830242e-05,3.209239566414991314e-03,5.727020240049393758e-03,3.975945413707976665e-04,7.269178564589647874e-03,5.331067242814264344e-05,1.499243162098783545e-03,1.440880658461131175e-03,6.861371268843575812e-06,2.753128136413050429e-04,8.294814155048184541e-05,4.657351189615042747e-04,3.753901086529938514e-04,3.586090044055446902e-03,1.543610073787838851e-04,1.513271482677769342e-03,1.304040220657134434e-05,4.056058055317348504e-02,3.204530864712694925e-04,7.708882723018631962e-05,2.109366873961381126e-04,1.349763767351440987e-03,3.050589487863939603e-03,4.743163840902446526e-03,1.941363842890107827e-02,8.355134434217257374e-05,4.901357074623713742e-03,3.612209144893884991e-03,1.818794013344247028e-04,1.120419972101933069e-04,1.133623093065084901e-02,1.287549030875880494e-04,2.053871251173884638e-02,2.515493207283676057e-03,6.855869317563130472e-05,1.333957243760038047e-02,7.046601902695576701e-04,2.521136661616074203e-03,1.452453573054913669e-02,1.621484073710554447e-03,2.176832701914142767e-03,2.870382389814205536e-03,1.719205167146803902e-03,1.879333861227496384e-06,1.768083050358008066e-03,3.197506514176184228e-02,4.813286624426236365e-02,3.094717005130860274e-02,3.205939515945258056e-02,3.248079238610647804e-03,3.644715185963798808e-03,1.140016246804760700e-04,1.565758063505063614e-03,2.943652438769488866e-05,1.906459475105856725e-04,8.976905343709337117e-04,1.476877589270898707e-03,6.726028375840289444e-04,2.064863337300703108e-03,7.258051265823036065e-05,7.319819451076566160e-05,1.565319523296820284e-03,6.429219632276037639e-04,5.554103188464634022e-06,1.930281779787003252e-03,2.015790864652554902e-04,2.613070901533602868e-03,1.045991829487134627e-05,5.625527704254634602e-03,4.041614767265755935e-03,6.242297063570375476e-04,2.766311939516278174e-04,1.927855177990496060e-03,4.134002088711537909e-04,5.344244894278610096e-04,4.042303432796233659e-04,5.690072978120660141e-09,7.893121017814203359e-04,1.499101269960592642e-04,1.747810931549836867e-03,9.315576533221807745e-03
1.545262741796201442e-03,9.605310978326359693e-09,3.158887916735946086e-05,6.468093823616210235e-04,4.654439198656137346e-03,1.185320131864251066e-02,4.829073429133576788e-04,2.378700735522037675e-04,4.830064756737147895e-05,6.731931293021323323e-05,4.138073459409681771e-04,9.801953861053949802e-06,3.587487628893583792e-03,1.050062194255803327e-02,2.991476309198404341e-05,1.546370047790344851e-03,1.901077628052657122e-03,1.212010282192112730e-02,3.934047867789999044e-05,1.205973100753855991e-05,1.349590504172057046e-02,4.933519457640830538e-03,1.432450884777472901e-03,1.279572925524705487e-02,1.298757474125157400e-02,1.729087364287908157e-02,4.013120768890565161e-03,8.155867824290714482e-03,1.584285875423390583e-02,1.222002983744645103e-02,7.260500532405768370e-03,1.771645025352075811e-02,3.962773510907751165e-03,4.808361602773044557e-02,4.153528594508316268e-02,4.662181184218435609e-02,7.000351822631304365e-03,6.593529703231102573e-03,3.141942888641095083e-02,6.892921899703409461e-02,9.813778011433660006e-03,4.009360018034169651e-03,3.788240764411283934e-02,5.674705147781988410e-04,1.455517567786387620e-02,2.272692037780314062e-02,8.597934479106185066e-03,2.642024959232715589e-03,6.067549954703201250e-03,2.437319102151724341e-06,1.748721753991270634e-03,1.588581415991994095e-04,1.178215669742486765e-03,3.990376403108962999e-04,5.860238600773877242e-05,1.938780443603127729e-03,5.406928061394657842e-02,9.881751351460745306e-03,2.800390468468233821e-02,2.601383705366711388e-02,1.763957017827659166e-02,3.832998653290024121e-02,2.710701493550195240e-02,1.759871637777583042e-01,6.362347599142037513e-02,2.450596127842119033e-03,4.968503764917890295e-03,9.377114946064406915e-04,7.081913735223160575e-03,2.846089067350987632e-03,4.150722039445201364e-03,5.062522716020519641e-03,3.049356575111148836e-04,7.632529216703783266e-04,5.353981421436858590e-05,6.410848195217073699e-07,3.469317397837061879e-03,2.234354635211996745e-03,3.356605815550250949e-03,5.675073477618943624e-03,2.770136851338026850e-03,1.185054418484462633e-03,7.261961765237723223e-05,2.310718445375792578e-05,3.250566881262443100e-03,1.329129732394353138e-03,9.985003581788647259e-06,3.461137481070585692e-03,1.473658944825393790e-03,2.626263590733978436e-03,2.680513574749825677e-03,7.228135840921862858e-04,2.488641511651128787e-03,1.746802394220065002e-04,1.782800863431246302e-02,2.394600480049598884e-02,3.454818307509903083e-03,7.337624621097057522e-04,7.237950728969866181e-03,8.901039764341594704e-03,5.487376851897198156e-03,7.046106507435163230e-03,2.604226052020372967e-05,6.646596023462243924e-04,2.894984089656468633e-03,5.400144302783444969e-03,3.812337650691002768e-04,7.977859488925329002e-05,9.533893216303771867e-05,3.210146833744161233e-05,1.111147965584102738e-03,5.500429831971942766e-04,1.563519110707969201e-02,4.438546859411996430e-05,7.803902749406531987e-04,5.931068148580385035e-04,7.594889746910709998e-03,4.328522924414590650e-05,8.847619588102708385e-04,1.066147670826167113e-02,8.472078035087176634e-07,9.675762623425063821e-04,5.615229219901055952e-05,7.257239767604653849e-03,3.342470197500520008e-03,4.722078644062457483e-08,1.044392573327274608e-02,1.190900228701735966e-02,7.555285685499847984e-03,4.012483028666653968e-03,1.057078157264672649e-02,6.365733895919356219e-03,1.048079316849926355e-02,4.550497541106929039e-04,1.414695608419378262e-02,1.885321321143829457e-02,2.887475008267053819e-02,1.818934122912121976e-02,5.092186117732352361e-04,1.087305440872129818e-02,9.656808532716385993e-03,2.287403444625976667e-02,3.625191169713370964e-02,8.139181869989439537e-04,3.955904541493259624e-03,7.345975885130584526e-03,6.423945075909840395e-03,1.495318169309425187e-04,1.386130405737124899e-04,1.614718549449069285e-02,2.449456411939487759e-03,1.262026522757772086e-02,1.152169828202779991e-03,3.766791686996928765e-04,6.476724846046832745e-04,8.172062044211352201e-05,4.796894352078701160e-04,9.013963462651675203e-06,2.474452874608887732e-03,2.577668297159712608e-03,9.533397219393499773e-04,2.392659235210584012e-05,1.974208548391649156e-06,1.283628405148594344e-03,5.013908140235940372e-05,1.994164293593366291e-02,1.382794431747287958e-02,2.380268988496793761e-02,9.492083512042276969e-04,2.848515889001164707e-04,1.109082573206177568e-03,5.026065774925453394e-05,8.405480697033651180e-03,3.741668104648513023e-03,3.630598506892215882e-04,1.854243562941160044e-03,8.241167980723557683e-04,4.756179053405533604e-03,1.691580858051376732e-03,6.788600147251990083e-06,7.658104472196217670e-03,3.738658137125934044e-03,3.395931847050256362e-03,9.827970886642124900e-06,8.633943217482650421e-04,6.699335497135747337e-03,2.351932520614117075e-03,1.288671898917587111e-05,5.782207254959785200e-03,1.993913647541598836e-03,8.051040343148658986e-04,4.222651656668937117e-03,6.084368073149080264e-04,2.965199265210755968e-06,5.482914451104077460e-04,8.292764959980576146e-04,4.923885742880944311e-05,1.195832020826447309e-03,3.613727838585491909e-04,4.941662444546376584e-03,1.455182823121756143e-08,5.650948829976071687e-05,8.394134197381144586e-06,5.161275486294487357e-06,2.563260474076261902e-04,1.219241257142911162e-03,2.837269322834267467e-03,2.433709994625669632e-03,4.058358227541937604e-05,3.926822763253448947e-05,1.436856530474979183e-04,3.295361483271626833e-04,2.462390228038635782e-03,2.900482449919239685e-03,1.835049559415246657e-04,7.538580096034055728e-04,2.717284905868212663e-05,9.178728332231599800e-04,4.929824293829354750e-05,1.220422975831821475e-05,4.324538344529530939e-03,4.820609307196980532e-03,4.804321987696947519e-04,4.108618284626134806e-03,1.903998689001274902e-06,4.918226945301853656e-04,4.178620227296268473e-04,1.481331726388281187e-04,9.955320353774695444e-04,9.341246836223634055e-04,8.272628612227820493e-04,4.905757524483999807e-03
2.453197661691055957e-03,1.533369970397360912e-03,1.099690941356459752e-03,1.056103486788797499e-03,1.849627669128812860e-03,2.898986483506719568e-03,6.940873632903839111e-04,3.716475742735154205e-04,9.365643055015288867e-05,3.770954552603578602e-06,2.309671047413667974e-05,4.557600431573765308e-05,8.002001902543500508e-05,2.332970766926614412e-03,7.730032743688533461e-04,2.229796298163537732e-03,8.896314073494323909e-05,2.754830881321475213e-03,5.811858934163956463e-05,1.942190142181299185e-06,5.322212227314149051e-03,1.523167009987850921e-02,1.035806619877643149e-03,1.788227113838376315e-03,2.234880279791367358e-02,5.228167587580312241e-03,9.149166414198552436e-03,2.600735434751481542e-02,1.336131176777924368e-02,8.519107686622957865e-03,1.073330652761104835e-02,1.269081866392481224e-02,7.692429111196537415e-04,2.047255023344662569e-02,2.487482653555859232e-03,7.797496328641715518e-03,6.482107103589023183e-04,1.206855132727196155e-03,4.017785527929045725e-02,1.261627447277713018e-02,1.926925652395837345e-03,1.002542471805378848e-04,1.573540199532884364e-03,7.314773817044936590e-04,6.149342391524318307e-04,1.736346151405469829e-02,1.846355042533991478e-02,3.117666307949875943e-03,1.371506016500956401e-03,2.995567372958802925e-03,1.800446910426083623e-04,2.700985942521341422e-05,3.673482275002425558e-05,1.345902315376274307e-03,8.716306584950802151e-05,5.850863258863127966e-04,1.625685070265562443e-02,1.311073191286604191e-02,9.561535321572511154e-03,2.939226928948607612e-02,7.291907242173376871e-04,2.073877434056692337e-02,7.430374230837513694e-02,6.362347599142037513e-02,1.585201004628948585e-01,6.334672373123395638e-04,3.438858369724144028e-03,1.282727587011974401e-03,1.274920598740740887e-02,8.158675127396637292e-04,3.096447373138486257e-03,1.051642405457736164e-03,4.777608796105553795e-04,1.050101220226883720e-03,4.091041817166937537e-03,3.515161480521424454e-03,2.573780977160988517e-05,1.971103068986809412e-03,3.517606772805175917e-04,7.251099270646780594e-03,5.694526596581359719e-04,4.465851997152861866e-03,2.523928623760123349e-03,5.958447006663079555e-04,3.075851592441891658e-02,3.014783989250297003e-02,1.416916379330985382e-02,1.657173519225230368e-03,9.432583025517566819e-03,1.273291307240165997e-04,9.726957750898164445e-03,1.760221267122904069e-07,3.170066119397579743e-04,5.262143351058513934e-05,3.575187241508942255e-03,1.273619079575348534e-02,5.519711856827593747e-04,2.753637037085310485e-04,3.386280585970524726e-02,2.694056299316527001e-02,9.781736895339716506e-03,5.633373057464681130e-03,1.306284134996091350e-03,6.147132555192160938e-03,5.411005829335758036e-03,9.155036091383116428e-03,7.903713652669969864e-04,2.294345587418390774e-04,3.917538861157368320e-04,3.056285768389432108e-04,1.962250970861026519e-04,1.429789805533378927e-04,2.696422360281001615e-03,3.140636895836202130e-03,1.106659310900407629e-05,1.048343715559428308e-03,1.405248767310635820e-03,6.264928382280390406e-04,6.774938674570760459e-04,2.750470241175149815e-03,3.158971771586576859e-05,9.150098667806175169e-05,2.682976993618794125e-04,9.747365612709913210e-03,2.080551201306199763e-02,9.444836294104696155e-06,4.225900724628306460e-03,5.319016820683418988e-03,5.809828232953897012e-03,9.450834544577194074e-03,1.022998588138363495e-02,4.300851807301261064e-03,6.941940408344351998e-03,5.428475232146671775e-04,8.871562708996824295e-03,1.270161443474224737e-02,2.657115742807722274e-03,2.429457688737197366e-03,6.344326538415523929e-04,3.479852054511774727e-03,6.397542919022843923e-03,4.596987312034546934e-03,1.116911913419631197e-02,4.146290187812337472e-04,3.927406371563700203e-04,1.492213780138503327e-06,1.076205437783879027e-03,1.410911775980232480e-03,9.589114638517090040e-04,3.740931875025431310e-03,3.310582188814151661e-03,5.385360052979384395e-03,5.302264705764429646e-03,2.767615502456649925e-04,5.137235616518658755e-06,4.249647253957861311e-03,3.413445205446786947e-04,2.786624619886893996e-05,1.362947431264921114e-03,9.802275411196147929e-04,8.864641939210505519e-04,9.999877136331141152e-04,9.533817655297746607e-05,3.450762594366843516e-03,2.766144983695561846e-07,4.487154523538556400e-03,1.541967837878581177e-03,7.205877573206776604e-03,1.402087432591784567e-02,3.952204158938956032e-04,1.113948267841274571e-03,2.092237047299080280e-04,1.961560794630493997e-03,3.809039478621520630e-03,9.050518506657018365e-08,8.540819825041208804e-03,9.172828507923955232e-06,1.351473613462796249e-04,2.405447016087206881e-03,7.474392501511250718e-05,3.539468416592562571e-03,1.282451219463418132e-03,1.795491687355197687e-03,7.566534205861609637e-03,3.723040739896320787e-06,5.442650354900975627e-04,6.379169344494607825e-03,3.733808859575497342e-05,3.600644107258235780e-03,2.354717263613163945e-03,3.959931687107465193e-04,8.666927805116814252e-05,4.163036346303211833e-05,1.091483227547772290e-04,1.310507512151361990e-04,1.274870007995323800e-03,1.263010345255710133e-02,2.134104670377346899e-02,9.871608367340111920e-03,1.657036271746028730e-02,2.418125310789477541e-05,5.342298471877544083e-04,8.112515381136019385e-05,6.055660458683413607e-05,4.378140044718741714e-04,1.206411113335048276e-03,4.452855151594266141e-03,3.892075649043741543e-03,6.260788650119961595e-05,3.292136788988782976e-05,2.339217090124444572e-04,6.359220922467508476e-05,5.856761441904679774e-04,1.606943203851318638e-03,3.045319088313851240e-04,2.110140829914776157e-03,3.791881506560066339e-04,1.142749118927041262e-04,4.744140618959228505e-05,1.419507184364663917e-03,4.683423623671967295e-03,3.589314942062183603e-03,1.715800491802693586e-03,2.999837074594519787e-03,5.242005048599972339e-07,4.308132361326655552e-04,6.430652188270714366e-04,2.617647741349359334e-05,7.724373015666504804e-05,1.729234376821848530e-03,7.344883677251572282e-04,5.151264472876814979e-03
4.273219023576002454e-04,4.815940491864217107e-04,1.864013327151422790e-03,5.963510073926927505e-04,2.710170589659294943e-03,1.346304238508439334e-03,8.587090941883043262e-05,5.127821291469218665e-06,1.548703825305687738e-03,3.876371606149549049e-04,7.056215558286234963e-04,1.119829396250258979e-04,1.250690085974580151e-03,6.266322048747911908e-04,8.639506216112121255e-07,1.237754169834971967e-04,1.514998569183574843e-05,1.589783287431259168e-05,1.146383562225521298e-04,1.145080689662203980e-04,1.903003624841074722e-04,3.361588145702399164e-05,9.812100796719231311e-06,1.699446732435819750e-03,2.793593813866437126e-07,4.390482984286607319e-04,1.573936088340570052e-06,3.677003200841126368e-05,3.358130892496273903e-03,1.690800771683023370e-03,1.939852144721515256e-04,2.431100683034180705e-03,3.903794711096894511e-04,4.060301290143303148e-03,4.847257747070969972e-03,4.905045065592720729e-03,4.626021142421870539e-04,1.345562515918846452e-04,8.901286187910429411e-05,3.609276898303731117e-03,2.744346870629133829e-03,4.057301850043048782e-04,6.007692781740069619e-04,4.750122283261962348e-03,4.839859144805253033e-03,4.298325863498685887e-05,6.161442715070627107e-04,5.806882254920823572e-04,8.827759738044841297e-04,7.008512902779081254e-03,1.404524085756200845e-03,3.033422504229336227e-06,6.772909259855439546e-05,1.562794858260359483e-04,4.040525525847844216e-04,1.206212248901216821e-03,9.168260135559958349e-03,6.123241428108599539e-03,7.691565749782624910e-03,7.618500946970038247e-03,1.526941487690016601e-03,6.609124856540095003e-03,1.350306790946216901e-08,2.450596127842119033e-03,6.334672373123395638e-04,4.606550287802493177e-02,1.218721738012162013e-02,1.522710842661431554e-03,5.462154719057280179e-03,2.749933338035747375e-03,3.922466407282983376e-04,6.039901211996902535e-05,2.005254771905695763e-03,8.146580089164588310e-05,2.753453108061710295e-04,1.591013630805188095e-03,1.576589186001353302e-04,3.122095733460817334e-03,1.998864002822911889e-07,3.013626656444777594e-03,7.243304773577660801e-04,6.322108030899655125e-03,3.199905194054322157e-04,2.723953191753641336e-08,5.797463550565339535e-05,9.399737422492602992e-04,1.890622623236985680e-03,1.120249838844424289e-03,4.926911241242475179e-05,1.206399543722849049e-02,1.027196856158738247e-05,4.200896368624120782e-03,7.075378525183130714e-03,8.436051617593758978e-05,4.184109087712124982e-03,7.518201773189104285e-03,4.466075925499340266e-03,8.364747137014694797e-04,5.913213178000882326e-04,1.357144878943909207e-03,3.314426862184156192e-03,5.012746044994408588e-03,2.544752045976765207e-04,3.337292557198533898e-04,1.344297629543423842e-03,2.738691327708182334e-03,1.389774318505688274e-03,1.729499191021535405e-03,5.059364850188635210e-04,1.609899882068383968e-03,1.337850270070839478e-05,1.178436092039036268e-03,2.530460571448914665e-03,7.336733540369168153e-05,5.733307822331892888e-04,1.593163130548349345e-04,4.258108828595836073e-04,3.107055484692796375e-05,1.382445109255982837e-04,4.330656910917503972e-04,7.298803887360884655e-07,3.171806242416020630e-04,4.507425281464288959e-04,1.100510915425024980e-05,3.242193416297247579e-07,1.478749934639738989e-03,2.104757285700447744e-03,1.482561695418262116e-03,5.966691368382118525e-04,1.153671076734260683e-05,1.293793991937514272e-02,2.890133592533477387e-04,3.799070944910165181e-03,3.443485661447893238e-04,6.206996453450602802e-03,3.986580826878144065e-03,5.416060058382717382e-04,1.415382472370322947e-03,9.089253705592564728e-05,7.711097635954961525e-04,6.667401998474980097e-04,1.017321657296261540e-03,1.307012930267418193e-03,1.531115985042846113e-03,3.211172990893987507e-03,5.538019072706541453e-04,1.342431555684708584e-03,4.162765310351971356e-04,2.321932251594503878e-04,3.079696492690028094e-06,9.155578372198848393e-05,1.126962557793903530e-02,4.977141198308762894e-06,6.563896240006103586e-04,3.143405216311934017e-04,7.149217113874094644e-04,1.019905139504605500e-04,2.180118296723459158e-03,4.345046358652885905e-04,5.195528450319854144e-04,5.643088198660556933e-06,1.340072808520932158e-03,1.034393654003179508e-03,3.758064991047068825e-03,1.888501786795566528e-03,3.696046727616066931e-03,1.786650406959882330e-03,6.530237608387827897e-04,3.242531578210598644e-04,8.258167103758713712e-03,2.377256695378089646e-03,1.098348579603616176e-02,1.573936088340570052e-06,2.113312127852369753e-03,1.204582673732934942e-03,1.367283563136269015e-04,6.251853350980153719e-03,3.465687986461499790e-04,1.306526368160446485e-03,1.056964048045219142e-03,3.896944479233035367e-04,1.589884383759885888e-05,3.323663355079488655e-05,7.318052919395767655e-04,5.336852037817799675e-04,1.035826863089676496e-04,3.274209643275011964e-03,2.366670541177585789e-03,7.290440502968468111e-06,1.685280436610179264e-04,7.019648257861834826e-04,9.852416683328575469e-07,2.586752111212911029e-05,5.638241172177851620e-04,3.013053563368998065e-03,5.189640174799972812e-03,1.986846757175807091e-04,1.454230818549192335e-03,1.916947365793509640e-03,1.047410719517217809e-04,2.844485442762431648e-03,1.756596290229362704e-03,1.559964945269332223e-07,5.246798332982528920e-04,1.521789500330912072e-03,3.617990156626965187e-05,4.496606940310276092e-05,1.251561379190988714e-03,3.191579389222898321e-04,1.188389738315301456e-03,7.767638691079076609e-05,1.077638900476240677e-04,8.670489098174757360e-04,4.763808785925178471e-04,3.908828217930667044e-04,1.898248685064215157e-04,2.505424813657486336e-05,5.938259059259020853e-04,2.475671081448740474e-04,4.796937469524688476e-03,4.033411665483040511e-04,3.287834921073897495e-04,1.223247448082890459e-03,6.598838008155331327e-05,7.880265461673945885e-05,4.031496032723019579e-04,4.627864616501382259e-05,1.183579344286549484e-05,3.780863816674217052e-04,1.138567209889786863e-04,3.430376841031990858e-04,3.394085689667722698e-04
1.576246348552767546e-04,3.677279883081705837e-04,2.965101712203131474e-04,2.046886963747676538e-04,4.785059345938907764e-04,2.089528183035028271e-04,3.939905464707274887e-03,1.797497665927133429e-04,2.417397575974997246e-03,1.234373799244298281e-05,5.352905659566573049e-04,4.909855763975458658e-05,3.559089639782001772e-03,1.706030761038870251e-03,1.373572214749022805e-03,7.032825079288779896e-03,3.448972444132034337e-03,2.551545512867533713e-03,8.480229866895016427e-03,9.364127961433156913e-03,2.010413634626754317e-04,6.379327371900893583e-06,1.316993576548142805e-03,4.225978478577812497e-04,7.503552611517749771e-04,2.087741359868755184e-03,1.940244984356314815e-03,5.077743489391135052e-04,1.062932460351116194e-02,7.422912524389358151e-05,4.004946824029046283e-04,2.571276469457300234e-03,4.394550483223242775e-05,4.791418079689053512e-03,1.079061535334800226e-03,7.436743773187568657e-03,1.468495480443910133e-03,7.131537648242686222e-05,1.161634965688727048e-03,3.648071202703671249e-03,5.304758706179490448e-03,2.563921090192321749e-03,2.696437044544982816e-04,3.489492707728060906e-03,9.655807639396746245e-03,6.575375695481186587e-04,3.742216628276842476e-03,7.184799478340740417e-06,2.841620598090699359e-04,7.655922047967151853e-03,1.187092326243222896e-02,1.382421181137082110e-03,2.364815495229527671e-03,5.702813171667975994e-03,2.539379401986808886e-03,2.957675016995269662e-03,1.935566396088513746e-02,4.444087163260727891e-02,3.313356410225862247e-02,1.261941180155356536e-02,2.228374938015810947e-04,2.509064316111428439e-02,5.728382401908022788e-06,4.968503764917890295e-03,3.438858369724144028e-03,1.218721738012162013e-02,2.161388522364766918e-01,3.095116029090883708e-02,4.220019382423293580e-02,3.657926081407436580e-02,4.022932385650029169e-03,1.305098012855503695e-05,1.352975481278222267e-05,2.675905087849152555e-03,3.256430197941067445e-02,1.380790905320274618e-02,7.183935255132894646e-03,3.092598079408982042e-02,8.062629921932394335e-04,1.035670688823158749e-02,1.200725490117266793e-02,1.059950100426646988e-02,1.096504840140524870e-06,9.875766804039384783e-03,8.988806284659442295e-04,1.716387303618664435e-04,9.039363899173393424e-04,1.826251864696170485e-02,1.955492860383223081e-03,2.481860997522023632e-02,2.120511921606514031e-03,6.858084033692361803e-03,4.953442781038589621e-02,1.743312178604639008e-03,1.839063398272244854e-02,1.331642946624326043e-02,5.833105690703709392e-03,3.794611069879099286e-03,1.852846012487534112e-05,2.011699526372486002e-03,2.082639657138118071e-03,1.252992169003472539e-03,2.058319056332534906e-07,2.706057571363312498e-06,9.392846577039707066e-09,9.576973871477068804e-04,1.079061535334800226e-03,1.731809383846167694e-03,3.073940649566883451e-06,8.163969619352104087e-05,2.808764476976545010e-04,4.457214267383310160e-05,1.724735481864937735e-03,3.878069273116920186e-03,2.744382877671158044e-03,5.439587084683695888e-03,5.155974293461168360e-04,6.127198749478378163e-03,1.531028523208091468e-03,1.051652150358010690e-03,1.020252221268740942e-05,5.034902918808602940e-03,8.602074190379439128e-03,1.383361013271412559e-04,6.874522225112542854e-04,1.024777229765806144e-03,1.130703195899164992e-03,1.833767120519732901e-03,3.504803926699915934e-04,5.327368849707383308e-03,4.896091434427709416e-02,8.149280828827430148e-04,5.443290731221794854e-03,9.248523516223694464e-04,1.777886727450176535e-02,2.550628403694008006e-03,4.007659084013728704e-05,8.215030747940105151e-04,2.655176882249068483e-03,1.348289125201417287e-03,1.745637810166535066e-04,7.440021404008288274e-06,9.088263376533559611e-06,7.952924846855103291e-04,1.453718136151025677e-03,2.811101432657159516e-05,2.218522405824418311e-06,6.457152874114403980e-04,1.340520131180173775e-08,6.962318162044222550e-04,5.111996780103517102e-03,1.932477996615094423e-02,4.021613982500817086e-03,1.748693835855440746e-05,9.932078585981295171e-04,1.044752128899123656e-05,1.157105519246002167e-03,9.248523516223697716e-04,7.664149953271030130e-03,9.088263376533559611e-06,1.115208417680488767e-05,9.172012437643740912e-03,3.320401712927236945e-03,7.145466480940216095e-03,1.953461121277448934e-02,5.475216027531629517e-03,1.859325211801418958e-07,1.858738379491882008e-04,3.156139765625592519e-03,6.082000722416816205e-03,3.134405513393759279e-02,1.032488249969431560e-01,2.635443543606987666e-04,8.559539809151425782e-05,8.710570383090632945e-03,2.389196298537636892e-05,3.044418570216833250e-02,3.015040822348703537e-03,4.397092457066590197e-06,1.115208417680488767e-05,2.408585712941233806e-03,1.388566825655964320e-03,2.056451961171899660e-05,9.272585899527610240e-03,1.371857068504326053e-04,1.893674023284121731e-03,5.684469283063979528e-03,1.157137022921727888e-04,5.698607600495514489e-04,3.358849225712479103e-04,3.915504502283041456e-05,7.269354077208108776e-06,8.949447657694700265e-04,5.285838644254764919e-06,2.435188553892496074e-04,6.139450202357037666e-03,3.916382474366720428e-04,2.117137242343979792e-03,3.122760291568578341e-03,7.433318644737688975e-04,5.256181175651180627e-03,4.253943790193022607e-03,6.159465180313509168e-04,3.344064159068352998e-03,2.936362505191556643e-03,5.003069490138741034e-08,3.752191582441615218e-04,3.822183842218112058e-05,7.217134460744596171e-04,1.859335442427085356e-03,5.422264938810843535e-05,2.783578572129911670e-06,8.717932185303116236e-04,3.939063432855545162e-04,1.568753689065862733e-05,5.039705780727707102e-04,1.170905288167269423e-03,5.685005994003215594e-03,4.772211590052980595e-03,1.324738741783604290e-02,3.532294595855656975e-03,3.439968821514890682e-04,2.011699526372486002e-03,3.904745528436332283e-03,1.071622275162658223e-03,7.518848756353895815e-04,8.019334643026995127e-05,3.500681303643186611e-04,1.649171157274338954e-04,2.293427921250513438e-04,7.186916450692601953e-04,1.342695700828184201e-05
2.942856060086695176e-06,1.762128154877994719e-03,7.604441994845312011e-04,1.170772094689701654e-03,1.644030042556284118e-03,3.018344793012955711e-03,6.699778395584714762e-05,1.349917082385545229e-04,7.254840746881956052e-05,4.142181223150760946e-06,8.718086372051787300e-06,1.683164431084603575e-04,2.574096543300031050e-04,7.141121850636204978e-04,2.261350265436988498e-06,3.168070297372461118e-03,2.041198122806604331e-04,8.934252549707913252e-04,2.235222526645371660e-03,1.685861592596314337e-03,1.055528476857348640e-05,9.881709768511743049e-06,7.194414171415190252e-05,9.628172621389040971e-05,4.783373193020597929e-04,4.232477609777408314e-05,5.043901787455336337e-04,4.528524121772640608e-04,8.394347029945175924e-05,2.423003621442399239e-03,4.988808630313856622e-03,1.077166308958604936e-04,1.426421505655103708e-04,1.164047802811487946e-04,1.954578479063062875e-03,3.171168238105774497e-03,1.165091622405293580e-03,9.251637023056714145e-04,2.645862576395942387e-03,3.612129411469097782e-04,6.750187204691719732e-05,2.574985541353378695e-04,4.551898171236980184e-04,2.068407030709872117e-03,7.929297870481861153e-04,7.412958074074943532e-07,9.699587923333119130e-03,1.250169354761904335e-02,1.050463055646929740e-05,2.063907424440568437e-03,8.842222092774016176e-03,2.975068955443678151e-03,4.443301943616863661e-03,3.809548358242960744e-03,7.204747115419331488e-04,7.912455590042574520e-05,1.467823395146479601e-03,5.355365121273773787e-02,4.145903590724013543e-02,3.536899701750919559e-03,9.339368629130884343e-04,9.319998584951369805e-03,8.216380341662088069e-03,9.377114946064406915e-04,1.282727587011974401e-03,1.522710842661431554e-03,3.095116029090883708e-02,2.149923971285956914e-01,7.754357296108249642e-02,6.875181332533480960e-02,1.728197233952726702e-02,6.521290752937531666e-03,1.225490371153888959e-03,4.838014978096856836e-03,6.794004201702043277e-02,2.382213818544245271e-02,3.287700541561925250e-03,1.684600104536602277e-02,1.181443701117750912e-02,6.086402467152095958e-04,9.317223332607605865e-03,3.754435738644304986e-03,2.426045819592042609e-03,2.155564643636765851e-02,4.526633515460863622e-03,1.499771809192258255e-02,2.818976441181946999e-02,8.607436116885074096e-03,1.828636845426485913e-02,3.721245815219600961e-02,1.342234367463085963e-02,5.773308594092965360e-03,9.806107151577784717e-03,7.386395014043515075e-03,1.187284765854415731e-02,4.992324890390175025e-03,7.017231066882254368e-04,3.125703680849682677e-06,1.371222181418999334e-02,8.442745533565783334e-03,1.469558111588590730e-03,1.763931020625081770e-03,4.866399975271855556e-04,5.601914474489867474e-04,2.511482064496531157e-03,1.286543547253201107e-03,6.666844161463005675e-05,1.226867423354221609e-04,9.545855916349672095e-05,1.493218810732088871e-04,6.748045567609109062e-04,2.176541667430570654e-04,2.619098347389726077e-04,3.527708477722143804e-04,3.562886549483610223e-04,1.376698011584784982e-03,1.459599392948267901e-03,2.638479587121068774e-03,4.271444685856080615e-06,1.846965710984096792e-03,2.649745349083263481e-09,1.150487361718896323e-03,1.561167986393674663e-03,7.107017704344730793e-05,1.482552053882978094e-04,3.175979102123023144e-04,2.003831213374154525e-04,7.399677081989235888e-05,1.434561884027614129e-04,3.169053257551272752e-04,8.842222092774016176e-03,8.097963395789222699e-04,1.394503358442523121e-03,6.115068640092265195e-04,7.645795313010143347e-03,1.001883241299722082e-04,5.161558121466550695e-05,5.762985668939713717e-04,3.397716429849468363e-03,1.680231936882016107e-03,3.894371418697793654e-03,3.731308743096492346e-03,1.241992548293463505e-03,1.300087803097617443e-04,6.717597880165730728e-04,1.076107130570116543e-03,4.920901768234904605e-03,3.113565156550777979e-03,4.562313512393444836e-05,2.532534321221840707e-03,4.413768643403966703e-04,8.892592119843594628e-03,4.775882301061183861e-04,4.888464570081982677e-05,3.801345171381551231e-04,2.394299472851244950e-05,2.128266961429715540e-03,1.532438931457368966e-05,5.122236775867869581e-03,7.172634434475290595e-03,1.491730512000503332e-05,9.986700158750269271e-03,7.384137124651639524e-04,1.861697344904639236e-06,7.093970770339301513e-02,2.147551675271357641e-03,1.271160777844868939e-03,2.483428993587153289e-03,7.055635887455748298e-07,9.035861263394305131e-05,2.000922919250847087e-02,5.834750148780313422e-02,3.475924174248495174e-02,1.810998176115010544e-02,5.622527781224181953e-02,1.256975460299263568e-02,2.579676753216449125e-02,1.097088744107975293e-02,8.733361547315878631e-03,8.066328138811884076e-04,6.022352381331208440e-05,2.191628463827313298e-04,3.216459130636916287e-03,5.675741035454451240e-05,3.692533274662513233e-03,1.541449440984773945e-03,1.803211653619518303e-04,1.984716174657618425e-06,3.183685279184147923e-03,1.523288344461232353e-02,1.795741897377395053e-03,6.034412653438726154e-03,3.617327842880193635e-03,5.359002500360455406e-04,4.942763849176149077e-04,1.365816560706904358e-04,2.338074952277591849e-07,2.375209864340213151e-04,7.087010688696547198e-04,7.868885129134332076e-04,2.552001067204769883e-04,2.892353687993214767e-05,1.481738425028883489e-05,5.844098270657366382e-05,5.878295029632038173e-07,3.036011764433805177e-08,2.960833601933619524e-06,7.746518671347541450e-05,2.188891581069095733e-07,5.766391640293026116e-04,8.428098850791206716e-05,6.255595462815878962e-05,1.538649432141774736e-05,5.583275905742646856e-06,4.430834558422923249e-05,1.904916567539786910e-04,2.193269049348925306e-04,6.101638059411834117e-04,1.991264900761572721e-04,9.333644632897064065e-04,1.667139319001316672e-03,5.353577349216413967e-05,2.976066685391227256e-04,1.992222432007485864e-03,2.068392070494209049e-07,1.425194080236767441e-04,5.768616221027984391e-04,1.342366700539481786e-04,4.133718176110432645e-04,3.127760971263935968e-08,2.484840536485006472e-03,2.427708268052613302e-03
1.263944889340492227e-03,1.540087747961045627e-03,1.924114435934191295e-03,8.545876206484682495e-06,3.073660135860472697e-04,2.336488760919349023e-04,2.995097295463187721e-03,4.109286855418970872e-04,2.511770451825758206e-03,1.547788331631116910e-03,4.867414142263498320e-03,4.518139091713332312e-07,5.996443798557437193e-06,7.948043733480112272e-04,1.309588017501442500e-04,1.257928410457787288e-03,1.102518963114567791e-05,5.129416699322481791e-05,3.077433176176204779e-03,2.907536028280635274e-03,1.089427962283220870e-04,1.167227021582080297e-06,5.106092525638020966e-05,9.599151645192297152e-04,1.339378754850647222e-04,1.091168140741353494e-04,2.606417803437014271e-04,4.110203110194607200e-06,2.245097539896574648e-03,1.030122462742414436e-05,1.058976828091452065e-03,1.291238308851734920e-02,5.171782611390672232e-03,4.975277233423890631e-03,3.197308525195978555e-03,2.879617233592855676e-03,1.276478222770196873e-04,3.659804763554470202e-04,4.274982302497386331e-06,6.278902265482555044e-04,4.251187829705220132e-04,1.252369590517947179e-03,1.146002051380483116e-03,3.567459733677296688e-03,2.052363205166860796e-04,1.971968452419512602e-04,1.918968679886398111e-03,1.194723375967973907e-02,3.070589408694979205e-03,2.193748367257186227e-04,2.735667077916751830e-03,1.160246593317195915e-03,1.178245509553438854e-06,2.690947720367853542e-04,2.553522505243706618e-05,4.528559085554387150e-06,7.526131243813143426e-03,7.734428828044899451e-02,4.064667720947633123e-02,1.497054245087726249e-02,5.760888014285789165e-03,3.820269364965028780e-02,2.765378467330481191e-02,7.081913735223160575e-03,1.274920598740740887e-02,5.462154719057280179e-03,4.220019382423293580e-02,7.754357296108249642e-02,2.093572716187595828e-01,6.640985797054202444e-02,2.750451539346393873e-02,9.183586080443121441e-03,1.420013892602493832e-02,3.730526635186367547e-04,5.537064132143296874e-02,5.611294985093002313e-02,9.207469288826613044e-03,8.559636343562861127e-03,2.381254802827064213e-02,3.373855429917989405e-05,5.580035963719290684e-03,2.361278934129187271e-03,2.822054774029815667e-06,9.627466256676221398e-03,5.541998381339765557e-03,1.090322235892522695e-02,1.636727721810803809e-02,3.067031062698815768e-03,1.215052071541903797e-02,4.508415468556745825e-02,3.350983999279461781e-03,3.956778346861386172e-03,9.195783143740903637e-03,1.308041496197903317e-03,7.358656988157661477e-03,3.226490128840967669e-02,1.296091293899867200e-02,2.991212264460922383e-03,4.350963444818222413e-03,6.714607789057501670e-03,4.414905568132420626e-06,7.858361984442040920e-05,7.556080829825447519e-05,3.911416170204212077e-04,6.485985218349809471e-05,1.436964113790950017e-04,6.481770574023735425e-04,5.588458484166757608e-04,1.096930962219005079e-03,1.022331208215062400e-03,4.593042009524771462e-07,6.056077041327242037e-07,1.870477695959244703e-05,1.197837843681700230e-03,4.319048058484160766e-05,1.614736861523225885e-03,5.812747307243263490e-05,1.064223197323839552e-03,3.896902575209354480e-05,1.463397247908845595e-04,3.903020411257645586e-06,1.117528394323968020e-03,2.552664043984140176e-03,4.076805916508760374e-05,1.032207418063123717e-04,1.406754632426863512e-06,4.802946105689144036e-05,6.190587193592974828e-06,8.492111037449564441e-05,6.973529858013010913e-04,1.004775110260324768e-02,3.204869370661272428e-05,1.857244336501571655e-02,6.210922157804574760e-04,1.714838087907779446e-02,5.014135517410174894e-03,1.473474995917269667e-04,6.490183032536966789e-06,4.784484036349023273e-05,1.514884828923845741e-05,2.229117213272304706e-05,1.359865302089022449e-03,3.547555450437702091e-04,3.492595584709909129e-05,3.358242063132335620e-05,3.227029494202096963e-03,5.106092525638020966e-05,1.038034077896154766e-03,6.159736166390777099e-04,2.366648113155313954e-03,4.707087494858501388e-04,2.552898449315895227e-02,3.905199254255073497e-05,2.613223943196762468e-03,1.410138249077290276e-03,7.500487061102846216e-04,8.253793966386491167e-04,6.368397538389514861e-04,9.615752152312057911e-04,7.381107400616398161e-03,3.749066000314474800e-04,7.968836647872385923e-03,1.242180908116369276e-03,9.226314708542353044e-04,4.796139445367571946e-02,4.527463086935632972e-03,1.628813533703491346e-03,1.952636655879063515e-03,5.428922700415352541e-03,2.486663680064021874e-04,5.848453790317214435e-03,4.323749082325051285e-02,1.726207007131798019e-02,2.179140465063260715e-02,5.590929461127656236e-02,3.274234019528134837e-02,2.278142928844844803e-02,1.262196530661166723e-02,1.697978354688716232e-02,1.235415868672413119e-02,1.033587282618928839e-04,3.195472090245122122e-03,3.539928278941951697e-04,3.332632139274943171e-07,1.755172391301373924e-02,4.026459362267312096e-03,4.169640895102248897e-05,2.034184903564249640e-06,2.108234274657915343e-04,5.983931885297485119e-03,7.258308702587325279e-07,5.963282642785259352e-03,1.523698735489150682e-03,9.086926548635953019e-03,3.001344334706788734e-03,1.896967475794621204e-03,2.073248261721605192e-04,2.059915008171082570e-04,1.551180971714466758e-06,1.580972670520389796e-03,4.373327589611710029e-04,7.045775407896981922e-05,1.130243718885373742e-04,2.112185000077981280e-04,6.734181025890255271e-05,9.067843151960652088e-05,8.820073004725341968e-04,2.060047226055677829e-03,1.503611741930704997e-05,1.188926842835141178e-03,9.662458002709398369e-05,2.822054774029815667e-06,2.732844622667565586e-05,1.849058794259533843e-04,4.908517445253188314e-04,1.839853406928498348e-04,2.486654618792278289e-05,3.537395313456631022e-04,1.071340146542837623e-04,4.741830044376942814e-04,7.358258656295142046e-04,2.573614856818260332e-04,2.422050637193080228e-03,5.890293377742941532e-03,1.818054753197436324e-04,1.030122462742414436e-05,2.921606048182608171e-04,9.675000063396621089e-06,2.284231891644431816e-05,1.064764356814612800e-06,1.091613371014874814e-03,4.288590360446532107e-03
7.799532954672985818e-05,1.615296874803990321e-03,7.842885869550099420e-04,3.415022040484770463e-04,4.017668652456680232e-06,5.311506346424019805e-04,2.761996639359388852e-03,6.801154830595879448e-09,4.372743126636210965e-04,1.271526143169729192e-06,3.888736714136025330e-04,9.978705544203412734e-05,1.773515421346430487e-04,5.401088183273909302e-05,5.053566903719569669e-05,2.267536505921421627e-03,4.005320334371863760e-05,2.468730685956552445e-05,4.364548988426832782e-03,3.963569273231824439e-03,5.284706947520715504e-06,2.372128308441092423e-04,4.206212876532663156e-04,1.301302597237919008e-04,1.282527573681866871e-03,1.526165904094920248e-05,1.084536482627410352e-03,1.058419346672125791e-05,1.429730232970835698e-04,1.328808861945052775e-03,3.262024235199050860e-03,1.588468240655445656e-03,5.630897252354222964e-04,5.528027436487975945e-05,2.160942443664525643e-05,1.078309897082873215e-03,2.349779748236145271e-04,1.519570214914600041e-03,3.291804774367169950e-03,9.012737031662159840e-06,1.329735478168170282e-03,1.453015624695634522e-06,2.603886062570324924e-04,6.055304548694154200e-04,2.746263424871223444e-05,1.127295232204373243e-04,2.818038614359321477e-04,3.500873348663456012e-03,1.153745883477440585e-03,1.599715790915377063e-03,7.010484394778685423e-03,3.783609134723544013e-04,1.932746547995194521e-03,1.342859605602685321e-05,2.449098340871725191e-03,8.778181739565861052e-05,1.299763683711553956e-03,5.971618526354918050e-02,2.357795898700924819e-02,7.481897757041880079e-03,1.334782812365986236e-04,2.028585463484235824e-02,7.450740470074151446e-03,2.846089067350987632e-03,8.158675127396637292e-04,2.749933338035747375e-03,3.657926081407436580e-02,6.875181332533480960e-02,6.640985797054202444e-02,1.742917759524596488e-01,1.653810862804463641e-02,5.525250389729298092e-03,3.838169761283094343e-05,6.796843159437886833e-03,3.809583160319855027e-02,1.523106225401768023e-02,8.910647672329231189e-03,2.038914557258486929e-02,6.059357640353301225e-03,2.800273594774505947e-03,2.063306487819967228e-02,6.710832589291689139e-03,1.486222040587269041e-05,3.654318164819706644e-03,5.073998306580719065e-04,2.290729873119238180e-04,8.171197381371448796e-04,1.074105542995359985e-02,6.400806164426476978e-03,4.684691678545753468e-02,2.899528811718065768e-03,1.335106045133916015e-02,2.371406905492088463e-02,9.498415042535861622e-03,1.331567058641714915e-02,2.793200495508367433e-03,5.019346875010145120e-03,5.718827644095791571e-04,6.558671052806981004e-06,1.988800966930606424e-04,5.671629384889493431e-05,1.511352985882228001e-04,1.633598392469270727e-04,2.886352609811927423e-04,3.239479116863156274e-04,1.423556091523534657e-04,7.016818813694967333e-05,1.476006214378541479e-04,6.517153779837420803e-07,4.628769587528779831e-05,4.471541340854307181e-06,8.399274591354041178e-05,3.048878849384577413e-04,1.263295085866082039e-03,2.830827288379379574e-04,3.140424347597228945e-03,4.802641994622434290e-04,3.942022878214484528e-03,3.336798582451554653e-06,3.041242586211999940e-04,8.888447306996063069e-05,1.572936536745196505e-03,3.473177402255086480e-03,1.236172630718184144e-06,2.165447058877632835e-03,3.200315301078126654e-09,4.372743126636209339e-04,2.163949741048316772e-05,3.725862843214433693e-05,1.631961734321653095e-03,1.235516223691381088e-02,2.557762086820064909e-03,2.813906843408788255e-03,1.933686686911018895e-04,9.762340725461853344e-03,1.345755417839501564e-05,3.511944956483905918e-06,5.641794107543314881e-05,4.047724345876870487e-03,6.094924554031607095e-04,2.240249345036109910e-04,2.586886077307763102e-03,7.364405872958699117e-04,9.640431928896611315e-06,1.138371861168254031e-04,2.292718423186734095e-04,2.564825607969590214e-03,4.369670209952806854e-03,1.026236075967456966e-03,3.253246688181073328e-03,5.854893198745483515e-03,1.309485882984750063e-02,2.401037768570125040e-04,6.112475057548723625e-03,1.645239529749246166e-09,2.206762649192457873e-05,5.498005030734286463e-04,1.572423607505916678e-05,3.228756103289446167e-03,7.327903456777086835e-03,1.038199239509568666e-08,1.170460412144297977e-03,1.578906261103647747e-04,8.227645646414242727e-06,2.801444644311021359e-02,7.722242988368859667e-04,1.535649793680130557e-03,2.830972977051258652e-03,4.249736503921879943e-05,5.445019930597115669e-05,1.098947120838774348e-02,4.685628649711706672e-02,3.095944946601463660e-03,9.083269327771061963e-04,2.557035077935348316e-02,2.329377122428217400e-03,2.003586750370927108e-02,3.489683544343587067e-03,2.105044232986509351e-03,1.038199239509568666e-08,9.022002948707077139e-06,1.122041183959762896e-04,7.399483585335715763e-04,4.055444343692361960e-03,4.681145723311330590e-04,2.035054415258626213e-03,8.862791166194045793e-04,5.368458326575207195e-05,4.826663708842658207e-04,6.463712540104766830e-04,1.022326762034906258e-06,1.203757176973033600e-04,1.749751565175489436e-03,2.371316175477193722e-07,6.184503783458274488e-05,6.291130923284507825e-08,3.095532768920209311e-04,1.764791689107449201e-03,2.380847925215560587e-03,3.901989006116119135e-03,1.900770059957553873e-03,1.398076550197628270e-05,8.246404080750539378e-05,4.444131221774447313e-06,2.836165182542393059e-06,3.285075531403278300e-04,7.244035930050935260e-05,4.848561319464177040e-06,1.511273990640661295e-05,5.574296359900535007e-04,3.548225237282097520e-04,2.434803267051411363e-07,3.975175685055848483e-04,7.380845437300200220e-07,4.810132645834822772e-05,1.983364626196576898e-04,1.319906520729338586e-03,3.776001198788939378e-04,7.027629410052076793e-04,4.637653646179483446e-03,5.047945805182592555e-04,1.440626353562358616e-04,1.241076450801231659e-03,4.054866617395884269e-03,2.078309056386902552e-04,1.072385811740601358e-04,1.881742851209176979e-05,1.632242083868197437e-05,5.929645507522263463e-04,1.029171180804898786e-05,2.039554656358488673e-03,2.618954327646313886e-03
8.587876119841093400e-06,4.117397793225952007e-03,9.341406779761882086e-05,1.662289258661503032e-04,2.041167161749437461e-05,7.332867995956240731e-04,2.476088040006896654e-03,3.383518487989240506e-05,1.283344993552275022e-03,3.582878101355840231e-03,1.202051568794265841e-02,1.971250880468553013e-03,3.804853974937708901e-05,5.848579570574539998e-05,8.083353237470969528e-05,1.173310759836211636e-03,1.820118048600132888e-04,2.770495957266291695e-05,5.877467938347107415e-03,1.522071030775887972e-03,4.002298416320168931e-04,4.165766468398882615e-03,1.174616723090394870e-05,1.624102100394995800e-03,9.368800696081317630e-03,1.523027560217283735e-03,1.181447585700972253e-04,4.392997032766643721e-04,2.558514834536408634e-04,1.306367116530228510e-03,3.741325207105918992e-03,3.459988032692311744e-03,1.306218819617706826e-02,1.185624763602055072e-04,1.886825060572833114e-05,6.689385096406719471e-05,3.137796337636577447e-06,1.156910626784426099e-04,4.617359413275854210e-03,4.375331836814829877e-04,4.834302816815291061e-05,3.232677451808901588e-04,7.691117901329651215e-06,1.843927786608919733e-02,2.005812947093797097e-03,2.936138179182879717e-04,4.221585589103517624e-03,4.095165896169726538e-02,4.689408771076707637e-03,1.517286186257492744e-02,1.346282775452919782e-04,2.460097864251216664e-03,1.019398456990679863e-04,5.689966352767081900e-04,4.167230676144596867e-04,1.308690663680240154e-04,4.071139517981513245e-04,2.265132478839549865e-02,2.532109616643989612e-03,4.417763142788344360e-06,1.489005679210615111e-03,6.060873632195377253e-03,2.350258931155433881e-04,4.150722039445201364e-03,3.096447373138486257e-03,3.922466407282983376e-04,4.022932385650029169e-03,1.728197233952726702e-02,2.750451539346393873e-02,1.653810862804463641e-02,1.698971877739106351e-01,5.121974153336217306e-02,9.838355603825232887e-03,2.792712529955556841e-02,1.018877975601602953e-02,1.722097480436098407e-02,2.817049825910174915e-02,3.786172156748728729e-02,2.342757870815223922e-02,9.371041048912750679e-03,2.835597115739343921e-02,2.683902697939879664e-02,1.566863422942261228e-03,7.817311488223337699e-05,7.217484025582532542e-04,2.480190788168703218e-03,2.785122956973387723e-05,1.042089283995243677e-02,8.920695963270759013e-06,2.938704100342283757e-02,3.745603083792547138e-04,2.651746658216777596e-04,2.125906602338853164e-03,1.143363512447584146e-04,4.985455300671937833e-04,9.098911784811093608e-04,1.808290478426156575e-02,1.343209590543163788e-03,4.792640315531726536e-03,3.354950453392558946e-03,7.346938736868136727e-04,6.828825392877547508e-05,7.662406988541668469e-05,2.915311558406365709e-03,4.236974032893299155e-05,3.636583519103190210e-05,1.084317175718954585e-03,1.439625150624193172e-03,2.337050072357859960e-03,1.318829133992472811e-03,1.297855004718048363e-02,4.696145980587306326e-03,3.795795234133797421e-05,2.052487525929521886e-05,3.818260692697113723e-04,1.768333696437530663e-03,2.039284924574206231e-05,7.478613533589731051e-04,3.617638608364710543e-06,1.636268771811300073e-05,2.282289933754978132e-03,5.552232351404277032e-03,2.492211532838080335e-03,7.584438074148570083e-04,6.473750489473298168e-03,5.993428422891056455e-04,2.710156120985916358e-07,5.568699245012933207e-04,1.548044561141324318e-03,8.098293380528368641e-05,1.010817235725196750e-03,1.575421680536333909e-03,1.183952501784018077e-02,8.031407642295432942e-03,3.812947345457677346e-03,4.440880118967658881e-04,6.088334252796940222e-06,8.123351806556462157e-08,3.987505141076834697e-04,6.236349047253991436e-05,5.165860435071494656e-04,1.803366400228361560e-03,7.366855305461695496e-04,3.358372697092718061e-04,2.069543529427790517e-05,2.065212309920904288e-04,5.009302499313911380e-04,4.541749210820773553e-05,5.656308007207587474e-03,3.763671245829808775e-04,1.610634765271069498e-03,9.955799837882892828e-03,1.276192593632151373e-02,2.129350064314309860e-03,1.046622472087466692e-02,9.900428013987556952e-03,3.767218907714588736e-04,1.562708384201927489e-04,8.465203730703606266e-03,1.536551708494539835e-02,1.072498133110524041e-06,2.061887360008064687e-03,3.885087244470182988e-04,1.361522300101486204e-06,2.115700043440530212e-02,1.644353659685669246e-03,6.478649920286547008e-04,4.516545402414506513e-03,2.002206823073290811e-03,1.164928275946898359e-04,8.903590001535361103e-04,1.199220779420649176e-02,6.738178238376890325e-03,3.129856387351170541e-03,3.296489445772978616e-02,3.876027058170353722e-03,4.448917217795300173e-03,2.596056836905531393e-02,4.124804520574457817e-03,1.422428992646912818e-02,2.950608810182240790e-02,6.130781685917512103e-03,3.009613586604394098e-02,1.999697047013210965e-03,1.805102026229871842e-02,2.647425186343738482e-02,2.696079556515204589e-02,4.128821638633172245e-04,1.586317760438831978e-02,5.473468467118082248e-05,2.908910206067258624e-07,2.671392575835933921e-03,9.656281402321256670e-05,2.427148395117652638e-03,1.042557856063488879e-02,1.172162418156498173e-03,1.622023460927817396e-03,5.857590219229193151e-03,7.910424712867254043e-03,1.015502778094000413e-02,4.910104706403972631e-04,1.106237976356272889e-03,6.645411057502600765e-05,1.217599355633529111e-05,1.587676661990552920e-04,8.442223298393068028e-06,1.871645733407503091e-06,9.452628954799964734e-06,2.675784181730047305e-03,4.719199611049648690e-03,5.625342592247657694e-06,8.551332705554899041e-06,6.679257112788172975e-04,1.361522300101486204e-06,4.638605439432562350e-04,1.142536178110873428e-08,1.110168220757324747e-04,2.217175244554145212e-03,5.870158280482540183e-05,1.301599121720868699e-03,1.595609079634286148e-04,2.358761401301917685e-05,3.757564098760740926e-04,4.985949708445987141e-04,1.566863422942261228e-03,1.306367116530228944e-03,7.908298265113234866e-06,1.955458796099540869e-04,9.921236144351641261e-04,4.120623719958667135e-05,1.420071241008219692e-04,5.714752078471179782e-06
2.133296991579208737e-03,3.503357419232025201e-05,3.983581252213523540e-04,3.789214462328064021e-04,1.224269234917838543e-04,9.977491705594841568e-05,3.069129065183739784e-03,1.162176494795418628e-05,3.669022742118970958e-03,8.543785780496160678e-03,3.761142205552127360e-02,1.111287020430123083e-02,1.825924086278444210e-05,6.217956721731733149e-04,2.705554881570083740e-04,4.929069100361406150e-04,1.453903947880687611e-04,2.185713581214069104e-04,2.717740682499660693e-03,3.967957442852331511e-06,5.242905453070143430e-04,2.335408139332485408e-03,2.035978092375771652e-05,4.736342467465343500e-04,2.855721748092393455e-03,2.099171130463204412e-03,2.941514321036443048e-06,1.289525826793831449e-04,1.510541266356439851e-05,1.681568861940953376e-06,1.867761062253602564e-04,8.993417292482942457e-03,5.101829998778380920e-02,5.928274793064075869e-04,3.689904384898393033e-03,3.820309548364753376e-03,9.716980731002023535e-07,2.098034958975020088e-06,1.109307235663279821e-03,1.053170360618716113e-02,2.841492230112635151e-04,7.092615093235918582e-04,3.292285552625111300e-03,1.145802579389845754e-02,1.197780076446842469e-04,8.927793374647641526e-04,1.932052073070052904e-03,2.139907562938158508e-02,3.689560672861819796e-04,2.699791945565869957e-03,1.557761861471395530e-04,1.791536128059222337e-03,1.356479874219002914e-04,2.433978758363537195e-05,4.736342467465342958e-04,4.182779010360454243e-05,6.563989862687729521e-03,3.059741305081251778e-02,1.045695583048332512e-06,5.131472774757101044e-05,3.814636897448188537e-05,6.249930531465673449e-05,4.358232595536681679e-04,5.062522716020519641e-03,1.051642405457736164e-03,6.039901211996902535e-05,1.305098012855503695e-05,6.521290752937531666e-03,9.183586080443121441e-03,5.525250389729298092e-03,5.121974153336217306e-02,2.570584363121632965e-01,2.797631077343411612e-02,8.541868212154926643e-02,1.991419894614120806e-02,1.878491684156867111e-02,1.006865055890199534e-01,5.770143969266058187e-02,8.049604603233678768e-02,7.412537572832978393e-03,3.269754980360249641e-02,8.426071598369975352e-03,6.374571823757315607e-05,6.243686328130925453e-04,5.880748846660115040e-07,5.581705536171065619e-05,2.487699338707927924e-03,1.213254520144679133e-02,9.603762905487968089e-04,4.798556648214416867e-03,3.371195787096543626e-06,1.093363270555151011e-04,1.237017881662303845e-05,3.247089914506450751e-05,5.082029664346167548e-03,8.880634747217177986e-05,5.218947119264717716e-02,9.187146305193000196e-04,3.414223015858176401e-03,2.384071959610543456e-04,5.721110276530335477e-04,2.986629790756384828e-04,3.372902458464248333e-05,2.583537301817734516e-06,1.930520798929932867e-03,1.590310621331397518e-03,2.944758353721170854e-03,3.572240161538975736e-03,5.487613550545921912e-03,5.692856600428728917e-03,4.274413189366744331e-02,3.797597883027822863e-02,1.768364856067200497e-04,3.009233459134220097e-05,3.049854779838438720e-05,2.196080865439637483e-03,2.705847054335760413e-08,1.660952866526879158e-04,3.228677448997357361e-05,1.210096147266520074e-04,4.730570606972880725e-03,2.184160012541924625e-03,5.579100704455404818e-07,8.243453382619298419e-04,1.392843834930623933e-03,4.314249806779650717e-05,3.911798480683505744e-05,1.880605050051245737e-03,9.119501681950428762e-04,6.028080752800925548e-07,9.318436462778453697e-06,2.482131788647652944e-05,2.047072026854595064e-02,5.470950419858035957e-02,1.494764675418854515e-03,4.178146971273001900e-03,2.749287302639827259e-03,3.426850748492642814e-05,8.129974654064049330e-03,4.849279556067629239e-05,2.238304744353778418e-04,2.146996755375046775e-03,2.916805894764699144e-03,1.060360494682064909e-05,1.768474252517711299e-04,6.958516399073211853e-04,3.288640852716237203e-05,7.124674777860550172e-04,1.150462244615440069e-02,4.680311359503268342e-04,2.939621863764111461e-04,6.826982936936754195e-04,5.080055332532380091e-03,2.579859898675291186e-03,1.941712973327891327e-03,5.511329166151489843e-03,4.666504467710590447e-04,9.906310170351634639e-05,9.053230595919444651e-03,1.225199120799739388e-02,1.041353472157066580e-04,8.398639455457462388e-04,4.150319938285063656e-04,2.409636502763803944e-04,2.912018577131025854e-02,1.069311295867739388e-04,4.979426676183093878e-05,7.474560729187108149e-03,2.765534396721764537e-04,1.783454921449376780e-04,1.156480736673186956e-03,2.941755480491128113e-03,1.024758783536309538e-02,6.028080752800925548e-07,1.692713996873848256e-02,5.015469000512344337e-03,3.162106795356016539e-04,1.812277184547034931e-02,2.962956625325380983e-03,8.293181317945673425e-03,1.493502019696414107e-01,5.377192533613201625e-02,7.527298340002741561e-02,1.195328161152933288e-03,2.018179807333420062e-02,1.224852389646146900e-01,1.296908037912624864e-02,3.553812858297585075e-04,1.206225464835648971e-02,9.427391564484869247e-04,3.474496789112753426e-05,9.233699474877019378e-03,7.450492926925463488e-05,1.704035597071570235e-02,4.141309098651278775e-02,2.665342362689688410e-03,6.144479573778615115e-04,1.605368339852463638e-06,1.013658937963849132e-03,8.453172390023050865e-04,1.771966374643550810e-04,7.266714316400677324e-05,6.543069315681383639e-05,9.501691853647698145e-06,4.032575546714235021e-04,3.509606273544764064e-04,5.045626017872401146e-04,1.218420851537444297e-03,5.943341572074433169e-04,1.570511528822598254e-03,3.071278151517134869e-07,9.468313638900188679e-05,7.887858232209102157e-07,9.906310170351634639e-05,6.949303135672967643e-04,2.936050951682480704e-04,3.206022160107671799e-04,3.290091212783155224e-04,3.928124884360720438e-05,1.329697945575306484e-06,7.822725738389274169e-07,3.228711588019606061e-06,2.994495399012387597e-04,9.218075455567221587e-04,1.314323135677202166e-03,1.688511078970449228e-04,2.852410364779011020e-06,3.533830869003159103e-04,8.273965206578245437e-05,2.118272718960461135e-04,5.840242754095291032e-04,2.050381560211618623e-04
8.447428204841435362e-03,1.925526461157956544e-04,5.408024629235794536e-03,1.275678313835733584e-03,1.507553353676287060e-02,1.379793011273828911e-03,8.881940414558425409e-03,1.382492461085727952e-04,4.666526707475811275e-03,7.813681899954873916e-03,2.392151834175863453e-02,5.359074547600933477e-03,2.145176538114755820e-03,7.993184956422806696e-05,1.324048783838063662e-04,1.482219146116573850e-05,3.210490196274455382e-05,2.698085474555526138e-05,6.852272940592788082e-03,1.653791287624545935e-05,3.889535870253350605e-06,8.071863495286862606e-05,3.048848361112450001e-07,3.492572738959080227e-04,1.193365895051938568e-04,7.639090332826899794e-04,5.122217541028724824e-08,8.995020317339249985e-04,9.625960604395895556e-03,1.349812403825549970e-03,3.764761954372415880e-03,2.503087979218148254e-02,5.627938449342602401e-02,9.078810583021384301e-03,2.768553489548270831e-03,7.983460940561003542e-05,1.010885168613560508e-06,2.536474837642023125e-02,6.468221267353447233e-03,7.309652892730624024e-07,1.712354899850769091e-05,6.479584860043717488e-04,9.427950093863743429e-04,3.259140627689753600e-02,7.654775330710473493e-04,1.401709799846396478e-03,4.438296355197760956e-04,1.697901908177957067e-02,2.193780047806219262e-03,4.549350832386178287e-05,1.960437192328331620e-05,1.090342454762424770e-03,4.395901215159549159e-04,1.975579866701941863e-03,5.628246807438883330e-05,6.040009986826220368e-05,1.002529374556403928e-05,2.654982627590693825e-02,6.085891656904509261e-04,2.347111264892280669e-03,6.785661251942574565e-03,1.137375545571102549e-03,8.090603360765931049e-03,3.049356575111148836e-04,4.777608796105553795e-04,2.005254771905695763e-03,1.352975481278222267e-05,1.225490371153888959e-03,1.420013892602493832e-02,3.838169761283094343e-05,9.838355603825232887e-03,2.797631077343411612e-02,3.030466793216904930e-01,8.089261367888220906e-04,2.672413771153038346e-03,2.399888538589822415e-02,2.294766891698463498e-02,2.741585073785302896e-04,6.420704816677168247e-02,5.543274332232674476e-04,3.476236930043750516e-03,3.397100919641111972e-04,3.887855276862790897e-03,5.938567103723457188e-04,3.301589639012033131e-04,3.799281758542227431e-05,1.205620326360830850e-03,7.637543058260698377e-06,1.031035859105120381e-05,6.211017926213939847e-03,8.930301630326538441e-04,1.039813283346589227e-05,2.585149847584218392e-05,9.725210567445925942e-04,4.244483476837175064e-03,3.966986405429469981e-02,5.155869868549212143e-02,4.796083722290103192e-03,3.310008770371686282e-03,2.124634042595680266e-03,1.060563333864263103e-02,3.492117257253820120e-03,1.472417305961230046e-03,5.685953985069179756e-05,2.551996688492134957e-02,1.753027355810561280e-02,1.363971548956041668e-02,1.152388546634844531e-02,1.153935543736612189e-02,1.412174774740684695e-02,2.244102076364906662e-02,1.837972051103347812e-02,2.985646398424683114e-04,9.770908123962220287e-04,5.312797225492274338e-03,2.463224160513298368e-03,1.005086137178350797e-03,1.152116241620199880e-03,4.877047164742420683e-04,1.708211158556645088e-03,1.816564054248108462e-02,3.899980864676877348e-03,1.377086406093121893e-05,1.696547689391425420e-04,3.916900503464445550e-04,1.367374983387934428e-03,1.502793225613885094e-03,1.886545132406040881e-03,1.891620900796726326e-04,6.526390045136097520e-04,5.054844875321482141e-03,2.747893926533081718e-02,4.755710367838489327e-02,7.624245210139708739e-02,3.671593805764259474e-03,2.612110591520233616e-02,7.407249637425579798e-07,2.370160065923844079e-06,1.340366803880299607e-01,7.966860080499946206e-03,3.580829661021928817e-03,1.651448522657132656e-03,4.070487491407290964e-03,2.948975678032963706e-04,7.195274781595576030e-07,2.031234866407178891e-03,5.623072274136079948e-03,1.007890510113896264e-02,6.309286695167996839e-02,1.043548905575305543e-03,1.105317190345807624e-02,1.058455471344019877e-02,1.240985919278435323e-02,3.803879251278442959e-03,6.761801460643047587e-03,1.986816903694190416e-03,1.358712300008952018e-04,6.981119882099041908e-05,2.810006076017167263e-03,2.947392122991848110e-03,5.054688530721475317e-06,2.382692501290014763e-03,6.577201742906623990e-04,8.708012777740812074e-03,1.074116081328581503e-02,1.563132344555574239e-03,3.736401430184923406e-02,8.630828321534969225e-05,6.774900449474397304e-03,1.417355167311060519e-05,2.838118039332720825e-04,6.061218497250989243e-04,1.294610284162738337e-02,2.975037872515116574e-02,1.556333991420464323e-02,3.948619067543497618e-02,1.420294396675684167e-03,1.149531125991660151e-02,1.497356254453212701e-02,8.362067724128385837e-02,2.973453166395700203e-02,8.739687542614367477e-02,3.574862970054111088e-03,1.738782740685158174e-02,5.165987599180128093e-02,2.244102076364906662e-02,5.364313646014263895e-04,1.290581821800058406e-03,1.128987158982122522e-03,3.133860893662857722e-04,1.925665261384405536e-05,9.865551488061990310e-03,4.499942802328477792e-04,9.444959987164147641e-02,7.342207160013296263e-02,2.096551502429635366e-02,3.890772660595542918e-03,8.075430406610616249e-05,1.168431551861861054e-04,2.067967086179755263e-04,1.384358919500648828e-03,3.700580777749689195e-06,9.468988633611985593e-06,4.287656966753670864e-05,9.386243476495569190e-04,1.260463243167847264e-03,3.838178004723390765e-03,8.885983032711075244e-03,6.932589373376634692e-06,9.168573369990068054e-06,3.151410443457437912e-06,2.546002107475481106e-04,2.478551212904075114e-05,7.616950257338326853e-05,5.805446664684230048e-06,1.766100747013167301e-03,1.861645455532927231e-03,6.381190755442101243e-07,9.185309104821797247e-06,1.166044535625691565e-03,5.446008092214145511e-05,5.616236974609315922e-04,1.543548391255349531e-05,5.710522018543504616e-04,2.999918697236704100e-05,7.015488341824299180e-04,1.002529374556403928e-05,2.393225310560746747e-05,5.253514559198087204e-05,2.395679072055338115e-05,6.171828615440128898e-05,6.614686764521241771e-05
4.030214164217143909e-08,2.536297472233593124e-04,2.528679469190016160e-06,1.273290751977255910e-03,1.353425841300371062e-03,7.151676941195675473e-04,3.281192061119526807e-04,1.545581089220469256e-04,1.947389730785512941e-04,1.980679016845413032e-03,9.570107622213809562e-03,7.309568271984308134e-03,1.874388199259416528e-03,3.724029572143261817e-07,2.272119669007437084e-03,4.013987215236188358e-03,1.949298722771320358e-03,1.332559948140853508e-05,6.533346924551365793e-03,5.469849171009413813e-03,3.028541631734037889e-05,1.096982620197107898e-03,2.102865553383197975e-03,2.375642097506756830e-06,2.725519685890199269e-03,2.117572432226913080e-04,2.369518607236616170e-03,1.212553014244698604e-04,3.192685187253098780e-04,6.627172801705552172e-04,1.513563164244192570e-03,1.146290302186182657e-03,1.674802617002539920e-02,2.123794169385491339e-03,1.091751148591300902e-03,5.823568251148438738e-04,1.981380828726884134e-04,8.092159659103106755e-04,1.952491462596962464e-03,1.406838218348920640e-03,4.697434592546967770e-04,2.348413399606166612e-04,3.319934703823891717e-05,9.668117615252512509e-03,2.420405850796776386e-03,1.367459606896634199e-03,2.908258004548267082e-03,4.836031807524273328e-03,1.001465496518462841e-03,9.744731660995252856e-03,2.901523368121978249e-04,1.237015435515310176e-03,7.221137846923455280e-04,7.450802110820834139e-04,2.791562672780716658e-05,2.714495276260547069e-05,2.216507157636534407e-03,1.213592219203398284e-02,3.807766823617794814e-04,4.280002467250029884e-07,7.113288959016830304e-04,1.014564221174295240e-04,1.852075434951601493e-04,7.632529216703783266e-04,1.050101220226883720e-03,8.146580089164588310e-05,2.675905087849152555e-03,4.838014978096856836e-03,3.730526635186367547e-04,6.796843159437886833e-03,2.792712529955556841e-02,8.541868212154926643e-02,8.089261367888220906e-04,1.891271665396427049e-01,6.104343255434227511e-03,1.216303690738769743e-03,3.832219572456271178e-02,9.759103852354682196e-02,2.013337539389648684e-02,1.072481148366812888e-02,2.573696486630022012e-02,1.350237329902438319e-02,3.227529641026488189e-05,6.879893275855905599e-04,3.315665960867921256e-05,3.854649520981553692e-05,4.216593865122119789e-06,7.585198441217573355e-03,6.931440946986844711e-04,5.610906052818635456e-03,1.188452980058486404e-03,1.077988260008750200e-03,2.310885480312808125e-03,6.438557105199681999e-04,3.459904848525742672e-05,7.577652127957440042e-04,2.178608592633485622e-02,1.798527202371366261e-03,6.486760897545941051e-04,1.675120164968175182e-03,4.096135030649121860e-07,1.799283791896605765e-08,2.283035668798489020e-04,1.980133871021031962e-05,2.174611103873381647e-06,1.095831110236302012e-04,3.791079493736126027e-04,5.052931287916416058e-04,1.305570884569211753e-03,1.158009569385579584e-04,1.727374023555931781e-02,1.664639160801530474e-02,5.347644507227775667e-06,1.674650048469277820e-03,2.287299877152735011e-03,2.053715962084834770e-03,6.710787651692446440e-05,1.403845298709192066e-03,6.699492218512589946e-05,8.219006240882405061e-05,2.422540859398478099e-03,3.433917306937337832e-03,3.364933109933720620e-03,3.197360299994300671e-04,1.872583810083712930e-03,2.579396888477745729e-09,1.627618252732356145e-06,5.805660618309251703e-04,4.056607582002335157e-04,1.290310743375525006e-03,6.154900778230272150e-04,3.303177959510355307e-03,2.454008856516297701e-03,1.637509538851641966e-02,3.305789208077249824e-04,6.550356770846999584e-05,1.342425813183062292e-04,7.917840277957592047e-06,2.043997886607506575e-04,9.559782457799571376e-05,8.358677770514789463e-04,1.191370940999240740e-03,3.263321323250923008e-03,8.458713676099834620e-04,1.214757635205131886e-03,1.211781245336235368e-03,5.806236940519518162e-05,9.004566497077745616e-07,4.441393372832950679e-04,5.519449188308761470e-06,6.004236069226621432e-03,6.845144975884928694e-04,1.100919509512518054e-05,5.065913646096209533e-04,1.482007285889198629e-03,3.301790701337519937e-03,2.870674816260215161e-04,3.101981958452953173e-05,4.425351844034352937e-03,2.850851026662638843e-03,1.881607499654710061e-04,3.746943049724491101e-04,6.424331838719678700e-04,2.720140253182981322e-04,7.827582020685697542e-03,8.013181501546523780e-06,1.419009404366550165e-03,5.386338225590794372e-03,7.508198235491498479e-03,1.167010572566015009e-03,3.192332802130557596e-04,4.204138462484006446e-03,1.653811309140471074e-04,1.073448699042253837e-03,9.277752301832953167e-04,8.925257476661324803e-04,5.877762702864499070e-06,1.115477942822399281e-03,1.663729670373353259e-05,7.160411323844721428e-04,6.261603264762743981e-02,7.616479324745453403e-03,8.135596205441233963e-02,2.347184331292041098e-03,5.469039930385461600e-05,4.621408410142382323e-02,1.414023206529458655e-02,5.884399900518367729e-05,3.164297784995448361e-03,1.265611996407550147e-04,2.449133489809500724e-06,8.252508055191123108e-06,6.484307304435544481e-06,8.985546847711915085e-06,9.838840896018698212e-03,1.673283627275693277e-06,1.128729321515549862e-04,1.087298825802527702e-03,4.121910572518717661e-03,1.724993652903783091e-03,2.747349082948559565e-05,4.399376222471349483e-04,3.101981958452953173e-05,2.827317981529331101e-04,3.013165994397099190e-05,2.583776863043267047e-06,3.150958445337596751e-06,2.169400243653650789e-04,2.394573991432655258e-03,3.256795512770755806e-03,4.179408785175667854e-05,1.444945297786740575e-04,3.614145068856527065e-04,8.164625368986612214e-05,5.126116021954227071e-04,2.433201684545364135e-05,1.474519357301847270e-03,1.691996986067325313e-03,7.044001327251157730e-08,5.217850509802004003e-03,3.815631398938811665e-04,6.484307304435544481e-06,1.912095357847996401e-03,1.247585967077982421e-03,9.788030339737431845e-04,4.418610813222100669e-03,1.512656619762997676e-05,2.772530641315606678e-04,5.107026604020906829e-04,3.013918443703365369e-04,8.494656992636600906e-04,3.504506341405763610e-05
2.090760553300657041e-08,2.627840708310863948e-04,2.070196706024734178e-04,9.056810115390253550e-04,1.043462484448049593e-02,1.662038103213134277e-02,2.662112647669788047e-05,1.143692174268860003e-04,3.427049970344449043e-04,4.038925120119436275e-05,2.806546461395359026e-03,8.744637386717979020e-04,2.040500994727239160e-03,1.656788655255442538e-03,5.017472412070035680e-04,5.481736093746551394e-03,3.354634276949499685e-04,2.691279290916393820e-03,2.961909771536072426e-03,2.437642035051612067e-03,1.659176527271478214e-04,3.958651324752535507e-04,1.523913431301587547e-03,8.965822809726577266e-04,2.798721452894714850e-06,1.084854839599227495e-03,1.407833338268890157e-03,3.959058180215318037e-03,1.825663663898508861e-04,5.225095800936073454e-03,9.891349296630562796e-03,1.353699012091256907e-03,7.173788268810236610e-03,1.055654940042771717e-02,1.467003533906177139e-02,5.169474221608012614e-03,3.753342079959197906e-03,1.016349104677303009e-02,1.088188010213369736e-02,1.912516471203157611e-02,5.203723467214507693e-04,6.249101834813552449e-03,2.567317859399868146e-02,1.240061247270098912e-03,1.638556287047323451e-02,6.202923260632397118e-04,3.141306079011563310e-03,4.999925034457373269e-03,1.197963652662976421e-03,2.210062892383036007e-03,2.641861574199148936e-05,5.915618925570483196e-03,7.902316863608324984e-04,4.003182791538625537e-04,1.546021148065801661e-03,1.867057027117608149e-06,2.011927731263609288e-03,3.142592660578692743e-02,5.938469073409227792e-05,1.882833196957073465e-06,8.662814027500334926e-03,3.767758438089874014e-04,3.173497828524373537e-02,5.353981421436858590e-05,4.091041817166937537e-03,2.753453108061710295e-04,3.256430197941067445e-02,6.794004201702043277e-02,5.537064132143296874e-02,3.809583160319855027e-02,1.018877975601602953e-02,1.991419894614120806e-02,2.672413771153038346e-03,6.104343255434227511e-03,3.113596130873282353e-01,7.455555724927449834e-02,6.209239674414766125e-02,3.116448858825287757e-02,8.767245694163727787e-02,2.006017523877982357e-04,3.602818764921187494e-02,8.560501664886014609e-04,1.357076618116412337e-02,4.663256996126837611e-02,4.898283277300252703e-02,6.192616967507130060e-02,1.012707001025326264e-01,1.968238960499469475e-02,4.983153021367556224e-02,1.553092832825226808e-03,3.732342968453007497e-03,6.573503592858872960e-04,4.655012772918091547e-03,1.221810962889741288e-03,1.661205723384075747e-03,3.507134725153166974e-04,1.197822493376063044e-02,8.412110871065243793e-04,3.277498619650041217e-02,2.783886111634798280e-02,2.458168048886590247e-03,4.418335926719512557e-03,3.836582002487554761e-05,3.393384107983152281e-05,5.832540567419456680e-03,5.634988234960044973e-03,3.398397880773682119e-04,4.381514377437094581e-04,5.799984363228902250e-04,9.647254920025969923e-05,3.398069264738994488e-04,2.099891810681884900e-03,5.023728055988900890e-03,1.402187249754611141e-03,2.063424484862649497e-03,2.519103649373404842e-03,5.304421845016640998e-03,4.245363171064918568e-03,1.573834510213515130e-04,4.804457380222251946e-03,1.895280323773536465e-03,2.607233705030305763e-04,3.788860341325967721e-03,3.139674427825164197e-05,3.346344030886852332e-03,2.100371213750876556e-04,1.114036304571445861e-03,3.388900301367209753e-04,2.006933565407136784e-05,1.726902999857457457e-03,7.862700054099448636e-05,4.565516981417033944e-03,1.976837491027466415e-04,6.807427425156736649e-03,5.458817658600253412e-05,4.992498654609823540e-03,2.191288737267160433e-02,5.897159538199404222e-03,8.549206605048027471e-03,9.063179088580425313e-03,8.948177003695807416e-03,2.295028396337520787e-02,1.796031774102035267e-02,2.246076678411010644e-04,1.289095845341274495e-03,1.062034730306656016e-02,1.719271527656265203e-02,5.629230482381330017e-03,1.843884834053371134e-03,1.377152812658921643e-02,3.047968654256303506e-03,2.967643454735230217e-03,3.069857536591592394e-03,6.957245463210885288e-06,6.244762195130099634e-03,7.109605280796758853e-03,1.148577024115283844e-04,3.899921022372295084e-04,4.208516073852044959e-03,8.159102243350245878e-03,1.909313493773661478e-06,1.012850957905250641e-02,1.826712551346808245e-04,9.491447528586729641e-05,3.335092318184608440e-02,5.533705660403220698e-03,1.785227634994818527e-02,2.817600059505828702e-02,4.148518250731573001e-03,3.255826271014008240e-05,3.897475148978749027e-02,4.099243434340616582e-02,4.394202581961974274e-02,1.066783699377822278e-04,2.754621841832026810e-02,5.225095800936074321e-03,6.402749004087399803e-03,6.056189143146198904e-03,1.241649506762842649e-06,1.829908036483543336e-04,2.267743628821580325e-03,2.868004420705493052e-02,2.938442809954618443e-03,2.329473133678035528e-03,1.803196830431188363e-02,2.775946615505567316e-02,7.189104444987628973e-04,1.906618900029655411e-04,3.108396792832757594e-03,5.297281167839816562e-02,1.461652710295961895e-02,3.217081788098354739e-02,2.305230584458428666e-05,1.094926471253629061e-02,1.747360310228633033e-03,7.247942748842339865e-05,1.680683251620712637e-02,1.100831574345115596e-02,3.103061500912984109e-03,6.540082861834228189e-06,2.977330751585558150e-04,1.132931518392838908e-04,4.403924353534535583e-05,8.442223298393068028e-06,1.353812519945630578e-04,2.340868097480938216e-05,2.274124983105653343e-04,7.174294915456504539e-06,2.628997508710083738e-05,5.325798856597572199e-07,4.082735245743819515e-05,1.058250038376049849e-05,5.623349452153602462e-04,1.294939804416507198e-04,7.342580984688686682e-05,2.973012293024877117e-06,1.074587615344185603e-04,1.904808396677757070e-03,6.897392167834388334e-04,1.293728417247428785e-04,1.289343488735669643e-03,1.212955548854051038e-04,9.004267396833943299e-05,1.195639604837169792e-03,6.926781003985398449e-06,2.831799882437376826e-06,4.680069595850727291e-04,7.697699026456677465e-05,1.925314413843742747e-06,1.013565708866027309e-04,8.630182499456551118e-04,1.133775447495502303e-03
8.439584607829068519e-04,1.193321643889550627e-03,3.620708096816972667e-04,4.199179956823611160e-04,7.384137124651639524e-04,2.701022485628772844e-03,2.979857572620831212e-03,9.040560117911526411e-05,2.875723696226206196e-03,2.392854119141234453e-03,1.181667927586036414e-02,6.913458551810990060e-05,8.983836622332994418e-06,1.507248318556814835e-10,2.331844675676287507e-03,3.763342146155770462e-03,4.793830618025316602e-06,2.595796749783897120e-04,4.634897238077307670e-03,2.857003184375223742e-03,7.549289459354253462e-04,1.066099422332149544e-03,9.024583309096998948e-04,2.856289842806432745e-04,1.530374891695365883e-05,7.039622091075315900e-05,9.221885231759302049e-04,1.287063184343065735e-03,7.557635244285618907e-04,8.812490918143640189e-04,1.552863051811261040e-03,7.242585085012879554e-05,4.131528562059496669e-06,4.111941695540413059e-04,2.866306983759408459e-03,1.007904811263896343e-03,1.213821432359150996e-03,2.353783404681935807e-06,1.744208237081000361e-03,5.529762180049475895e-03,2.014837737548215557e-05,3.572599389884234793e-03,8.204784072085942806e-03,4.324862874390219582e-03,9.146859098408587291e-04,9.385243892821955780e-05,6.375990355030970768e-04,3.379553071163349243e-02,9.612510437353480417e-05,9.429592155448689362e-06,1.524730814974254585e-05,3.356111662546257604e-03,1.825371311918896043e-04,4.380773079473098373e-04,2.985236150840704292e-05,2.955022959388492227e-04,5.473983899243862290e-04,2.530204454604440684e-02,4.700567286065986117e-04,4.242053293459705412e-06,3.715597737235278177e-05,2.763222393793937637e-04,2.488642372764916094e-02,6.410848195217073699e-07,3.515161480521424454e-03,1.591013630805188095e-03,1.380790905320274618e-02,2.382213818544245271e-02,5.611294985093002313e-02,1.523106225401768023e-02,1.722097480436098407e-02,1.878491684156867111e-02,2.399888538589822415e-02,1.216303690738769743e-03,7.455555724927449834e-02,1.688450613500206143e-01,5.052915492161260541e-02,1.087337337147185196e-02,7.579509544711168778e-02,2.306444687144478412e-03,3.711361120553145071e-02,8.142552436543503552e-03,1.667949898488196338e-03,1.521888558385776219e-02,1.615823705448816289e-02,1.313422351539009041e-02,3.541350516511566904e-02,2.827807973969579183e-02,1.754164959741751073e-02,1.077799100018746528e-02,6.311243609111255592e-03,9.560225067644972843e-04,6.864761327429956018e-03,5.504422496842309182e-04,2.295902901706370000e-03,4.006174819388706558e-03,2.463059167849079856e-02,3.496494799985335519e-03,2.018319413443032170e-03,8.381002981361971096e-03,8.486960667829501013e-06,5.056067935441197619e-05,5.145003509915287664e-05,1.532128869451930542e-04,2.093773297327609161e-05,5.807711426204928488e-05,9.605382999016755805e-04,9.590461796323552883e-04,7.721423694441429970e-04,2.094873105436470019e-03,1.881732120807864689e-03,1.955362975862792842e-06,7.556295002260643315e-05,3.468482828263993577e-03,1.606650123306366956e-04,4.363299093279652402e-03,9.283768128704685983e-04,3.813157170472198602e-03,3.847773298864355773e-06,2.026403668254378075e-04,2.420841362584366508e-05,1.082636564101049177e-03,3.162136290673334214e-03,7.073187249463548383e-05,1.235991324173891810e-03,2.361777505548678146e-05,1.240891198806157778e-06,1.314884356489980295e-06,4.082735245743819515e-05,2.022298424231205351e-03,1.116519756650179857e-03,5.253333538573660330e-06,9.256948346362559596e-04,1.488287522526508691e-08,1.464177105428964433e-04,4.232819586961313399e-04,1.200495138371836072e-02,1.146895889691699425e-03,3.200045960822704922e-04,1.415684159779432476e-03,1.417926657796114145e-03,5.914068999137745385e-03,2.775686068659161555e-03,1.557447963881663353e-05,6.901288315206618182e-04,5.261359265586734203e-03,7.183959503040741835e-04,1.422925535344638968e-04,8.848762556595664774e-04,2.293112308189478206e-03,3.359761479490305325e-05,9.773964469078024635e-05,4.126581751589547287e-05,6.096213168936902944e-04,3.383041231080631778e-04,1.268307704529651834e-04,2.026546463509127619e-05,2.044184467521389790e-06,5.743931620879840459e-03,4.827363774043607302e-03,6.369021204576609604e-07,8.279757684667536644e-03,1.912080330768294186e-04,1.691265103721229911e-03,1.149373645246804486e-02,5.298397687952298906e-04,1.976640513736397818e-04,9.269300540485357273e-03,6.905714867562263645e-03,2.044184467521389790e-06,1.690199405265125493e-02,1.440402352530254296e-02,2.507765896361801444e-02,8.839739434137253160e-04,2.560025037688356403e-02,1.394403828549792279e-02,2.706658899173002356e-03,8.545323614846377439e-03,1.985612333144448106e-03,2.353550716966059525e-02,6.794030386907254880e-03,3.073113715741414634e-02,2.516671125848207128e-03,3.000250857705471629e-03,6.098767259358747750e-02,3.544634083692262821e-02,6.623422910776017008e-04,6.233647812347952798e-07,1.081599260112007035e-02,2.439039896133928312e-02,6.714170234804228352e-03,3.459266781559411363e-02,4.031899954359288946e-05,3.129309341364165664e-02,1.279051737040946303e-02,3.472854722477774700e-03,7.770865970687384702e-03,8.961153557462855739e-04,2.069478641447401897e-04,7.387480820696346934e-06,2.874943820249359350e-03,2.690499152370517839e-06,3.053655848686326248e-06,1.420071241008219692e-04,9.595193927715953987e-05,2.964188678434749331e-04,1.052816003919254716e-03,8.838095723149963327e-04,1.199851027726920195e-03,7.600590175793485621e-04,1.493737687862294413e-05,1.990173871576668288e-06,1.028598076530223544e-04,3.263856308103489157e-05,3.218494999759871373e-03,1.718283881607891210e-03,5.621999937774253570e-04,1.013258196087655398e-03,4.806678161603180916e-04,1.839157410317346895e-04,7.569304169078560620e-04,3.693571816859949106e-05,4.321366849804916636e-03,4.272157903033168592e-03,1.095355675358458940e-03,3.000132493813863033e-06,7.282264840642057826e-06,7.370620907629989147e-06,5.078714231914000172e-04,8.558213929284609516e-06,2.908274339895967897e-03,3.686686732667409164e-03
3.999561768348635152e-03,3.396553666188491375e-07,4.244540730828690739e-04,2.593431010021901594e-04,1.503930783638570106e-04,1.135589075525493872e-04,5.226989093194841195e-03,4.148335317311991417e-04,6.016719773854884920e-03,3.214141343462230231e-03,2.986893403737475930e-02,3.813787421707148708e-03,9.040906866102901883e-05,2.263851095389449008e-06,2.237346823651820225e-03,3.946940877464793010e-03,2.906172843066843277e-04,4.821546252894962289e-06,5.893020773418061915e-03,1.756258280677609968e-03,1.912994185225346075e-04,1.781276789744888232e-03,9.663315892467765230e-05,4.387433645828432553e-04,5.002140980956202958e-03,1.466387438059582517e-03,3.550492604091869120e-04,2.364633047154990244e-04,4.526443280707810948e-03,1.212539598290150007e-04,1.414275581466643166e-04,1.670544243560911609e-03,5.823760631984900051e-03,1.569819949620511641e-04,7.328573329864800957e-03,3.104490279301655269e-03,7.387393188617430322e-06,3.620539613862325972e-04,3.650976232591433314e-03,1.506003039367226175e-02,2.637854840018940267e-05,4.917203465273204711e-04,6.450911052116137939e-03,7.500838294067885617e-03,8.457979548365314221e-05,1.050275205726957642e-03,7.027178923308534039e-03,1.600274762348567054e-02,8.618635074932562860e-06,1.602581299060440478e-04,1.265193761718386832e-05,5.725668483249023860e-03,3.079617642605108219e-04,6.553600813156289402e-04,5.222469504201789460e-04,3.290768157304260560e-04,1.901930402627163841e-03,2.712643990752735060e-02,6.073292267482864734e-04,1.238156430685698990e-06,1.769745370724681941e-03,8.399907528977318839e-05,1.286413418840297003e-03,3.469317397837061879e-03,2.573780977160988517e-05,1.576589186001353302e-04,7.183935255132894646e-03,3.287700541561925250e-03,9.207469288826613044e-03,8.910647672329231189e-03,2.817049825910174915e-02,1.006865055890199534e-01,2.294766891698463498e-02,3.832219572456271178e-02,6.209239674414766125e-02,5.052915492161260541e-02,2.168777874873381306e-01,7.337762729289709629e-02,1.142259630397754189e-01,1.672481754683739427e-02,7.756872928860419902e-02,1.661690579930457518e-02,8.958863443532615707e-05,7.441031294289323673e-03,3.180117901597837721e-03,1.078413871029422570e-04,3.353665846672589275e-03,3.461552622716019406e-02,5.871526239844093546e-03,5.506088055635962979e-03,1.742510834088267568e-05,7.906723544927172663e-04,6.407447427409944385e-03,5.392809177822238598e-06,4.818666707672645405e-03,6.336548117596460625e-05,8.195945371515686584e-02,7.012570739215885640e-03,3.996154245853292611e-03,1.912994185225346075e-04,3.283905535964630040e-03,1.899630352915320257e-03,6.837803326828069102e-04,1.067649647277472014e-04,1.030731116782345955e-03,1.519408426621628736e-03,2.369757290761698252e-03,4.123073982887373590e-03,2.393515949242994243e-03,4.193841451277839118e-03,2.020878591906034860e-02,1.498976235271552368e-02,8.647674324222648888e-05,2.741521800024275361e-03,8.473456287533495147e-04,5.635968930543507581e-03,1.212282378387938006e-05,3.696816053143073180e-03,4.543377023536312250e-04,4.693531778878472176e-06,7.436053870028359663e-04,4.213194986060353128e-03,2.785693012725375551e-03,3.685643626158336176e-04,8.125246238207052855e-04,2.986888866434807800e-05,1.074678817770749269e-05,6.388266258597612591e-04,1.745703941305428426e-05,1.057037346491617119e-03,5.777196346329833802e-03,2.007204768706072478e-05,5.419036546757554501e-03,1.135264975744701074e-02,4.975620642046503896e-04,1.844018604079607790e-04,6.451366736236494558e-03,6.173455267041518057e-06,3.360679735022162155e-03,4.754019629463237958e-07,1.230257301823161362e-04,4.195713498334263832e-03,2.426252898871767219e-03,8.484182861384032622e-05,1.829370359798620073e-04,1.591498495151910794e-03,8.975997237126262274e-06,5.819683664959276228e-05,4.705247347951646737e-03,1.490700110196145362e-03,4.531229751738951803e-03,6.955872575641668697e-09,2.662112647669788047e-05,1.354905212035713855e-03,1.728017591860226288e-04,2.263796365765503654e-05,2.866085279302052393e-04,2.356526926762324389e-04,1.690743156779752482e-02,1.069481250963438823e-02,6.090814453406874279e-04,9.030805901418824388e-03,1.618788276801129021e-03,5.263043635705838899e-03,1.469834478487210168e-02,5.172871651496919456e-04,8.587511310999070176e-04,9.087240897193309130e-03,5.625933768769324521e-04,2.007204768706072478e-05,2.422539471609132244e-02,1.951229778142231711e-02,1.320460455679104902e-02,1.154236822967273212e-03,1.006225002380067846e-02,1.906554560729816720e-03,2.273057736385915122e-03,3.954427679967629887e-03,3.525477353521946477e-04,6.508939760841377792e-03,5.567960045392423424e-02,6.481209166192454518e-02,3.140485345391912791e-02,2.953344075617849005e-04,3.589746688125879798e-02,1.459266762187520217e-01,6.420251952495359578e-03,6.412957654288711697e-04,1.862504293474402661e-02,6.253334026455321590e-03,3.693163547465835427e-03,2.400638817365157232e-02,1.433130226306625094e-04,3.483490842397658771e-02,4.650751997895800210e-02,9.207469288826613044e-03,1.496875094514746015e-03,5.083792999763571147e-04,2.190906640243654811e-03,1.500026696427199987e-03,6.309572649298677595e-03,1.160246997411584508e-03,7.101197281515895228e-06,1.880548659061242762e-03,2.015926133476900455e-03,8.247981719778723318e-04,5.208058606147281892e-04,3.093837842415633342e-04,6.726434843222251240e-04,1.077418127082953444e-03,3.652624990395500135e-05,4.470388798626806910e-05,2.005848628142085780e-04,8.562508862523638239e-06,9.563103695129351531e-04,1.738421114295956736e-04,1.929327829693886073e-03,5.220497602759107542e-03,3.421571417022819584e-04,2.553066543711811354e-03,6.417045119475412113e-04,5.366028293548529209e-06,4.280106273556418504e-03,8.059157329310704743e-04,1.825378357196380009e-03,8.264677545817931004e-04,8.476646275720101543e-05,1.028581046762469693e-04,7.313114306104426807e-05,5.784739144026690619e-07,1.644634078009624654e-03,1.836294466830153991e-08
6.200689375571478436e-05,1.112686305813764169e-03,1.573544883390317402e-05,2.555890241164235615e-04,2.010268150019785933e-04,4.118714324463820765e-05,1.724469359095796460e-03,9.797487787283270329e-05,5.338957178233104568e-03,6.198500534888376230e-04,1.358904582282599756e-02,3.287809016339141455e-03,2.159945906517601790e-03,3.913768074656013012e-05,1.539914302847320655e-03,5.649638565929628910e-03,1.126042646865134216e-03,3.335597185245151643e-05,1.359678813480699050e-02,1.051464923641499787e-02,1.120479714253800131e-05,2.899280465229215568e-03,1.971308191089272618e-03,1.602487705216344672e-05,1.194196872640124717e-02,1.932474150938685418e-07,1.145526151200665279e-03,1.725693914631615104e-08,5.960722374385502281e-07,2.706693411645465035e-04,3.699236989922663650e-03,5.025230024967066713e-04,8.012238264969872084e-03,2.915059735175678916e-04,1.083717712135905684e-03,2.335486967801594026e-04,1.320008594855359208e-04,6.030602557695888743e-04,7.973036960944368534e-03,5.298448276586190456e-03,3.022437344609017751e-03,8.483100038807248305e-06,6.698724452761690854e-04,2.011891494816704304e-02,3.774288628645295750e-03,7.225329053334923101e-06,1.557960814633959322e-02,9.590379389049913383e-03,1.413788018258225251e-03,2.172589370352039084e-02,2.471886546915102144e-03,6.096784778399903619e-03,7.561615078839237052e-04,1.078689953548903329e-03,8.737442195651723333e-04,2.861311698337161164e-04,1.975089809306605586e-04,2.324637086138895206e-02,2.421568253539127871e-03,5.415673944281493627e-05,1.925385409213138091e-04,1.139317787340481808e-03,2.142518006343237507e-03,2.234354635211996745e-03,1.971103068986809412e-03,3.122095733460817334e-03,3.092598079408982042e-02,1.684600104536602277e-02,8.559636343562861127e-03,2.038914557258486929e-02,3.786172156748728729e-02,5.770143969266058187e-02,2.741585073785302896e-04,9.759103852354682196e-02,3.116448858825287757e-02,1.087337337147185196e-02,7.337762729289709629e-02,2.010641972724932780e-01,3.224023736048083066e-02,3.697164030762305209e-02,7.230504217660699284e-02,4.219458955231252667e-02,1.212676198664804844e-05,2.273124578682817008e-03,5.453988645126041041e-06,1.713113453809817898e-03,3.833978567956092894e-04,3.663786212019824740e-02,1.704208351736117254e-03,2.204322293034865696e-02,7.070107433342714910e-05,4.709940365830401696e-03,1.875644534456774939e-02,1.316193225667684199e-03,1.545734741991947265e-03,2.245708683722032862e-05,3.960260054218847636e-02,7.272578414772209662e-03,5.512538196511559616e-03,9.836218078129696160e-03,6.584050560841891886e-06,5.098512966305382269e-07,5.282002881000325098e-05,6.931370241077489472e-05,4.820466828228329801e-06,1.724026838882548038e-04,4.219865580956178508e-04,7.087750972026259696e-04,3.160306156545982328e-04,2.542843340493874558e-04,7.992635794321691425e-03,7.025544375955409052e-03,4.054294303367081870e-05,1.995879008071994778e-03,1.719184435504204217e-03,1.581419556355545108e-03,7.879781685187230069e-05,2.115921570577949246e-03,1.275537693791968573e-04,9.967499597510778640e-07,6.184478215046873518e-04,9.736245254527311696e-03,5.223299576258640456e-03,3.720519635316323894e-04,3.626203637552099807e-03,5.342201557654878202e-04,4.676740594437352041e-06,3.701976376075352443e-04,6.100145103232394577e-06,9.456977706311784542e-04,7.856817622451987837e-03,6.177846335912563248e-03,4.226954605963616739e-03,3.037505757228505399e-03,1.590224891714172662e-03,1.145770071218984055e-04,8.762672596267748496e-04,3.415025558228402115e-04,2.027703921646697820e-03,4.830219989977270533e-06,4.291423582158307827e-04,7.259218949329478317e-03,4.890574552527653801e-03,9.281982015570742052e-05,3.718447766902035524e-04,1.306856767580309329e-03,1.590960548340337465e-05,1.329379518573322574e-04,6.077233909979591706e-04,3.157578979780421152e-03,1.409375001281175897e-02,1.782969490615007088e-03,4.127638976634064082e-04,6.743571428292990282e-05,2.914729105620730726e-05,3.959093552654203117e-03,9.953327681180555199e-04,6.931002200776677745e-04,1.516776680956755455e-02,4.803888166065403698e-03,1.396188466031927054e-04,7.241924674325196654e-03,4.577682576156548271e-03,4.044343024121784262e-04,1.775527535449751212e-02,1.582256849382879959e-05,2.562133020039205830e-03,9.494956562869024536e-03,8.997425327883787696e-03,5.466775969142276086e-03,1.903076409519758108e-02,3.794824240259794118e-02,3.562468898402602370e-03,1.636163146743725184e-03,6.499259160560412474e-03,9.475580680410701029e-04,5.807881652393054490e-03,2.052239387431177011e-04,9.706153850161062057e-06,1.890009640063515715e-05,3.132213769728170449e-02,5.445658550649865905e-03,5.300322405838243933e-02,1.229280489447474867e-02,2.445130709652458111e-03,7.222570947347747849e-02,3.003714891372256252e-02,1.677120231327763628e-03,1.580342407145821776e-02,9.376814720279999082e-04,6.485776076511246905e-06,3.763456158468476281e-03,3.128485354642942802e-04,7.733211543938574989e-05,1.234579951869680878e-02,2.973603194090487616e-03,2.033510656429597403e-03,6.306258857438767906e-03,1.428436901619007694e-02,9.610580735516247378e-03,7.051815352401564867e-03,6.185609583002863766e-03,2.714857278780760362e-05,1.876110790664669431e-03,9.414933497533767119e-04,6.100145103232394577e-06,1.005600748404286832e-06,2.191273510951056026e-04,6.113494726764132081e-03,8.308938393410779735e-03,7.605732677136339994e-08,3.217840611786696548e-05,1.905711290767552434e-03,1.230484874729803725e-05,2.472376059935026214e-03,6.045510684082288760e-05,5.333009860482284268e-04,1.037097682670485091e-02,3.354979745521253901e-04,1.395950149882383036e-02,5.007913396096883496e-04,4.224982775195456665e-05,3.665909482758261499e-03,1.957632176741205387e-03,5.102205457915236393e-03,6.894093672534439173e-03,1.306298260795652117e-04,5.433897824834681275e-04,1.782169546295933734e-03,1.890009640063515715e-05,4.382120522982922359e-03,5.081216115671550272e-05
1.618106261276550323e-03,1.563131151836837367e-04,1.246872427320215668e-03,1.644513587431184649e-04,1.033871669191715505e-03,4.493658393587486588e-03,1.072460394817389192e-03,3.688693730418669093e-05,1.904068035527004378e-03,1.878981815854134521e-03,2.362334657859682316e-02,1.284702820198033819e-03,1.137926191963592199e-03,1.060695444707391308e-03,7.518089762835603648e-04,1.174251847282203887e-03,6.779492834753969750e-04,2.201886905144950866e-03,3.686204238033755683e-03,2.344442275206419957e-04,2.310977456387305418e-05,1.021565635826240801e-05,2.502969444204834504e-07,9.756409938075405507e-04,5.205236523338621158e-04,4.712345056410140176e-03,3.877112039741671483e-04,2.319477598858657113e-05,5.499889131816671720e-04,2.757666885686079904e-04,1.137616938744698280e-04,8.608296561312835495e-04,3.040651970387325733e-03,2.338753989320801769e-03,9.452358333503926846e-03,5.325010349768937584e-03,3.367734023743690006e-03,8.663594692783963382e-04,3.008510991165903089e-03,2.270959791278407899e-02,7.907475611154198177e-04,5.091850174512593807e-03,1.754987575030666005e-02,2.578584734591147110e-03,5.826942489013694007e-03,2.912689486209903925e-03,1.499642804069586490e-08,1.687957368451779502e-02,1.745634298184573039e-04,1.671500793701985884e-07,7.563613740163269063e-04,5.776362574908377144e-03,1.997361551503100527e-04,1.510554166724782958e-04,1.052845311980540462e-05,7.337735483383382327e-05,5.004697935175133304e-03,2.721487322824795926e-02,1.541171021043359336e-05,2.010889973571229654e-05,2.247021351520913594e-03,3.890982830551906082e-04,1.729274345160547108e-02,3.356605815550250949e-03,3.517606772805175917e-04,1.998864002822911889e-07,8.062629921932394335e-04,1.181443701117750912e-02,2.381254802827064213e-02,6.059357640353301225e-03,2.342757870815223922e-02,8.049604603233678768e-02,6.420704816677168247e-02,2.013337539389648684e-02,8.767245694163727787e-02,7.579509544711168778e-02,1.142259630397754189e-01,3.224023736048083066e-02,2.456071728805513665e-01,2.070298071791147176e-03,4.758997343683828846e-02,1.794169295541034326e-03,3.892765867071512642e-04,1.257441480894225423e-02,1.704409664610311015e-02,1.006070172092927810e-02,3.497995877142533877e-02,1.544843567168240235e-02,9.020899621684444133e-03,1.821687955848116588e-03,1.150719391628828351e-06,6.999271344540602975e-06,4.792615557149665882e-04,8.620024885545647013e-04,1.176514486712921734e-02,1.219465540404378020e-03,5.836518651196656582e-02,2.132122797801123092e-03,4.858975532364255160e-05,5.043844787888191773e-03,2.564768122159031519e-04,1.816638351534754679e-05,3.696034607781781777e-04,2.083260735426049865e-05,5.853189736673574832e-05,1.663148648012887742e-04,8.416163571814476137e-04,2.097691005662030359e-03,5.074508124282767815e-04,1.427013228547352680e-03,1.036858956347940994e-02,3.881544358427934695e-03,1.458710197168973204e-03,1.177820499295438974e-03,5.723644909346005052e-05,3.074824688043424625e-03,8.128921188597083803e-04,2.737917514335452135e-03,2.053687213383908298e-05,2.631293514801703697e-03,4.505711999483946804e-04,9.715731095531069186e-04,8.586895350825472176e-04,1.815292133493524970e-05,5.529669265712515869e-04,4.164751354291856910e-06,5.652765454535305144e-04,2.428890190137584018e-03,2.367239680844415392e-04,9.727246679077963505e-04,4.655439052197217834e-04,5.786426424376911329e-04,6.602960059523021660e-03,8.097612876273056412e-03,3.510475487366112191e-04,6.717094065461889177e-06,1.320004615353118950e-02,2.089022872058912336e-03,5.085105273019912588e-03,8.302726279772583646e-04,1.573464216549365358e-03,1.292982785391144640e-02,5.632301109963849806e-03,2.353044718231491362e-05,2.243735076794079516e-03,1.314481634776065548e-02,2.398444317714410346e-03,1.518622198684453197e-05,4.315930593420672784e-03,7.195063997375402559e-03,3.522803561078224378e-04,3.368642375417563850e-05,1.575909894143420287e-04,1.243235899051791868e-03,2.378802975487285414e-04,1.088691360209807996e-06,3.666952923353156889e-05,1.052639358966477165e-03,6.253334522735408928e-03,1.438218537005298524e-02,2.306766520379417926e-05,4.951860411484913620e-03,6.565282384556306479e-04,1.356583601125152874e-03,2.783945023439574756e-02,1.101430186864813367e-03,3.667240996203720315e-04,1.278137534076502491e-02,6.819026897500514613e-03,2.564768122159031519e-04,1.687707490936496760e-02,1.154233762617965647e-02,3.847950538613761212e-02,1.616089415983392938e-03,2.420117127682403987e-02,1.453207546805719043e-02,1.644378212730397259e-03,1.673666110456594955e-02,2.581728354747920423e-03,2.410453503701047787e-02,4.170668144275083838e-02,1.337097127431956245e-01,1.335647461510989197e-02,1.070611634918532465e-02,5.745137582755090178e-02,9.503664597227369504e-02,1.571001697377983578e-04,1.908710141786449483e-04,8.908161024833112507e-03,1.994198625225043764e-02,7.439110000674043800e-03,3.801266058294622274e-02,5.313195917686009995e-05,5.459805973979318244e-02,3.906573967967084948e-02,2.098082779293975516e-03,1.306635637263205314e-02,1.356711831786547870e-03,5.663944028763326756e-04,4.226134171234040756e-06,1.052976931272285588e-03,3.709182648120406650e-05,1.500735209743788692e-04,2.975993520322219981e-05,6.264314505384380389e-05,5.343397864139544861e-05,8.259902759597772441e-04,8.784593447197100793e-04,1.996944633429094396e-04,3.933788399151453182e-06,2.078742163344191841e-07,2.939720364933577016e-06,6.420925705099547395e-04,1.998864002822911889e-07,2.655234692832257083e-04,6.292578498184513505e-05,5.662273479892275876e-04,4.059368461316802487e-05,5.345601323907828845e-05,2.469519995366940552e-04,6.754899662885286132e-05,1.515131356628676425e-05,2.361750722673047244e-04,4.539725473504638590e-04,1.908710141786449483e-04,8.374751826681230192e-05,1.999329861085785581e-05,1.075696805570258268e-04,4.663650170401691867e-04,4.026958013947024969e-06,1.822877281495259702e-04,2.001650932292789030e-04
2.038799523350376972e-05,4.254062076806434771e-03,9.827970886642124900e-06,3.272299467640299593e-06,1.877219678195313126e-03,1.120062520383833529e-04,2.573332876415324651e-03,3.284875473818204541e-04,1.640512283075181137e-03,3.923988300531638419e-03,6.913818746697960801e-03,4.183102947060004378e-03,2.327184979076094874e-03,4.568874219995049525e-04,2.339655898698160107e-03,3.478567259473173100e-03,3.113193079350487220e-04,1.996181757707069480e-06,3.938323236041126399e-03,5.609804825188887192e-03,4.131281951005304231e-04,1.784096970427702595e-03,3.317372442409291131e-09,7.760559093828846918e-05,6.804080865554643261e-03,7.646151044263366712e-07,6.517109808600707972e-04,6.564543351573612828e-04,3.416065538966279948e-04,2.750762507977636538e-04,2.173525137871630715e-03,3.721019847980605436e-05,1.422835015725281652e-03,3.370289020584927950e-07,5.700223395368998964e-04,8.006673923277084302e-04,3.471791840410483424e-05,3.604631760869797356e-04,4.959131477844539414e-03,1.345916265434521754e-03,1.032159390274295678e-03,1.349721218784390251e-03,4.761145946863859393e-05,1.606658717788145632e-02,8.658529345085813969e-03,3.549081700771431167e-06,1.629843803601358637e-02,1.728570946988666410e-02,1.666277538457771072e-03,6.576256895077228770e-02,6.551875210176618704e-03,1.082683887002339022e-02,6.409500793010195754e-04,5.100059578354215533e-04,1.196658425015741968e-03,1.845748392851938400e-03,5.466662467707950827e-05,1.351445483705932893e-03,2.139611510852678522e-05,1.801196409061513232e-06,9.093552350261066867e-05,2.042672416913504738e-03,9.136249211925856137e-03,5.675073477618943624e-03,7.251099270646780594e-03,3.013626656444777594e-03,1.035670688823158749e-02,6.086402467152095958e-04,3.373855429917989405e-05,2.800273594774505947e-03,9.371041048912750679e-03,7.412537572832978393e-03,5.543274332232674476e-04,1.072481148366812888e-02,2.006017523877982357e-04,2.306444687144478412e-03,1.672481754683739427e-02,3.697164030762305209e-02,2.070298071791147176e-03,1.493870252906198959e-01,6.224339035250066321e-02,8.411112405289143668e-02,1.656457083416798439e-04,6.571016349979683742e-04,7.385809937398591382e-04,1.575402033344020306e-02,9.915206634083810824e-03,6.066173405421876330e-02,1.129865028431211512e-06,3.329793197921625952e-02,1.375130408628385268e-03,1.736850413272569491e-02,2.964684299052999794e-02,1.335221069814603555e-02,4.469375484604395064e-03,1.079872385279681806e-03,1.835073906329511700e-02,2.559414116875591109e-03,1.329636428146292564e-02,1.837005900648423437e-02,7.081578990231155585e-04,9.876048983508037120e-06,4.956910411972338107e-04,2.201544361241360766e-03,2.547837605258417811e-06,2.926212956700764239e-08,4.985280091561597633e-03,6.295601671246531077e-03,2.246703941884476297e-03,6.321242529766941606e-03,5.078971340848980817e-03,4.911432578569885875e-03,2.380578660984250083e-04,3.005523929042994841e-03,4.765579768549521589e-03,3.724644261482022278e-03,9.956993191484947637e-06,2.602920773357342895e-03,3.983936466050986528e-04,2.328175779625188242e-05,3.094585779759980067e-03,5.200130348309878192e-03,4.422749036491380355e-03,6.479043108694177279e-05,3.636429788730349312e-03,2.511770451825757772e-03,1.727604808956517227e-05,5.938992735754976374e-05,1.349167895768359140e-04,1.236488418420617812e-03,6.401245252586958145e-03,4.045522740151765578e-03,4.073545997135270109e-04,1.239480703605073562e-03,2.502941257090019367e-05,2.775604224116341056e-05,4.145111162039191027e-04,2.282423661653161138e-04,1.593954350139143773e-04,4.626894774851760331e-05,9.530308210764219353e-06,1.572027485970413363e-03,2.673450994577663675e-03,2.626898041958665615e-04,1.222607112699791785e-04,1.664972066242890536e-03,6.840289830677570180e-04,2.957866864773378958e-04,2.293308156813833598e-03,1.108524579064315650e-03,8.315398234202723074e-03,2.726445548197059011e-03,2.541698606886140088e-03,8.438671642659722333e-04,1.949593563905433098e-03,3.216136115999535666e-02,2.676012173246897479e-03,1.681651521082566658e-02,5.207651073983504686e-02,5.629746999294405613e-03,1.258435159642000417e-06,3.207409919608838339e-03,2.214730441208740373e-03,5.096111119529582803e-04,8.384662689762700273e-04,3.059539836834912197e-07,9.209134742934153167e-05,5.475291006718840730e-04,1.340830466318725621e-02,5.642140224493047765e-03,2.125781056831382507e-02,1.590104119582462505e-02,5.952260399867529729e-05,1.860555755543799464e-03,3.397691431482489704e-04,5.407732513575953630e-03,8.618710846870112144e-03,1.334886929085751285e-04,5.812152457939309420e-04,2.992447916958804129e-05,5.867730042107528222e-03,2.990549851914397680e-07,1.168442399979784802e-02,7.423662603106981166e-03,7.919040982570628179e-04,1.904444213104370884e-02,7.058049166860864976e-02,8.842725970606920421e-03,4.034908144929843371e-02,1.679474851209541194e-04,7.753244461508369833e-05,2.145329539349410258e-03,1.853866364203708228e-03,1.508644609738129790e-04,1.062058680172630470e-02,7.113299827343546981e-03,4.808068879818321257e-04,1.036142088648573691e-02,1.061083179133026980e-02,7.916967586451110345e-03,1.270716272132794457e-02,5.762156082824977828e-03,6.595321836088063275e-04,1.194098212686073301e-02,8.069615902846704551e-04,2.077365119956454021e-04,3.644341136617241850e-05,1.640588906702271268e-04,3.466798864742442685e-03,6.745130662090657696e-03,6.478368915722045920e-07,2.974003490191926553e-05,1.443488999784065582e-03,5.873263746595607209e-05,7.201226867125363508e-04,4.208726711089609364e-06,6.572439061865090540e-03,8.102395895728737793e-03,6.805975534943021002e-03,2.098765748361406530e-02,1.277503537074892300e-04,4.923885742880944311e-05,1.198346663007990396e-03,9.034790800893175572e-04,1.081788494426882963e-02,5.817508862497936667e-03,5.872616776825909830e-06,9.381293125476903411e-05,4.276164542483434743e-03,3.937358442468069990e-06,2.641190628489991678e-03,3.665871618186929181e-04
4.928442334992177770e-04,3.162537002422071211e-03,1.409043006616258736e-06,9.462939840195528675e-04,5.338567201958635235e-05,2.028577859332643233e-04,5.034838863276921983e-03,1.517006533847852423e-03,4.073900502752391892e-03,6.814627584077826219e-03,1.803695740015613669e-02,5.574620341483899066e-03,2.574929455527520325e-03,5.509953282851261670e-05,5.291184439985007620e-03,1.080123640332258071e-02,8.517673458726478155e-04,7.995356294541051392e-05,1.159352867451298938e-02,1.206879245187606788e-02,6.275007434657509882e-07,1.468019662015925084e-04,1.260054790047669031e-03,1.853319599608907107e-07,3.499559248916347780e-03,2.804474005247383552e-05,7.483987726363388812e-03,4.140962195778445957e-04,1.275221204619929365e-05,9.157625574292136599e-04,2.795572693262712936e-03,5.377435185276898386e-05,6.879194424190044786e-06,2.465577765895750079e-03,5.695531809817816309e-03,3.522950396255508827e-03,1.905833498310812257e-05,1.277612515388695498e-03,4.741747366089232862e-03,6.996128782486826965e-03,5.491050207870205781e-04,6.378797250376264496e-04,3.798817504114861414e-04,1.147049245364815430e-02,2.480749999189795982e-03,7.503070153094816260e-04,2.636638709079750387e-03,4.146602598014130503e-02,2.078262250349273638e-04,1.929632907229601388e-02,2.392003314190978541e-03,2.211607537530247206e-02,2.215459654213229514e-03,6.122013818888939231e-04,3.463136915742449657e-03,2.038413274645867017e-03,2.847920550665807102e-03,7.705563608097247379e-03,3.337758831001643063e-04,1.473816727241061749e-05,8.832210034058524291e-04,1.740977132759777344e-04,8.848361656986448312e-06,2.770136851338026850e-03,5.694526596581359719e-04,7.243304773577660801e-04,1.200725490117266793e-02,9.317223332607605865e-03,5.580035963719290684e-03,2.063306487819967228e-02,2.835597115739343921e-02,3.269754980360249641e-02,3.476236930043750516e-03,2.573696486630022012e-02,3.602818764921187494e-02,3.711361120553145071e-02,7.756872928860419902e-02,7.230504217660699284e-02,4.758997343683828846e-02,6.224339035250066321e-02,2.857276080928526363e-01,7.285407128254679787e-02,6.813453292227201336e-03,1.257542634520444902e-02,4.443593392147888836e-03,1.652535307826935660e-04,1.249174101347747933e-03,1.453566536617073301e-01,2.210399469552456683e-02,3.028136083619041227e-02,1.249757387770055427e-02,1.356986164664382259e-02,2.100253036186730191e-02,1.984081157356498357e-02,3.275351786949140098e-03,2.748206071451353948e-03,4.339963892325097300e-02,2.983019254795910014e-03,3.204889317295246003e-04,1.578257833391117574e-04,2.880517305405066119e-04,1.529743290611423383e-06,6.913616055581797281e-05,1.107338117175930229e-03,5.855133223094143462e-06,5.814101166196898470e-07,5.300152755301166044e-03,6.150208860830873488e-03,2.645829532066894599e-03,5.505763924360800032e-03,1.049062529952505748e-02,7.658359181527510037e-03,1.486060597107283025e-07,9.198401097020473399e-03,4.186723252968399533e-03,9.865594838360629282e-03,6.497743241868170292e-04,8.033010707846106532e-03,1.566169268106917432e-04,4.789081501482647554e-04,9.473813188393940838e-04,6.691785005830408646e-03,1.073505570440500337e-02,1.168191240542520367e-05,1.327281654527492731e-04,3.722290874730873732e-03,1.734190416404013602e-05,1.696393243765087806e-05,4.385384910006611173e-04,4.814902456693574695e-03,5.770857969791565525e-03,5.501272504515429193e-03,3.520299667062049981e-06,1.898248685064215157e-04,4.729876945699899865e-06,3.814396450546502296e-04,5.686880236188026662e-03,2.657167853257782456e-04,7.074092338677259555e-04,9.265904715952038369e-05,1.386767090504679393e-03,6.312078159681303383e-03,6.253952533876503891e-03,2.634671440726627746e-06,2.025635840121307105e-06,7.754025117990770368e-05,3.773663112688559426e-06,1.480919385614271168e-05,1.969198862815097601e-04,2.227067919015066413e-04,1.074712314610143729e-02,5.996638076487821302e-05,5.470716370226698507e-04,5.797533472159341225e-05,3.573329909830950360e-04,7.697956175779690872e-03,1.568644769804579354e-03,7.776325303916881843e-03,4.445475873421687180e-02,1.631240297653607091e-02,1.380162288872061787e-03,1.029819468492611766e-02,3.357263425003831694e-03,1.118247493633157735e-03,4.269962177732906927e-03,7.666853898453159909e-04,6.032305162659190763e-03,2.934974764502987308e-03,2.296416244414033192e-03,1.202593421725098267e-03,3.756981298156605864e-02,1.912806960891740016e-02,7.840579845233194498e-03,7.619906775278617421e-03,4.521348714832284198e-03,2.218039075328785952e-03,3.325020634327887671e-03,1.206411113335048059e-03,2.344076177912583908e-05,5.808432998113581894e-04,1.438119781801311219e-02,1.665841259419002796e-02,1.863356214914019954e-02,1.067571043242066409e-03,4.160915564689111716e-03,5.180377068208902314e-02,2.536649940921409385e-02,1.198673972763217993e-03,6.055299951855351581e-02,1.076938665956890875e-02,9.495432935257718324e-03,1.954613695552477604e-02,1.570772199324557738e-03,3.431964406506502526e-03,1.400587473798396883e-02,4.272614997207910097e-03,1.470241598232340354e-03,8.957478845567921942e-04,1.259793919408287504e-03,1.418386046669861981e-03,1.222070456315958731e-02,4.643555595900302792e-03,1.016563763770608666e-03,6.349338372621485260e-03,1.739129042153392387e-04,1.153802970294009360e-04,5.772639913469966757e-07,4.498572323084101517e-04,5.220850821269489885e-03,4.900731702456075263e-03,4.024172043228207811e-05,1.508707751141761286e-04,1.741918010928500578e-03,6.345077929074065910e-05,1.849064674305830229e-03,2.344076177912583908e-05,7.564203238040755756e-03,1.181860204499736618e-02,3.107459423658743419e-03,1.727566881387141914e-02,2.040749962463595489e-03,1.362260889708882263e-04,1.017924432788924055e-02,5.276010825500032295e-03,6.403852943646036987e-03,5.818487785885278520e-03,5.039757506810851493e-04,2.736321173643351001e-04,3.039617251240513737e-03,1.641644278004163903e-08,6.603577507582235155e-03,1.962822352593986044e-03
1.069696550505846555e-04,5.417506489662360890e-03,1.400022970563228541e-05,1.342772394002014606e-04,1.262229651223238007e-03,4.574114168908671122e-04,6.695730273284414627e-03,4.676435638784522402e-04,3.744912671515001571e-03,5.299369129014902882e-03,1.308704136252861541e-02,7.805305682104209282e-03,1.242340175050341694e-02,1.168793366452423963e-03,3.646501475388043510e-03,4.726670809597021891e-03,2.175136247975700994e-03,6.136138866088602711e-04,5.137379313214425827e-03,8.570170043580991465e-03,5.715363685335273555e-04,6.774870147084980374e-04,1.699053204033666329e-03,2.881271432305022211e-04,5.742229443444078936e-03,2.708329681760914421e-03,1.054080823554524697e-03,6.561128106938213557e-07,1.282707618790258782e-05,2.907770571834566845e-04,7.741277370380967833e-04,1.248523681242740312e-05,1.087350407608051210e-03,8.827893682660177858e-05,1.419987684195412995e-04,1.880066227711843149e-04,1.327581840246265564e-03,9.219107535377537278e-06,2.356428324517261842e-03,2.831046706921799133e-04,7.162586736626529171e-03,3.564454725011492568e-03,2.785582408789948495e-03,3.111279027972284339e-02,2.229036520928100867e-02,5.556003143207912439e-04,4.710490642613849623e-03,3.322808939222583052e-02,1.119069351748439196e-02,9.921393938042651073e-02,7.638378751928185002e-03,1.187104013683423775e-02,8.453841492507905685e-04,8.315691945821896552e-04,7.934242428088977015e-04,2.573781181681725899e-03,1.726228493481654365e-05,6.735205914019549035e-04,3.157441889597206101e-05,2.882462783378364262e-04,1.329208081832643001e-03,8.389679208059218005e-03,5.663903225324279714e-03,1.185054418484462633e-03,4.465851997152861866e-03,6.322108030899655125e-03,1.059950100426646988e-02,3.754435738644304986e-03,2.361278934129187271e-03,6.710832589291689139e-03,2.683902697939879664e-02,8.426071598369975352e-03,3.397100919641111972e-04,1.350237329902438319e-02,8.560501664886014609e-04,8.142552436543503552e-03,1.661690579930457518e-02,4.219458955231252667e-02,1.794169295541034326e-03,8.411112405289143668e-02,7.285407128254679787e-02,1.967440488798989917e-01,9.474401119065494929e-06,1.858485263670641525e-03,9.557509621320718239e-04,7.035545247375586848e-03,3.185042847988945464e-03,1.146380934515885547e-01,3.754435738644304986e-03,7.780211430361240466e-02,7.736399750204916992e-03,2.651520928829232543e-02,2.764699580136564805e-02,2.334766187527924711e-02,2.332043308364539769e-02,3.185588453261598821e-05,1.959166679723766541e-02,3.808835472941528820e-03,1.123509325027576694e-02,1.270866441988975117e-02,5.487157619917009999e-06,1.231486831436446607e-04,8.719491502040348750e-04,2.360035644829868665e-03,1.723168363860961996e-04,8.804538321034830221e-05,5.001942059922090400e-03,8.769763330817791427e-03,3.201414668646155020e-03,4.948592112866199814e-03,1.168583178262157241e-02,5.644582731180560094e-03,1.214990144623906377e-03,5.673747916646596987e-03,9.008895743066333561e-03,4.343351059577641067e-03,9.626177914039330853e-05,2.947152334276982588e-03,8.535435826798486303e-07,5.669764383459386357e-05,4.357905624620165078e-03,4.594730173993047395e-03,6.788607618551405730e-03,1.726065280564296719e-04,1.115350120626124085e-03,2.835295240734341578e-03,1.122564136218522947e-03,3.738557815099628409e-03,1.319948546695091148e-03,1.764658053084158573e-05,7.690665420886600920e-03,2.846833474078803560e-03,2.327947507986143137e-04,5.071049374666232934e-04,2.496011160303335187e-04,1.986770725363222673e-04,5.827489271096633844e-05,2.435136817269396611e-05,3.075454649180283349e-04,1.680533590631286614e-04,7.690030620951211825e-05,1.233486088106245662e-04,2.810982818106992588e-04,1.333932741217089572e-03,7.651113142323698151e-03,1.352498129305619232e-02,5.235011746827461336e-03,2.917101807402264473e-03,2.963807251789772352e-03,2.677351352922575442e-05,1.689288921295647138e-03,6.564700999488765759e-03,7.160423133310435569e-03,3.260241965513180351e-03,1.100380696159070082e-02,3.675479422591758361e-02,4.164212317037776709e-03,1.494862738797162090e-02,5.254924689388156683e-02,6.539388560328499023e-03,2.434690596564429625e-04,8.313464553192598944e-03,6.761837259457579262e-03,1.591412695715122884e-04,2.141279243061040317e-03,5.739246633358009633e-04,6.109913426502426000e-06,2.024779773919004358e-06,8.975987531389522170e-03,4.620365963807915831e-03,2.123722119139244760e-02,1.486679345255938200e-02,2.496783219918476474e-03,5.364524218320736995e-04,2.748891895912897523e-03,1.688576566895232589e-03,1.506145522912431985e-02,7.115466263966129315e-04,8.098472553700148888e-03,1.940049307979606612e-04,6.614320729450833859e-03,2.435647474589402363e-05,1.092335959774464946e-02,9.488809758397139318e-03,2.417229638937583736e-03,1.746651113025287499e-02,1.250646063406213315e-01,1.306615892136764497e-02,7.682942069960914389e-02,1.022884752974991332e-03,7.877725156574832987e-05,2.408217478344953314e-03,9.737757513804403200e-03,2.299203503204889476e-04,7.469027691384595019e-03,5.726518335054986246e-03,2.091219275304684062e-03,5.968973718336876774e-03,5.838001014877411583e-03,8.564783872118657965e-03,1.165488028445766863e-02,9.166283481807658770e-03,2.982806651384524644e-05,6.310390297281262030e-03,1.173584198280539642e-03,3.352661497164110605e-04,1.656502738206350883e-03,4.063132140231371552e-04,1.217512464270129394e-02,1.781834424508529566e-02,3.464830315786901119e-05,1.598035196274073745e-05,8.496763221399613111e-03,1.269215361051522200e-03,1.158763102344376184e-02,5.610913256755004552e-04,1.306449885060269539e-03,9.052547889458365665e-03,1.275138223927628272e-03,2.256485962151383307e-02,1.940049307979606612e-04,4.219216085159243506e-04,1.167461729959307776e-02,3.385981707141411112e-03,1.215448318674170088e-02,1.125684859048137199e-02,1.757293048636416396e-04,8.086290451229495926e-04,1.452708731762496035e-02,1.065095022471148213e-04,6.691490201317790154e-03,7.369629759831599269e-04
3.651469054687234953e-04,2.238760361466802357e-04,2.088551359885914866e-05,1.534345318807021690e-04,1.824210609909190798e-03,2.181558422824666880e-03,5.268832344080531522e-06,2.022120294564036075e-06,2.350199415263777399e-07,1.135177952658051421e-03,4.457445183639881876e-05,1.560993413016348262e-05,1.547251815203635854e-03,3.818970499470440927e-05,5.725884636825508654e-03,5.346493918384394479e-03,1.060104725380704504e-04,2.775744475090386579e-05,5.965003584750280206e-05,2.788459510203309798e-03,2.303039589064419419e-03,3.279917896794246317e-03,6.433367422143942147e-04,7.742294462200068842e-04,3.538021758040532389e-03,3.934952954101835106e-04,4.963809706091511231e-03,1.243378809318296946e-02,4.013577640935308785e-04,2.303394556487113392e-05,5.761513321409388132e-06,4.952286417299270847e-03,9.258734455573854050e-03,8.956834007160793115e-03,3.993846562219081735e-03,4.436629320699701264e-03,4.395391646190815203e-06,1.443146058536219026e-03,1.821362202500826364e-04,1.132649449733927268e-04,1.016506160198009292e-04,3.255995393511493924e-05,4.047437286002082946e-08,1.795867730855300794e-03,7.711116167889825153e-04,5.234188149999904720e-03,3.240790879129115676e-02,1.310394071796501135e-03,1.212539598290150007e-04,2.893316466891752850e-04,1.200875597219694824e-03,7.875804027025907691e-03,1.156976444890166255e-03,2.902916280844828906e-03,1.880285332071634933e-03,5.048544932205337524e-03,2.182729760330526410e-03,2.641448600951762978e-03,3.798494806438353511e-03,3.501051166692486886e-03,8.062969544421914794e-04,1.668555357360063367e-03,8.784953333829980879e-03,7.261961765237723223e-05,2.523928623760123349e-03,3.199905194054322157e-04,1.096504840140524870e-06,2.426045819592042609e-03,2.822054774029815667e-06,1.486222040587269041e-05,1.566863422942261228e-03,6.374571823757315607e-05,3.887855276862790897e-03,3.227529641026488189e-05,1.357076618116412337e-02,1.667949898488196338e-03,8.958863443532615707e-05,1.212676198664804844e-05,3.892765867071512642e-04,1.656457083416798439e-04,6.813453292227201336e-03,9.474401119065494929e-06,9.034181220561590675e-02,3.063158141942386864e-02,3.554485520768193435e-02,5.224772467492638101e-02,3.795078694251628748e-02,1.697064329896995696e-02,4.058307610914414082e-02,1.726470678722191591e-04,2.529673835306060423e-02,5.870869886723482749e-03,6.102128791554231081e-04,1.914763920030151251e-02,4.371139789072313146e-03,1.081530670745328021e-02,5.620294873844780678e-04,5.236105638727202001e-04,4.955811904335758605e-02,3.332533020691912790e-02,4.491387767685875703e-05,2.793579058854068239e-04,2.501050425925676953e-05,1.069876933941140557e-03,9.781985297123143783e-04,5.649896911033229063e-04,5.199116543896210295e-06,1.992388813684876185e-05,2.776544946166583668e-08,1.723854185010878124e-05,2.655999071612066029e-05,2.460218076549517286e-04,1.008057797354474467e-03,3.077001023305888684e-03,4.539957802553976247e-05,7.227979894596303981e-04,3.104010876589664066e-03,1.359182012494034898e-03,1.248065499799469950e-05,7.330861397545410368e-04,3.276345827370773841e-04,1.003923090068733020e-05,2.953428527427655933e-03,2.734643542302464796e-03,1.201347212795916483e-02,1.907899114177942067e-03,1.492788400938108241e-05,8.283386365478852265e-04,7.395082777085810067e-04,2.400153310109783694e-03,2.554075625388693032e-04,3.981236815185113466e-06,6.701549132054194190e-03,3.763509787280330723e-03,3.571275482249168607e-03,8.262572822978046100e-03,3.034596471769963021e-03,2.966600229043639316e-03,4.317164353359988042e-03,2.180385738300399945e-03,1.305929964100808246e-03,1.905585927553714938e-04,2.941027518277584182e-03,1.803227117044347867e-03,7.811380821744726176e-05,4.201452884316022174e-06,1.516953396776631654e-03,7.891171321469204547e-04,3.071066655018844186e-03,1.937108139762846364e-04,2.609235519316391652e-03,7.379540334945373925e-03,2.587740299948229226e-05,3.302692617571672162e-04,7.873606891973731862e-04,2.726548364444839007e-06,3.998957929511692475e-03,4.908063466030235071e-03,5.189495895125429206e-03,8.444003784496102250e-04,7.332196196890287086e-03,7.720067693702953315e-03,1.053955984841244880e-03,3.088706265440476439e-04,1.985911798710358954e-04,4.271845175843058673e-03,6.300711332712924558e-03,3.291999204585625231e-04,3.462533583197468460e-03,3.332443682615092282e-05,8.565462414454182161e-03,3.872716059009102338e-06,4.479786714656210436e-03,1.540726120474674365e-03,5.294948186899604386e-05,1.149484335992797149e-06,1.658083170550376693e-04,3.633284282995805363e-04,3.525477353521947019e-04,5.772490900105876031e-03,2.601762664882592319e-04,2.647533545533081582e-04,8.382694311832519654e-05,8.722176478098479097e-03,1.747007706012926147e-03,9.517911490438352520e-05,2.381348369265293754e-05,4.065933489217601389e-05,9.197270098699522958e-03,2.846829670686831792e-02,3.086467099902100858e-02,7.760447855125349181e-03,4.909388124280953357e-03,1.081212578958953710e-04,2.870590168160410197e-03,2.271790311798828170e-03,2.440570466072289682e-02,3.355166878312097062e-02,2.975279899379272563e-02,7.706680206692773615e-03,4.435801491118650046e-05,1.286344538862860460e-06,5.201395482403808022e-04,3.634100343413674015e-05,5.949019172536500980e-04,1.427545434168876423e-04,9.554634938190677057e-05,3.346387388209302605e-05,2.460824698893569230e-04,1.368016000732242719e-04,1.213675857027227774e-06,1.069589676313596802e-05,2.771536239290217640e-04,3.013259774767963690e-06,8.801031952343315969e-06,1.500919484185022723e-04,3.206547648565018878e-04,8.675173595265458858e-06,2.369117789980421747e-04,8.899504483676435793e-05,4.445739222675140247e-03,5.639635469842830704e-04,2.758377412651272643e-04,2.748810407923051209e-04,6.926781003985398449e-06,1.494443378778444004e-05,2.090613266013923944e-06,5.325798856597572199e-07,6.916655780323394097e-06,1.072876716713451559e-03,3.306522017225018936e-04,2.547055023719697973e-03
2.100039933919293621e-03,1.927431057558899065e-04,4.924044745352149392e-04,2.100407040617427055e-04,7.386243042885547562e-04,2.642765128012355535e-03,5.802747237170150082e-04,1.448908301905418037e-03,7.561435451305372011e-04,1.073690971732491973e-03,8.078505659356285864e-04,1.267541373457135509e-03,4.939424463905567157e-04,1.836660443622269475e-06,3.024466307181560096e-03,7.741704872659175250e-03,3.257073297495114187e-05,6.700317196503794857e-05,2.106449370786433930e-03,6.521192385981140587e-03,8.614555253757180935e-04,5.488836070485414356e-04,4.804794335333358772e-04,6.286947298867951090e-05,7.821223000793610760e-05,6.217361283645687691e-05,3.544164920668512603e-03,3.250671731881469174e-03,1.019021780068234346e-04,2.323700426610552977e-05,3.782526738649739494e-04,5.791366703997030425e-04,1.668498759964472458e-03,5.265076240758530778e-03,2.127275974893365340e-03,2.127311137682203097e-03,8.605386601146433872e-04,2.611177279386794631e-03,9.742724316591406001e-04,1.331106500644354184e-03,2.024197689131726090e-05,2.312127574186954127e-07,1.423640809164466873e-03,7.315047709047902346e-05,2.393403869628329527e-03,6.268689247466174320e-04,1.168009175938471318e-02,7.989330804045992329e-03,1.908776769881365251e-04,1.550970853432050378e-08,1.243574749910550436e-03,4.197216885545738442e-03,6.606851303227923196e-03,8.785952951014263518e-03,1.878992099459071089e-03,1.852668277421034952e-03,7.045766497372874622e-04,1.074753664018165879e-03,3.985821048691433983e-06,5.207820787461322435e-04,7.551468074393203169e-04,1.582049023043210275e-04,9.807482369243180481e-03,2.310718445375792578e-05,5.958447006663079555e-04,2.723953191753641336e-08,9.875766804039384783e-03,2.155564643636765851e-02,9.627466256676221398e-03,3.654318164819706644e-03,7.817311488223337699e-05,6.243686328130925453e-04,5.938567103723457188e-04,6.879893275855905599e-04,4.663256996126837611e-02,1.521888558385776219e-02,7.441031294289323673e-03,2.273124578682817008e-03,1.257441480894225423e-02,6.571016349979683742e-04,1.257542634520444902e-02,1.858485263670641525e-03,3.063158141942386864e-02,7.826856848932771393e-02,1.993201281890913043e-02,2.836785294405524960e-02,3.783916390566796628e-02,2.082998891595602003e-02,3.140874534419763747e-02,2.397984885837224026e-03,1.292847628480861544e-02,3.467395887588278335e-03,5.403048142830870100e-03,9.747353880966702633e-03,6.743882686137599733e-04,3.526142048735167065e-04,3.311259850424611581e-04,1.903796508251450544e-06,1.889064336412868417e-02,1.552874218701662777e-02,3.656782919436736811e-05,3.346832057670539836e-05,5.192717256020191762e-06,1.903299133472465346e-04,2.276758414178328878e-04,4.463358919436424138e-05,9.957264756817534816e-04,5.507729417516604243e-04,3.888645576025361343e-04,8.428011446724855901e-04,2.061475805548597376e-08,5.425482479161186612e-06,5.343127769356125281e-04,5.311943140175863498e-03,5.294140101190450301e-05,3.216169383873127355e-03,2.042318992693767030e-03,5.315655331795155446e-03,7.048005879750315283e-06,7.546946412841725555e-04,5.378372108565705604e-05,1.160562095104570235e-03,4.965338465394412808e-03,2.752569976106694020e-04,6.110438248364713498e-03,1.496942624514896415e-03,1.580711132483283022e-04,3.898457441470692063e-04,3.533575060517536682e-04,3.962960064547567558e-03,2.157833227898431523e-03,3.656782919436736811e-05,3.759428426302021992e-04,1.495160959127265175e-03,1.989398934156879478e-04,1.400055595565629024e-03,3.217667608651296040e-03,2.187567653839837811e-03,1.740399271384086811e-04,2.485615701839138068e-03,2.642765128012355969e-03,8.074349424487700612e-04,3.431150028027116650e-03,3.087507593237340947e-04,2.117240833340027271e-07,8.250971151820575816e-04,1.958756897583730297e-03,4.010835719232069764e-04,2.019980623417165682e-06,1.155818919023160821e-03,1.823795198442166579e-03,1.012628680172462632e-03,2.090576536970143666e-04,1.661252474083185630e-04,1.470748244090039217e-03,1.778896201358090410e-05,2.905961781617674537e-03,1.877437934182485954e-03,6.665547196789225505e-03,5.541543718328205415e-03,2.042725306650413838e-03,1.770979649160010425e-02,1.401350907779194905e-03,2.457383329815036551e-04,5.002402685846452091e-03,1.642594460746946497e-03,4.442052636467577580e-03,6.414381158431221299e-04,2.642780215730841133e-03,1.823033256986715436e-04,2.912842096696853511e-02,1.209675118112915441e-02,2.489394817028725906e-02,7.330127155144508923e-05,5.919334663931894759e-03,2.644656519361031181e-03,3.842379582495465424e-03,4.441953956035038682e-03,4.929581626737432288e-04,7.004855699876082758e-06,3.007779978967216322e-05,4.483542121475223192e-03,1.033490271442818282e-03,4.400725466970159018e-03,2.185709784469213636e-03,2.101153440196244174e-03,2.927455599428697844e-05,1.174425971627619450e-06,6.109543411897223192e-03,3.074216379857318965e-02,1.976002683077254102e-02,1.762592970877693843e-02,5.964737910004441930e-03,3.393880438491565701e-03,3.676861566788540436e-05,5.849266000269901081e-07,1.195353607885367604e-02,9.930979800255245252e-03,1.257316415993383826e-02,1.931287761847291480e-03,8.989598635362704409e-04,1.143903321191196561e-06,1.907782796037554678e-04,4.271293805474801340e-04,1.694526368625707017e-03,4.060648325748775001e-06,2.622556270186408140e-05,1.360587957855956677e-04,1.276237469115724211e-05,6.808588336872855803e-05,5.946423045573191213e-07,3.664221661642776324e-05,4.070125363506771002e-05,1.017024201178878893e-04,3.304180124203202722e-04,3.771348370068960281e-04,6.245544131971084026e-04,5.787346806815773929e-05,1.825229671278905770e-03,5.803244019322656910e-04,2.186854583107220723e-03,3.295604391542889791e-05,1.761351136396188875e-05,1.032900999262494155e-03,5.322705389812932425e-05,4.663025365876631188e-04,3.538900394944323436e-04,1.262471486924006868e-05,1.019839660286017734e-04,5.800850126057264535e-05,9.176041504606905971e-04,2.548240239954507446e-03
1.063783655712237887e-05,3.083344521491193126e-04,8.972116859992832025e-05,6.812078660007350695e-05,8.382911104969201568e-03,8.328758373804472093e-03,1.177567255528665738e-06,5.408922064206518908e-06,8.987625244695530719e-04,1.660990733963473595e-04,3.079788209467022040e-04,2.204908725710648992e-07,5.069387605827800972e-04,1.224621756167112858e-06,3.262811934617851437e-03,5.555689386111458718e-03,1.053130788920362545e-05,1.748529782048953126e-03,3.422255947576833537e-04,7.570170794126681929e-04,2.568902151584077920e-02,3.836358726972485117e-02,2.488014553274869693e-03,5.073117708642093607e-04,4.250595402574013082e-02,3.811994937269333732e-03,1.409298721640613386e-02,2.889974260358491726e-02,6.969761629933947206e-06,1.998057325653141033e-04,3.086267114747368685e-04,3.250561901321829573e-03,7.932971242049309882e-03,6.709632344519467738e-03,8.270706704459779637e-03,4.486765488760114176e-03,1.905594651347483799e-03,3.468877146965992746e-03,4.460560348350178181e-05,2.395100058908143387e-03,5.999044509584723216e-07,6.811052679200728377e-03,8.326801727138306158e-03,7.228662516435373046e-03,7.281434194237967547e-03,6.067087597188987151e-03,4.927458374467742763e-02,2.923764064094866362e-06,3.767752879245769046e-04,9.028801643759975376e-03,4.394913039277473059e-04,3.998703071405734777e-03,4.054120315698425388e-05,3.531077390362772359e-04,2.449955146717024240e-08,6.209415112803057940e-03,1.932238699083382296e-03,4.141296295300458822e-04,8.393123183224503116e-05,2.184808303958176242e-07,5.311272869810773449e-03,2.939495412169187104e-03,6.369099326533174399e-02,3.250566881262443100e-03,3.075851592441891658e-02,5.797463550565339535e-05,8.988806284659442295e-04,4.526633515460863622e-03,5.541998381339765557e-03,5.073998306580719065e-04,7.217484025582532542e-04,5.880748846660115040e-07,3.301589639012033131e-04,3.315665960867921256e-05,4.898283277300252703e-02,1.615823705448816289e-02,3.180117901597837721e-03,5.453988645126041041e-06,1.704409664610311015e-02,7.385809937398591382e-04,4.443593392147888836e-03,9.557509621320718239e-04,3.554485520768193435e-02,1.993201281890913043e-02,1.970120781298094481e-01,1.372685395226234395e-01,9.948226860462706933e-02,5.088109317178130496e-03,5.010911821865613597e-02,2.425078104282066705e-03,1.364675504900310365e-02,2.177090059118761713e-04,1.507773756805394963e-05,5.266356735458367633e-03,2.088533493647367939e-08,1.987645964842381895e-03,2.031951723136184946e-05,9.569962213804627323e-05,1.334316016526631288e-01,8.957685062139181253e-02,1.074170568054801924e-03,3.150478112414915443e-03,3.300897143519543428e-05,3.416740342308468713e-04,3.112715488841550412e-03,2.274366796837696408e-03,2.952258030644800205e-05,6.270807065884708321e-05,2.177200546264402756e-04,2.344761805671584045e-08,5.794825295899905465e-04,3.394149160090226616e-03,1.379537374893121662e-03,5.917681139127715581e-03,1.824653285583484243e-03,4.781592723965403559e-03,6.461230674907942131e-03,5.729530047416286215e-03,8.963819907603549377e-05,2.681395086903877369e-03,8.082419946158149633e-04,2.273141825635881339e-04,8.812737763761815685e-04,3.132395773927665328e-02,8.471899641247267188e-02,1.243597779300318652e-03,4.661686031091844874e-04,5.920290385394124527e-03,5.680988952215340962e-03,7.826091037050543486e-03,1.284691983203297013e-04,1.997010186925053524e-04,2.158677487686264107e-03,2.939292814615144904e-03,6.096896107243335826e-04,6.916251060899305560e-03,9.706714850293406832e-03,5.981223080375910710e-03,3.286115031285903598e-03,7.994594606691666355e-03,6.209974772950235117e-03,4.659058656077760146e-04,3.467369279493484006e-03,9.177108381845461510e-04,2.865368012213748324e-04,2.939291245706274029e-03,2.611988700130399386e-03,2.303769007534897401e-03,3.615503267896174374e-03,1.016973744846548326e-04,3.614889449685639456e-03,4.159055317252136064e-03,1.377826964697322857e-03,2.317277525129852192e-05,4.393654000029404306e-04,5.775864628809856093e-03,3.768690735812030876e-04,1.998648763290750705e-04,3.304918747435115975e-04,1.430180312156406597e-04,3.007329706236435210e-03,5.634961929831516433e-03,5.427605044606589525e-06,2.628103219415926943e-05,1.157410154862803129e-03,6.616175945257417659e-03,1.134918699280533863e-02,1.034019181846590474e-03,1.779110293661436554e-02,4.890038847610969538e-05,3.960892446232293015e-03,1.911738716106805159e-04,7.769657072856832672e-03,4.873975297954407493e-05,1.448308393623482480e-03,3.076109792471016374e-03,5.993807220970515358e-07,3.504758684887742618e-03,1.987252561169205838e-03,4.394806547307239151e-04,8.683471650566355269e-06,1.114864462879354250e-02,2.160263301767266325e-07,2.998819860420522815e-02,2.244661389192278457e-03,1.878786336242102215e-03,4.280853926083964117e-03,2.952844751527973914e-05,1.156987652129176777e-03,7.164254243716515480e-02,2.943920160177323012e-02,1.237382107322563575e-02,4.824244619228517522e-03,2.128387830625051193e-03,6.954463705774958938e-06,6.767173508920033527e-05,8.006994505908628101e-02,9.366432968907975609e-02,5.914476683038667054e-02,3.983042984371976125e-02,1.961440457269405694e-06,1.960910422729874364e-06,4.878163338874149285e-05,1.940623837692049282e-06,2.954807609270463924e-05,4.932128851327815568e-04,1.178137177966031776e-03,5.338522342371125189e-05,1.953741021676263132e-06,1.977291814917430976e-06,7.837401682371224220e-05,1.063271037144912090e-05,2.632047293707866841e-05,4.058658324047714858e-06,1.618552560381208982e-03,4.526815764291607222e-04,2.974822122813412773e-04,2.382723422780545867e-08,2.499926538987707578e-08,1.033706650642641015e-03,6.658287157994028163e-03,6.565913904317334819e-04,5.434010127494505434e-06,3.078094338581962024e-04,2.625920657914486669e-05,6.770528461687832708e-05,1.913019958541882059e-04,2.146141604509410082e-07,2.176149251963414425e-07,5.646115802155900025e-04,3.190648813292526129e-04,1.719788913564926922e-03
8.613521651100176541e-06,7.927473222962665026e-04,9.290538504569589493e-05,1.070650479410055142e-04,1.728708443200652548e-02,1.868276997357877153e-02,3.494235646113414556e-03,5.174096849334316328e-06,2.544591854799065100e-04,1.750760188985954458e-04,8.254127161526655758e-04,1.321924109059970185e-03,3.206293770967032219e-03,2.982939313619403440e-03,2.001186141510844126e-03,2.107367483701778465e-03,2.341940902189666111e-03,5.457945883137430010e-03,1.762272992425191020e-04,8.858903050431698317e-05,8.152817282301464893e-03,1.989162712682487899e-02,2.119689475415209817e-04,2.253798866601641521e-04,3.470280132316066329e-02,3.994423608461443215e-04,5.195755040429027131e-03,2.742571955270884168e-02,2.364305098162931482e-03,1.828055030950327241e-03,1.148820784388902404e-03,1.100717521482193206e-02,1.521390287832244913e-02,1.669182138688143219e-02,8.363304050020546956e-03,5.424212332423441509e-03,7.905300659223500961e-03,8.990912485043696389e-03,2.547665398557675859e-04,7.626868352073141663e-04,1.591391248434595321e-03,1.126342270148682212e-02,8.196313420800554334e-03,1.760451092398001086e-02,2.017734749741897926e-02,4.980199005962491175e-03,1.111346537868326406e-01,9.618534534113564014e-05,2.068179351018344884e-03,1.963096278742861370e-02,1.640599227191734139e-03,3.073031168976501134e-03,4.885817561915172712e-05,5.058680595847151578e-08,1.518314045710439874e-04,4.403484468262304342e-06,4.639536766089659252e-03,2.563330032905596653e-05,3.959634081615874719e-04,9.901508490995996302e-04,3.951064393271003228e-03,9.931066262040237277e-03,8.632990649480862255e-02,1.329129732394353138e-03,3.014783989250297003e-02,9.399737422492602992e-04,1.716387303618664435e-04,1.499771809192258255e-02,1.090322235892522695e-02,2.290729873119238180e-04,2.480190788168703218e-03,5.581705536171065619e-05,3.799281758542227431e-05,3.854649520981553692e-05,6.192616967507130060e-02,1.313422351539009041e-02,1.078413871029422570e-04,1.713113453809817898e-03,1.006070172092927810e-02,1.575402033344020306e-02,1.652535307826935660e-04,7.035545247375586848e-03,5.224772467492638101e-02,2.836785294405524960e-02,1.372685395226234395e-01,3.121186133265690943e-01,2.121550327133657765e-01,2.383413601969658010e-04,9.172691254112187720e-02,2.535554656605767780e-03,2.956400390390979266e-02,1.221988974352566383e-06,6.058772588313239733e-03,9.264857403480271369e-03,3.474137388642872179e-06,5.856363363645274329e-03,3.201524089677311880e-03,4.185943651888211835e-04,2.440465802470530299e-01,1.810525739934150391e-01,1.149413794628553927e-02,1.194692526177452800e-02,1.497210538267070739e-05,4.620402042926850648e-05,9.900889543410906074e-03,1.037631265319974988e-02,6.044777774028958425e-03,6.644188314018787192e-03,2.017703160161164310e-03,2.816944364433036311e-03,6.748842271688522930e-03,1.095210750296244859e-02,1.097477730597643496e-02,9.184295586264195482e-04,8.880461783512904814e-03,4.028302688095557410e-04,7.901269129350452919e-03,9.246392584282652188e-04,7.508593307536369239e-04,5.736519754864818042e-03,4.297663773700266358e-03,8.867165245141255588e-04,9.408784845956402266e-05,1.072292367738372949e-02,6.509789611150186561e-02,2.198402739810584447e-04,3.515613006271740512e-04,1.164976799970048179e-03,6.908477835379031465e-04,1.457309381856069282e-03,5.489233351125702778e-03,2.124631079464521481e-06,1.226247996422350287e-02,1.029715144853254362e-02,4.544149523189190687e-03,1.800451132261321474e-02,1.338330820717974039e-02,1.486866829571305802e-02,4.191489883182767870e-03,1.619960387557075471e-02,1.034579221671776475e-02,8.053330993590176318e-04,5.271403847896671303e-03,8.024456068722573613e-06,6.270647989516447366e-04,4.436049518396628644e-03,1.067208948694220449e-02,5.673866904059958471e-03,1.086151296839257298e-02,5.258175993862503061e-04,1.093699632732638566e-02,1.510953985986123599e-02,2.941739608565080238e-04,2.632816425552185892e-05,1.813012563756723075e-03,1.340046432796808754e-02,1.772343642414221437e-03,1.382884585043274699e-03,2.919424124074232116e-04,1.427188892900854407e-03,8.412635862455327762e-04,3.086589741024940454e-03,4.444956073654044630e-05,1.429497652225430841e-03,1.678051530098737540e-03,1.198146741334378367e-02,1.742531999251325722e-02,1.382884585043274916e-03,2.340311309715723681e-02,1.057767983786007558e-03,3.457903620349415301e-04,8.758965048266841220e-05,1.792641177616736275e-02,7.497853909587673046e-05,3.186594166512744190e-03,9.755163364652638669e-03,1.722872269189040274e-03,1.481087550439198069e-02,5.081757525061992263e-03,3.317744310119596311e-03,8.977994070813358858e-04,5.904417227466190327e-03,2.042735427317117256e-05,3.841096652652143534e-02,2.663049904280949154e-05,1.723880629913619267e-04,1.542085665514850677e-02,1.376598319626862231e-03,1.802688289162110303e-05,8.203800570022262706e-02,2.892417500737161362e-02,1.503195036214994597e-02,9.435773410399131075e-03,2.864408392527142486e-06,8.376009041085033177e-03,1.106868266779176616e-02,6.647214211620820767e-02,1.336216586688606378e-01,9.799483699080616117e-02,4.338386927207691507e-02,3.610534570811363766e-03,1.536405942587469901e-03,1.811038862673416781e-05,2.388388709006978531e-03,4.389463546654533187e-04,1.014375955014296192e-04,2.453252222512904103e-04,9.287433080422793894e-06,5.443817156432004861e-06,6.041830071550750338e-04,3.264185449603018241e-05,2.047161191532153194e-05,1.194722727001455405e-03,8.654963549610660517e-09,1.016437826314885899e-03,4.914899460487634269e-04,2.053039405991911957e-03,3.654390444866098260e-04,6.706875565373574292e-04,5.030935381938036154e-03,6.068886921754822542e-03,4.012626071276337791e-05,1.904147098774770558e-04,3.497827249113971649e-04,1.770299978388134750e-03,1.900142479603139439e-04,8.032069801081065386e-05,1.190252748992152277e-04,3.639498582508816265e-04,1.071455267554221637e-03,9.637825904211089992e-05,2.768400751922279936e-03
5.487826356572261491e-07,1.575218161760086528e-04,2.843477200154821797e-06,8.053439726640441738e-04,2.548885634762599120e-02,2.401523652951630117e-02,1.653640267723469970e-03,2.501835838375067824e-05,1.334747082693699821e-04,3.442186542063706387e-04,4.065966683682937155e-05,1.986033827896020731e-03,6.988352167520738359e-03,4.835682716737307527e-03,2.076779516564020622e-04,1.949516340547535363e-03,3.475593234568209386e-03,8.435393791553079390e-03,1.109938364131552172e-05,1.134520597681379052e-04,5.771656560426172925e-04,7.526759122901722707e-03,2.444791405635341483e-04,1.213841121611660854e-03,1.092910250923732896e-02,1.599379518191121851e-04,2.041174256422484574e-03,1.174905289664444040e-02,6.063450635086606311e-03,3.086502232652285540e-03,2.560581513775828447e-03,1.504347150685621769e-02,1.356327309903619487e-02,2.268859802845550958e-02,1.272801910468072950e-02,1.016571170936455409e-02,8.948844669456144235e-03,1.347575896878498020e-02,1.152329123113795314e-03,9.245303008852014462e-03,6.200254859800882930e-03,1.211856132676954537e-02,1.547878584103737180e-02,1.009279533540866428e-02,3.350001434297817521e-02,4.114910769217048399e-05,7.996418347828901374e-02,6.668389167843138086e-03,3.171691604650198754e-03,1.810836006224341571e-02,2.604767310521359947e-03,1.872310180553056957e-03,1.018744405940500347e-04,9.640431928896611315e-06,3.480451740413810137e-07,2.405580461283637526e-04,1.280623532701461245e-02,3.104162204849389450e-05,3.806442394085382975e-03,8.021184068765377720e-03,5.705183894985981115e-03,1.576400493240836739e-02,6.415511052817875204e-02,9.985003581788647259e-06,1.416916379330985382e-02,1.890622623236985680e-03,9.039363899173393424e-04,2.818976441181946999e-02,1.636727721810803809e-02,8.171197381371448796e-04,2.785122956973387723e-05,2.487699338707927924e-03,1.205620326360830850e-03,4.216593865122119789e-06,1.012707001025326264e-01,3.541350516511566904e-02,3.353665846672589275e-03,3.833978567956092894e-04,3.497995877142533877e-02,9.915206634083810824e-03,1.249174101347747933e-03,3.185042847988945464e-03,3.795078694251628748e-02,3.783916390566796628e-02,9.948226860462706933e-02,2.121550327133657765e-01,3.215167892084067058e-01,2.258954605866661178e-03,9.452468394043433975e-02,2.014306296208092772e-03,2.434605024274459628e-02,6.690180382395718023e-07,9.616772050559390869e-03,1.096350982687714637e-02,1.641700024120525949e-03,7.515212691466854542e-03,3.535659237606521938e-04,1.491430127752620951e-04,1.379298117359191167e-01,1.616155165269249072e-01,8.816247006459590821e-03,1.036251651011704800e-02,6.481910130548992042e-05,1.877526665146894561e-04,1.195772180164364137e-02,1.149220623971866292e-02,3.733783313017516921e-03,4.376450871279370311e-03,8.837324964724223384e-04,1.172095882845625332e-03,1.276203089490627642e-03,7.991573305818622242e-03,1.063432753927691723e-02,3.350416279916039290e-05,7.659810975411093445e-03,5.250496142739332402e-04,1.066250096505669265e-02,8.590028653384465009e-04,5.264823361783287645e-04,7.977800639426973345e-03,1.950745097635878588e-03,3.243948500398077328e-04,8.020091411312165342e-04,3.524218460017771240e-03,3.332300363066749427e-02,2.483379776269890919e-05,1.280842503370600328e-03,1.598447840307882324e-04,7.697699026456677465e-05,5.623970686178681854e-04,6.696718355118245515e-03,6.277963999225128893e-06,1.106533600033168634e-02,8.881139155377098041e-03,5.993922098431642663e-03,1.854453809602346626e-02,1.705109665072803565e-02,9.794464694229910659e-03,3.677171252360805342e-03,1.817827021393677786e-02,1.545298889673592420e-02,6.542105585285022153e-03,8.172818753371176304e-03,2.777540748453435839e-04,2.165376891018910670e-03,9.119641268011634966e-03,1.259413071894600542e-02,3.754321715749121130e-03,5.729882830685349877e-03,3.672388032546803315e-03,9.111667984580478288e-03,1.769342069220043723e-02,1.598751311980159013e-05,3.286911819676054542e-05,2.333526245737648809e-03,1.056737837168750076e-02,4.110555133329858198e-06,2.318449236684174634e-03,4.262127423078514322e-06,3.662821021438846490e-03,1.408796541874324465e-04,4.185779049561866479e-03,6.314336965662566440e-05,1.555983451165756162e-03,7.541627835378521098e-03,1.353040833325160758e-02,2.184357334990992203e-02,7.096964285371655870e-03,2.326665023119741521e-02,2.921672605661884085e-03,2.901220053624767314e-03,1.096401084045936959e-05,4.518405407405014229e-02,8.311131950885865846e-05,1.191471273455131652e-02,1.218091336982806555e-02,4.560316670906008289e-04,2.978231379707668366e-02,4.515764809472444172e-03,2.242792588329985712e-04,3.542815018141681998e-04,2.122668652665634509e-02,2.648274967698811214e-04,4.252719144235271587e-02,5.211247393902454506e-03,1.277262088651882422e-03,9.378109844174625093e-03,1.847852068567185872e-03,2.632718108998208500e-03,8.892589252299477887e-02,2.970982354484677859e-02,3.343369492696581652e-02,8.201992447538742140e-03,4.951285013614487723e-03,2.265822363353277389e-03,1.361260925025192282e-02,5.509732700232743141e-02,9.939039990592939133e-02,6.536951331794324527e-02,1.822512562980895673e-02,4.599785398170662572e-03,1.361052246438099276e-03,1.317831954881531261e-04,2.661955655798604794e-03,4.253104954137009266e-04,5.189947427678970457e-04,4.119233703882614226e-04,9.887238115002763290e-07,3.312229997508388854e-05,1.291215552514404091e-03,4.990004054458168259e-05,1.033587999246355896e-05,2.001024632355763357e-03,7.637603776541899763e-04,3.927564601285491049e-04,5.755887424198197731e-04,1.238014835542499944e-03,1.832803577321820865e-04,2.897667151746508626e-03,8.752444761116615762e-03,2.654252985656963774e-03,1.533425275050428159e-07,2.268309013681833752e-05,1.770997194476509019e-04,8.231478091734421030e-04,8.032424171689270254e-04,2.639339193744731399e-04,1.474742253803738872e-05,2.070008383585466639e-04,3.199170964306449159e-05,1.034402165718307397e-04,2.353912666420626687e-03
1.177246146260060768e-03,3.432844881593192544e-03,2.190447993199013771e-05,8.457142552451430697e-04,1.658294257787130011e-04,6.350287663474873598e-04,3.716453837610782587e-03,9.513983510268745605e-04,4.111574561376969868e-03,5.971702250962772004e-03,1.147953920943786676e-02,6.991695763330614891e-03,1.384382600749024805e-02,6.142007976112928916e-07,4.691074298155736150e-03,9.816344056453825406e-03,9.564757229493127530e-04,1.974730530788231951e-04,6.568755493148422178e-03,1.381568253529160024e-02,2.981489820016240927e-04,2.619153470790789045e-07,4.062025062735969555e-03,1.726396627773228091e-04,9.324983965088401135e-04,6.745533468987001315e-04,2.031346840363065873e-03,4.530531261595744058e-04,2.457133709225676101e-08,1.175289418070769995e-03,5.698729978174048956e-04,2.192042075696867126e-03,6.583210702484462891e-04,3.164617076485913734e-03,9.649609224647387679e-04,2.359147590061476483e-03,3.202089630505623701e-06,3.284604307334717675e-04,3.046192299379644423e-03,9.514186485650857417e-04,2.936192418337713658e-03,1.763483681524219806e-03,4.608693809586473676e-04,1.793486753601958653e-02,7.107445207470319132e-03,1.809845070315092537e-03,2.495328363332231451e-06,5.927473736909429081e-02,1.175289418070769561e-03,4.892207015972524498e-02,7.760823216919956850e-03,1.907028552712840969e-02,2.486861456353703457e-03,1.625645336381276130e-03,3.570799213685420422e-03,6.293113093106160287e-03,2.755245237720560167e-03,1.068112538314933992e-04,6.496783412097136912e-04,2.311785941010274705e-03,1.526566244862366311e-04,1.642841099791820560e-03,1.420782278387997108e-04,3.461137481070585692e-03,1.657173519225230368e-03,1.120249838844424289e-03,1.826251864696170485e-02,8.607436116885074096e-03,3.067031062698815768e-03,1.074105542995359985e-02,1.042089283995243677e-02,1.213254520144679133e-02,7.637543058260698377e-06,7.585198441217573355e-03,1.968238960499469475e-02,2.827807973969579183e-02,3.461552622716019406e-02,3.663786212019824740e-02,1.544843567168240235e-02,6.066173405421876330e-02,1.453566536617073301e-01,1.146380934515885547e-01,1.697064329896995696e-02,2.082998891595602003e-02,5.088109317178130496e-03,2.383413601969658010e-04,2.258954605866661178e-03,2.685469119449437891e-01,4.675990484755397636e-02,5.678280513900384879e-02,2.648408526995961118e-02,3.795194072386640777e-02,3.661402080673120674e-02,4.407432204574539270e-02,1.842000735575599624e-02,4.014451175713626419e-03,2.051827855250314483e-02,8.641803739527684192e-05,4.789902757927546207e-05,1.142478039546109111e-04,1.559964945269332223e-07,5.263292497050757712e-05,9.336648726498311505e-04,1.526405119980798672e-04,6.028346036021102380e-05,7.254307341618010396e-05,3.060681229409739027e-03,7.586578931560762629e-03,1.357451048890575803e-03,3.089226811937552386e-03,5.857666603389359399e-03,3.728608829401579543e-03,7.088900176529949564e-07,1.030492589942802809e-02,4.380949092794622114e-03,7.435084993869206342e-03,1.668534624481377579e-03,5.522510962583306905e-03,8.204936832994616015e-05,5.428568744052280010e-04,1.039778919913281283e-03,3.854199125865126040e-03,9.829212209590609123e-03,7.707505938906918921e-04,3.158609278932068246e-04,7.590106714855640070e-03,1.008900286717486823e-04,2.536484446718996737e-03,7.031789473291553830e-04,1.005405110479144944e-03,2.420738342995908555e-03,1.675157713532560979e-03,1.132058830414487413e-03,3.920115231670961769e-04,6.078147889617074124e-04,3.065349634827289026e-03,2.792103308191487727e-03,6.189598399950709852e-04,1.382884585043275133e-03,2.073609298794570649e-04,1.191881200779876769e-03,1.269094646869041313e-03,4.906485471270361637e-03,3.365124747196637724e-04,5.966691368382120693e-04,2.480094666444308555e-03,1.407253435769367293e-05,8.868754044381303334e-05,1.048245713668741403e-04,1.011024139233846446e-04,8.565001513719653660e-04,7.459786587080297234e-05,5.712876888952727814e-03,1.020532137206566034e-04,7.930440765421978985e-06,2.160613868411130969e-02,3.041625994184592782e-03,2.250949385758426249e-02,4.962882790299717739e-02,7.169466054076805740e-03,1.622233078131016899e-03,1.527434469520785876e-02,6.305211806531076102e-03,3.961332031115119405e-05,1.256571923785611972e-03,2.018663510937479793e-03,7.691565749782624910e-03,1.016123372548800750e-05,5.729775580736825484e-04,2.078267608735504673e-03,4.510384213973820527e-02,1.325616577098539042e-02,9.053685790402436762e-03,7.044007490555974881e-03,1.638707363255002564e-03,3.327677026787123540e-03,1.012851299242843381e-02,1.974810033071256691e-03,5.228668455829584699e-03,1.224782053635460220e-03,4.965450908405664651e-03,3.480831842450456820e-03,8.617115325498737183e-03,2.037651463506933488e-04,2.777806607920345859e-03,2.606961278084174438e-02,4.991009379212135028e-02,6.807427425156736649e-03,1.171567400568157280e-01,1.448558897399362597e-02,1.574965515575321370e-02,2.670186669810212937e-02,1.689343372283452771e-02,6.577201716558708170e-04,3.352555636683033670e-03,1.172605421260015110e-03,1.492951536364622595e-03,5.804924828924278924e-06,1.912001104976469336e-05,8.708232400084353337e-05,9.738330560722164783e-03,4.851534003494905982e-03,8.845485327680440660e-04,6.850340257059085725e-03,2.069651652617186029e-03,3.547519461713376687e-04,1.075906257139239760e-03,7.159984996629969838e-04,5.402317834262560306e-03,6.485840322735847256e-03,1.845934596617091781e-06,4.806551524726076986e-04,2.830399116388796973e-03,9.218997301410488624e-04,4.992480957310991424e-03,4.415206470728633235e-04,1.481598703562957446e-03,6.762346239865732120e-03,3.105532879101670189e-03,1.340556342392039760e-02,2.451148501311731058e-03,2.188495768494130086e-04,1.005220775675472189e-02,7.624256050084259918e-03,9.990365642257010778e-03,9.677451119217512707e-03,1.961662866866849763e-04,1.607758830465796105e-03,4.907271798352599683e-03,9.392170840817037339e-04,9.678529179838517293e-03,3.048199477169259534e-03
1.073582594429914371e-03,1.549469646371802098e-04,5.770678718987356406e-06,2.196012759097954316e-05,4.485768569689413052e-03,3.972418401931525518e-03,1.897969167420941532e-04,4.003312095080369766e-04,9.926161091193621850e-04,1.244194987329683188e-03,1.199555763994957728e-03,3.741768235243451697e-04,6.706386604529612945e-04,9.457210796372879282e-04,4.350268325319493583e-03,4.187171386193874571e-03,3.947743387708465244e-04,4.753214038500627237e-04,7.164738457186149538e-04,2.635239425242492418e-03,3.008651399729213912e-03,7.852343995079461014e-03,2.067009147669333653e-03,1.928362299916076845e-07,1.141951695240487653e-02,1.067550986884110249e-03,7.924091696765802467e-03,1.328418426204780456e-02,2.658940529268620837e-04,4.258377730455666695e-04,7.595157353498070326e-07,4.447056306945521530e-03,6.113110845564267634e-03,1.045452937242254132e-02,5.231948548418214641e-03,3.667676835779491544e-03,1.578414160945900693e-03,3.161689038294038592e-03,4.483107033485259822e-05,3.258297079370682680e-06,6.750187204691719732e-05,7.246358201046540579e-04,3.208709056998345298e-04,9.509393410456800700e-05,1.936843928099607958e-03,5.956875298813813467e-03,5.287606981534519884e-02,1.914231229642555931e-02,7.068192031384687570e-06,9.157720199780936964e-05,5.340867107517639814e-06,6.408651089530769535e-03,2.176904038876829937e-04,1.089873064869397552e-04,1.113480636122476768e-03,1.051370309674544944e-03,3.736300928252211332e-03,3.033422504229336227e-06,1.912046243767164802e-03,4.122511852859794650e-03,9.649220664903277584e-05,1.199887386690468450e-03,3.759887032074676200e-02,1.473658944825393790e-03,9.432583025517566819e-03,4.926911241242475179e-05,1.955492860383223081e-03,1.828636845426485913e-02,1.215052071541903797e-02,6.400806164426476978e-03,8.920695963270759013e-06,9.603762905487968089e-04,1.031035859105120381e-05,6.931440946986844711e-04,4.983153021367556224e-02,1.754164959741751073e-02,5.871526239844093546e-03,1.704208351736117254e-03,9.020899621684444133e-03,1.129865028431211512e-06,2.210399469552456683e-02,3.754435738644304986e-03,4.058307610914414082e-02,3.140874534419763747e-02,5.010911821865613597e-02,9.172691254112187720e-02,9.452468394043433975e-02,4.675990484755397636e-02,1.940460472410769077e-01,8.952582931718060938e-03,5.698149641705017171e-02,1.584027965694077486e-02,1.994162629810095305e-04,5.239527032667613132e-02,4.352010144715045409e-03,4.285967482790534015e-03,1.703814011143394504e-05,3.020243326040850009e-05,6.082873008114011298e-02,5.775623700251094478e-02,1.717491238014267610e-03,2.206636539021995542e-03,1.328637448080569907e-04,6.437937179438604771e-06,2.734474662995165038e-03,2.675049017814054575e-03,7.751718253211168954e-09,1.542577479149121760e-05,1.664784289769128713e-04,1.367651128882784600e-04,1.729003817987217559e-05,6.039579869009235288e-07,2.895667651029625814e-03,2.675049017814054575e-03,1.570121377882779124e-05,2.578565889855857080e-03,4.259852231585372143e-03,2.067009147669333653e-03,2.011532282247117020e-04,1.900862678427014344e-03,3.339102738313299320e-04,2.575224951282655649e-06,9.306039789649344068e-04,5.334081485290475405e-03,2.454870727475943343e-02,4.252099967731070478e-04,5.202893472321707020e-04,2.450918989460224105e-03,9.541519897915122939e-04,3.683949309214378659e-03,9.757842879815417647e-04,1.025552402688627990e-04,8.294793306581145845e-03,4.743299092727072848e-03,4.175749405771537331e-03,1.020626675944658751e-02,5.677021504839774128e-03,6.460954841226191660e-03,2.647040787915235904e-03,4.802949893210353705e-03,4.051241887289292951e-03,2.339119786508123974e-05,1.446842265677892930e-03,1.095085626536623183e-04,1.747630284528015098e-04,1.552693875368470598e-08,4.687297558542986159e-04,1.237860277578419788e-06,2.079408463033705599e-03,3.804409120820857168e-05,9.694163176105467447e-03,4.971412322714914393e-03,2.451337993130854945e-03,8.980588806319513668e-05,3.443991327629460975e-04,3.385392848690730927e-05,1.824514546023186905e-03,1.076292901363071165e-03,4.393061578498219134e-03,3.726099447470759309e-03,2.159130266348890416e-03,7.597403284061752388e-03,5.068926766695502515e-04,8.966277684178478990e-04,6.539589955353805346e-04,9.001991737401208657e-03,1.352391224090587762e-02,6.326540205117064735e-05,1.562740468714357220e-02,2.044184467521389790e-06,1.100729318742101580e-02,2.953125031995798718e-04,2.213638227653703244e-02,2.250777002530013771e-03,4.777282140581883690e-03,4.996265236371999832e-03,3.655911127806876380e-04,2.084900737735196144e-02,1.812810748212869208e-02,6.163030707794471368e-03,2.346844476910928137e-06,3.013515186065274763e-03,8.260798870734476461e-04,1.715311355344032937e-02,2.977907029319661406e-04,1.445383043125873920e-03,2.862456374431968814e-05,2.880463975082485411e-06,3.345537249452960188e-02,6.071251788120186205e-02,3.332046079764441199e-02,4.154672026956299918e-02,3.310714044471069900e-02,2.635161334659313160e-05,1.747702331987498322e-03,3.508375649607067565e-03,2.997211395450179519e-02,4.733899506691241488e-02,3.897925227192426678e-02,1.373712064063564026e-02,3.127760971263935968e-08,4.315126219567534855e-06,1.083614816439410168e-05,1.854601071341316761e-06,5.067866993607017924e-04,1.150715810431540578e-04,2.581719655531754861e-03,1.073109914598238278e-04,6.890282595494949102e-04,5.919245174408407917e-04,3.648937325317001248e-05,1.432658274596489004e-04,6.664843081651597051e-07,1.481738425028883489e-05,8.096802331933064534e-03,1.826419302004830348e-03,2.094819343122518458e-06,5.918402219335259088e-07,1.521796307517820877e-05,1.244311653308608234e-05,5.491709090517467654e-03,5.508196100533636463e-04,2.185057728206759448e-03,4.245501772249100220e-03,2.869406285540829281e-04,2.182784507337157045e-04,1.030201389747062652e-03,1.809033870700591906e-04,3.884944053435488982e-04,1.473461651332841306e-03,3.074078893318722434e-03,6.970930129669437696e-03
9.342953428159361459e-04,6.489844244135099111e-03,9.632025044349506494e-04,5.668359143819487960e-05,1.692045126380333593e-03,3.900143237480272439e-05,9.400406564130492360e-03,8.714657036332626363e-04,3.309347252161709725e-03,4.624415941206335735e-03,4.782088322846734033e-03,1.950608307949992272e-03,1.337963485767404079e-02,3.437103509966501872e-06,1.128448708940232685e-03,1.267282939484291578e-03,1.067219733661357471e-03,5.490388621199472196e-04,3.839729563581631075e-03,2.803329735718266061e-03,1.773320534137895248e-06,6.568202273028421467e-04,9.744513161615431110e-04,5.129953843502931460e-05,4.634042373007654821e-03,5.041118954320712763e-04,5.752497410776442183e-05,3.644288185894778605e-04,3.009234987693795195e-03,1.556931418939114578e-04,1.082806593165764079e-03,3.751108823809362700e-03,6.956261845125146989e-03,1.541041707244433095e-03,9.380957524610423343e-03,3.193078878523943499e-03,8.666826395535531498e-04,1.077107674470525328e-03,2.121668948457234276e-05,8.124455614403744072e-03,8.146303046873207276e-03,2.556967020681574342e-03,1.387959871207374365e-02,3.814942757046425881e-02,3.023698829259501009e-02,1.213753822740032060e-03,1.070800662945070625e-05,4.328235267583519646e-02,1.860998355454503497e-02,7.074436907680763109e-02,1.878064217408767847e-02,5.014763252853337433e-03,3.730429133244840892e-03,1.027132670917288134e-03,2.693863599641543351e-03,1.601203999070475482e-03,3.434076074851762257e-03,2.206969471927887338e-02,1.753084013588835158e-02,7.630744829136102726e-03,9.529194489336846596e-03,5.097475548759068664e-02,1.342487161508688615e-05,2.626263590733978436e-03,1.273291307240165997e-04,1.206399543722849049e-02,2.481860997522023632e-02,3.721245815219600961e-02,4.508415468556745825e-02,4.684691678545753468e-02,2.938704100342283757e-02,4.798556648214416867e-03,6.211017926213939847e-03,5.610906052818635456e-03,1.553092832825226808e-03,1.077799100018746528e-02,5.506088055635962979e-03,2.204322293034865696e-02,1.821687955848116588e-03,3.329793197921625952e-02,3.028136083619041227e-02,7.780211430361240466e-02,1.726470678722191591e-04,2.397984885837224026e-03,2.425078104282066705e-03,2.535554656605767780e-03,2.014306296208092772e-03,5.678280513900384879e-02,8.952582931718060938e-03,2.487555386039760619e-01,1.645192319890112498e-02,3.698049906076151389e-02,3.783017366276021642e-02,2.773483238615297164e-02,6.130249474269939408e-02,7.944742894899874119e-03,2.010383337014839261e-02,2.130808007608119524e-03,6.535510488184444709e-03,2.606610183111238935e-03,8.692848663205913381e-08,3.685628496806137635e-05,7.937939274831689283e-04,3.972899113287257401e-03,1.270538272265118096e-04,6.708072291073042780e-06,2.706515694041976283e-03,5.460229805595513512e-03,2.106756413372886695e-03,4.482438324232472515e-03,3.408415293793240312e-03,1.287673948676957983e-03,6.294365382576985399e-04,1.590224309531075141e-03,3.566178685184696884e-03,3.384404309955938231e-03,1.161670552897614312e-04,1.593604882192395291e-03,6.928890119174228857e-07,7.186759790067934661e-05,1.859397276627791033e-03,3.221285708353861191e-03,2.711302286278026961e-03,1.286587827842869348e-04,1.943617597005632995e-03,6.454218192098496950e-05,1.685426240401359478e-03,2.519733224859961075e-03,2.625302104224630051e-04,2.932963107633844304e-06,2.035593589092948852e-02,3.889532638969444591e-05,7.734926647197262403e-03,2.348580380365049639e-03,8.687446259543917318e-03,6.502746266193540087e-04,1.798452084323688520e-03,8.296533519882248168e-07,9.894424561389333916e-05,2.955610789601918749e-06,5.585478893942164274e-05,3.146861651345088796e-04,8.492591755141508424e-04,7.811580073974247723e-05,4.971162631749255663e-03,1.053593556432869290e-02,7.936356886112289760e-03,7.152315424095084589e-04,5.672657666134336280e-03,1.055550841995204613e-03,3.856831192332450765e-04,4.195132206770897654e-02,1.781403991173632906e-02,1.019100395137475384e-02,2.313470315114493983e-02,3.448021157542396214e-02,6.967691005686816284e-03,1.384057952575183312e-02,2.181346884964389596e-02,5.858510521836868788e-03,4.309055384786464739e-05,3.813831686564107815e-03,6.656872939521620534e-03,3.483772974253477803e-04,1.633573446679537078e-02,4.397076422992055207e-03,2.094532055709539924e-03,1.735312008097946715e-03,4.925560160512380348e-04,5.339680896977693804e-03,1.155324930322724174e-02,3.311512407934406876e-02,5.599512827763142818e-03,1.223286623932594817e-02,2.387932322477663225e-02,3.566672148564080207e-03,3.838350001407088430e-02,6.829082341331957698e-03,5.424094069694024300e-02,3.754362962677221163e-03,1.128172798427670319e-03,1.382594471914039974e-03,7.292821213857597976e-03,5.346411131928158200e-03,2.052544199548372948e-03,6.033448507460598999e-03,5.592011832379947811e-02,6.007540157112995806e-03,3.952959198333311219e-02,6.618792254748004074e-05,1.871239511414941826e-04,3.105844067831457431e-03,3.716220892165860573e-02,4.286761308209226305e-04,6.046123064178897041e-03,4.756234742053180864e-03,4.334380318904464992e-03,7.903272327684016454e-03,3.323742416144071215e-03,6.405402363342561911e-03,5.434552550037758008e-03,5.226161038095284740e-03,1.906721930486891085e-05,1.082798281629069942e-03,1.218324202465372822e-03,2.118566065429096606e-05,2.588490792211248573e-03,1.673907006021189709e-04,6.258756459989324276e-03,1.387090147284357998e-02,1.344779567092034363e-05,7.253709423611322997e-04,5.420991571773749011e-03,1.583394115514957529e-03,8.887635579202447789e-03,1.997817738415316128e-03,2.611940110256378341e-03,4.366990154667016455e-03,8.374779256220866736e-04,1.772729062210617532e-02,1.560754843949927004e-03,1.527845982813420172e-03,1.505742075388214266e-02,9.437038255410585066e-03,1.114095888774068073e-02,8.947364654041084497e-03,7.913777312013417801e-04,3.527587908972053656e-04,1.048962994006593860e-02,1.311330104584762545e-04,1.016868570270273477e-02,1.072652950760859432e-02
2.614061910114365574e-05,6.602436072408247088e-04,4.284469608246610012e-05,9.237693310466393859e-04,4.000471783163215070e-03,2.628330375025494069e-03,2.246174237402836463e-04,2.152802621490351904e-03,1.051302731291316617e-03,1.748301590280274811e-03,2.623119876767902308e-05,4.182419276620281956e-03,2.008609919385805510e-03,1.524475637358495045e-04,2.616783603673141986e-03,2.251138610876491503e-03,4.797087690474592956e-05,7.003882674837592360e-06,5.927626538929514742e-08,2.285952482767834772e-03,2.710628285376410086e-03,9.370777621917370306e-03,3.456019671702245753e-03,4.377263904756483869e-04,9.391382184507933439e-03,7.199856101690833843e-03,9.063945928870045451e-03,2.055780981523596534e-02,4.080508090264195143e-06,4.691112430961032372e-03,1.974594942794208677e-03,6.265305004293986700e-03,2.743338280618255309e-03,3.898453717796407023e-03,3.322269017529958119e-06,3.257640039297815559e-04,6.560928269862771937e-05,9.898263048258240394e-06,2.167398261874392898e-04,3.747676757907789612e-03,3.071030835349425033e-04,4.353007961467194968e-05,3.987917265516224136e-03,2.845407037121871650e-04,7.700362812909680200e-03,3.283742615780393254e-02,4.493732893263044370e-02,2.352225188865848457e-02,4.512818776865073936e-04,9.175399073394796198e-03,1.743127186117799472e-03,4.081313597837766746e-03,2.186371409970325804e-03,2.288744660203624137e-04,2.329358255983632851e-03,3.532721615208634421e-03,5.117390549821269115e-04,7.084325151251705428e-04,3.895510106664078318e-05,1.225572890846005330e-03,4.435125115406071683e-03,1.177762844990538861e-03,1.321934263433932090e-02,2.680513574749825677e-03,9.726957750898164445e-03,1.027196856158738247e-05,2.120511921606514031e-03,1.342234367463085963e-02,3.350983999279461781e-03,2.899528811718065768e-03,3.745603083792547138e-04,3.371195787096543626e-06,8.930301630326538441e-04,1.188452980058486404e-03,3.732342968453007497e-03,6.311243609111255592e-03,1.742510834088267568e-05,7.070107433342714910e-05,1.150719391628828351e-06,1.375130408628385268e-03,1.249757387770055427e-02,7.736399750204916992e-03,2.529673835306060423e-02,1.292847628480861544e-02,1.364675504900310365e-02,2.956400390390979266e-02,2.434605024274459628e-02,2.648408526995961118e-02,5.698149641705017171e-02,1.645192319890112498e-02,1.732132795619991672e-01,1.01794135719