0.000000000000000000e+00,5.323041662930202422e-01,2.965399846249140992e-01,3.099444088850139556e-01,4.350164471732207994e-01,3.837071231777311464e-01,3.351881937588367388e-01,4.201069415048452327e-01,1.628136836648555741e-01,4.937617216293890277e-01,4.493263235358412877e-01,4.949418636769009061e-01,3.947479349320701658e-01,2.935504135784932633e-01,4.374739788924687511e-01,3.657143476427076045e-01,3.529633495398529219e-01,4.404208513858461904e-01,5.915348623091584157e-01,3.770338737723418210e-01,3.445324130256737782e-01,6.399329424279939227e-01,2.631823136485428316e-01,4.939367770156077864e-01,4.149730534182972663e-01,5.137812388188018886e-01,5.798590764702300504e-01,3.406860957938214196e-01,1.919516023292718032e-01,4.627086383580945594e-01,6.331971407183832889e-01,5.807407869204975759e-01,5.911540600460639672e-01,4.729950416933067503e-01,5.775988731659469355e-01,3.828741291095391075e-01,2.619521174183971901e-01,5.209497230997813810e-01,4.052992834673362355e-01,5.778419599834504483e-01,2.785044690734750916e-01,3.061057830840959171e-01,4.909996694736403766e-01,4.869935870898939867e-01,5.290975167623087616e-01,4.614391208404682310e-01,5.830804060657206467e-01,6.133638060826437366e-01,4.061430577787284446e-01,6.838541376810408634e-01,2.863377644576181047e-01,2.290812570010657689e-01,4.179657592346799899e-02,8.120014591279826888e-02,1.025988954991778890e-01,1.471494307118741962e-01,6.718731502818831025e-01,6.338266201226339103e-01,6.582155231207352797e-01,5.369320974309574890e-01,5.139990221853962815e-01,5.779264698357033936e-01,6.280808214657253030e-01,3.959657459262384549e-01,4.725760536067177275e-01,4.692181536494263172e-01,3.548401261964608255e-01,6.845758445202502207e-01,5.866267528271459364e-01,5.194536835045950873e-01,5.789865846187176590e-01,6.806793553369570038e-01,6.706044056351782023e-01,5.595819486794042508e-01,6.847159200163653869e-01,6.360124699531025660e-01,6.385554427326627369e-01,5.974837046656006345e-01,6.688391295344963128e-01,4.927959449594998542e-01,5.992905635944043574e-01,6.823436617078392219e-01,3.296676561634219738e-01,3.585856904046773597e-01,5.298716182584782830e-01,6.769469297528711849e-01,6.150759125855804754e-01,6.696177511175069874e-01,6.105630095421645809e-01,6.823362194891536836e-01,4.480338067395351898e-01,4.503343826637315472e-01,4.064807261995306287e-01,4.645193801411858225e-01,4.983536329298468570e-01,6.638442740148539079e-01,5.795650754719352538e-01,1.807928178015112408e-01,6.646018946691352181e-01,6.658095937455711377e-01,2.904538279597113082e-01,5.867706928800170418e-01,4.719140946007172044e-01,3.479289206367631171e-01,5.200491454776298150e-01,3.789572730522862698e-01,3.931412501903808754e-01,3.648413407701687206e-01,4.566448380281719621e-01,4.452090084441131523e-01,4.362302321242323977e-01,4.220089451607935693e-01,5.248090840516109745e-01,3.946812753341126800e-01,4.098994788069397766e-01,4.537795717556470931e-01,3.665533415915837034e-01,4.974622776282103254e-01,2.002026365709989875e-01,4.465733396909119524e-01,5.240293608300763406e-01,5.383387552041640767e-01,4.088181616011633546e-01,5.537445915924466000e-01,6.016245440798163591e-01,1.954092556694419502e-01,3.579524692497048077e-01,5.766295526675503380e-01,4.566565932625727964e-01,5.996267585201702222e-01,4.516854784439366388e-01,5.857514759216864153e-01,4.458329857644100502e-01,5.819882529259210457e-01,5.558594429069280141e-01,5.738246391886913100e-01,6.813797055703670891e-01,5.376527346420121312e-01,6.357876464068856759e-01,5.583292998801409057e-01,5.098386036388476983e-01,6.319560615533588166e-01,4.414515340463222026e-01,1.381553910652067452e-01,2.716432670601579558e-01,4.825498008988717280e-01,5.470303691025885096e-01,2.499221732276215302e-01,5.140423018215156681e-01,4.077739963633345011e-01,6.832929054583294359e-01,6.794122555034930455e-01,6.838797787367669745e-01,3.984530589371081399e-01,4.992621261903995022e-01,6.777052969213367417e-01,1.842623567148143349e-01,3.476615397335391378e-01,4.164204028414763004e-01,6.334062385890788516e-01,1.456129294976481192e-01,1.396544988918426988e-01,6.295247700861249240e-02,8.615426658862720966e-02,5.622676644452561101e-01,6.825703290783857735e-01,6.751767267096556724e-01,6.041481856769836956e-01,5.857004653379660475e-01,4.517327207943135359e-01,5.600546563507661224e-01,4.392390978675120849e-01,6.845705764899034929e-01,6.835779027086558157e-01,6.833905876310540917e-01,6.381163796332653959e-01,5.621169824509665292e-01,6.585288662170754037e-01,5.745844983143703066e-01,6.697044919035648469e-01,6.160714297672192918e-01,6.620983314342555603e-01,6.377802847023471555e-01,6.789490669319909744e-01,6.507130671895019480e-01,6.532163287208457847e-01,5.962253970205598774e-01,3.493354160230351391e-01,6.713755653921149591e-01,6.735586815902215863e-01,4.685924060271096647e-01,6.627724585759491305e-01,6.009182882232985135e-01,6.450954628541136771e-01,5.920133501647520946e-01,3.529336193127888266e-01,6.054232017575552627e-01,4.515544291097093876e-01,6.028184428102550951e-01,6.292246219445817301e-01,2.055039896624798745e-01,1.692809004438388387e-01,1.023260347365400058e-01,1.759013605434121552e-01,1.399094146156212026e-01,7.879031765168507950e-02,1.848258383580178299e-01,1.375919043547563503e-01,1.380997000206165004e-01,1.819716231649908256e-01,1.576520337018529755e-02,3.075669398028962540e-02,2.547891053717229459e-01,1.923402475075362272e-01,3.618470531219904474e-01,2.209206546037122965e-01,2.247664293928038071e-01,2.579893123812979638e-01,1.703570349459011812e-01,2.810017891770903997e-01,1.282338027616586884e-01,6.530183669933843638e-02,2.662312110284960065e-01,1.860830903333476616e-01,1.313532797901328097e-01,1.044792141311460532e-01,2.110480785569596521e-02,2.232971196817732859e-02,2.925264989129993110e-01,1.103908167039909100e-01,1.675305130378007545e-01,2.416376647311602177e-01
5.323041662930204643e-01,0.000000000000000000e+00,5.377952878045137997e-01,5.745733644499964043e-01,6.394873581112157090e-01,6.142894672346751461e-01,5.803440449769886600e-01,5.990252755624360104e-01,2.032708184155555819e-01,6.571678110696254071e-01,5.044416283999126893e-01,6.086776487623962728e-01,3.935784604184350832e-01,3.115740719657649760e-01,4.480618704740784164e-01,3.706384747915614786e-01,3.746453682630815352e-01,4.455595678839611717e-01,6.029686961730560402e-01,3.859743099728952798e-01,3.498813762563753871e-01,6.414513939147838961e-01,2.695595397961432216e-01,4.993032939022711281e-01,4.163161118279929962e-01,5.175043302166516535e-01,5.895406763361564773e-01,3.648447877603597789e-01,2.900546642754079918e-01,5.641431178371688615e-01,6.394233776282124415e-01,6.013489298680345652e-01,5.966951010739339756e-01,5.264544170010694302e-01,5.811334100423390936e-01,3.968955170047791525e-01,2.768769999030182838e-01,5.336877353712480287e-01,4.245988553819507461e-01,5.839383410156699927e-01,2.817322287110213264e-01,3.074837603886054205e-01,4.885989105830493284e-01,5.333313679403345331e-01,5.401705669079145400e-01,4.507585642146692551e-01,5.825636705498704604e-01,6.013718360227681137e-01,4.055014834952315739e-01,6.615059196912477235e-01,2.796819271668213869e-01,2.368304090568831843e-01,4.172989166414134421e-02,8.777634385527938177e-02,1.034897369160123759e-01,1.493934086943272954e-01,6.335561795895964243e-01,6.269746506713448353e-01,6.448642049461046355e-01,5.418940256814579470e-01,5.171691418848408661e-01,5.797708133293241195e-01,6.133316056540946137e-01,3.856330277484791846e-01,4.678448038429275369e-01,4.678629734781081240e-01,3.466731127621270891e-01,6.586625897569828858e-01,5.622298093025799304e-01,5.038798281602400175e-01,5.744952205960102143e-01,6.634236450461873380e-01,6.479520477454657756e-01,5.533995585018787189e-01,6.519644085660810662e-01,6.209075928134520916e-01,6.169849313039826866e-01,5.887166632464612137e-01,6.352078295168300803e-01,4.892287745613111416e-01,5.979294696256368669e-01,6.605813508100847331e-01,3.179751388605901452e-01,3.475033181589988196e-01,5.219181520320697043e-01,6.256627836649322205e-01,5.856582911976323524e-01,6.385176039074398346e-01,5.891854437821271162e-01,6.601090639791131753e-01,4.100648681627809822e-01,4.454418552009864474e-01,4.055576902945330353e-01,4.545642122067020674e-01,4.750874036194338013e-01,6.413889844614706348e-01,6.201796768927108072e-01,2.082929251983962060e-01,6.329807562446989611e-01,6.292351765939659947e-01,5.982835324323547699e-01,6.431956208841873579e-01,4.368605528259411619e-01,2.885110749631936145e-01,6.346765959129881951e-01,5.232095131885744488e-01,5.484328491661523142e-01,4.754174107431687890e-01,6.122100811184498781e-01,5.273887962737690005e-01,4.932194678756842698e-01,4.850993754770324684e-01,5.414326073991361232e-01,4.365183994106524024e-01,4.289739952618608076e-01,4.723020166063242042e-01,3.814096297126591262e-01,5.164803077559706468e-01,2.296292837112861585e-01,4.810732254022537790e-01,5.718037931342274671e-01,5.531109064113078899e-01,4.097009880861530173e-01,5.720690574315234755e-01,5.982531675733656629e-01,1.989029343563968599e-01,3.674285693836857325e-01,5.880721599977968284e-01,4.743073897539507033e-01,6.036731001377887429e-01,5.394809950283845357e-01,6.427998193120306736e-01,6.059810960148990233e-01,6.264344488881292694e-01,5.807864707648996427e-01,6.331707952697865904e-01,6.633903164830564636e-01,5.421924185210280633e-01,6.319710165426621895e-01,5.850850291459408492e-01,5.169246010034439509e-01,6.451376268770391276e-01,5.333577952450138104e-01,1.453352347378485676e-01,2.795683167701772942e-01,4.832699336321781836e-01,5.690432112989742830e-01,2.729082696573632560e-01,5.697599070804779675e-01,4.131939527860206129e-01,6.624732067048255679e-01,6.643997195256434729e-01,6.599611156733070638e-01,3.982369226296613163e-01,4.989591963753433057e-01,6.624045767674784368e-01,1.854979154275736009e-01,3.483583734610643523e-01,4.230713571545746676e-01,6.102123603158504661e-01,1.612763658110323850e-01,1.400698672393058952e-01,6.748430337947576574e-02,1.785971159844844947e-01,6.066394171106641586e-01,6.615446450445293669e-01,6.604068178510364984e-01,6.059415806468536614e-01,6.010106069152882924e-01,4.447413442157814867e-01,5.330295212699539542e-01,4.437068747408062230e-01,6.538364534175814535e-01,6.619916261979668093e-01,6.601969154275539875e-01,6.261810946104484632e-01,5.498605536468723631e-01,6.224072937432818531e-01,5.629367447969154670e-01,6.458515379491290842e-01,6.224712739743845091e-01,6.223547352139788824e-01,6.349993048964256426e-01,6.527338754019287315e-01,6.203117324761566742e-01,6.171535479903657029e-01,5.938962170682435815e-01,3.481038390247341296e-01,6.375348182170577083e-01,6.309411013439794047e-01,4.667006643349047579e-01,6.131176945306459070e-01,5.948999365496835390e-01,6.277745894019587380e-01,6.192388847178609268e-01,4.584462632427513396e-01,6.039661741706989773e-01,4.447238475198890262e-01,6.450666829469041685e-01,6.455448863630139922e-01,2.185147579034877052e-01,1.775403795707950483e-01,1.104550266959740401e-01,1.686532988467639993e-01,1.937859936843271957e-01,8.955252440082504817e-02,1.935919457072988736e-01,1.399279787547847986e-01,1.365830342330448532e-01,1.778380528743395417e-01,1.744429197077261226e-02,3.060986030810172731e-02,2.593902051554330956e-01,1.990024164981389621e-01,3.496820839308231177e-01,2.047049226221827056e-01,2.323211265679395454e-01,2.591894001078758891e-01,1.685288992512138095e-01,2.760901199193250832e-01,1.330826709392340934e-01,6.892415916214872373e-02,2.632493058074035219e-01,1.802881689448361524e-01,1.281132890312357553e-01,1.037404614119696866e-01,2.061902606855724185e-02,2.269363197640333549e-02,2.911207151355421630e-01,1.089254026701142047e-01,1.661989614172029728e-01,2.350594821920220789e-01
2.965399846249140992e-01,5.377952878045137997e-01,0.000000000000000000e+00,3.497409163233944351e-01,4.763370958435365621e-01,4.557260838249135304e-01,4.716632449248029935e-01,4.191499110053493182e-01,1.954551236846402418e-01,4.556494696621923857e-01,4.843219853686344112e-01,4.956851595547446809e-01,4.112754565970999088e-01,3.199758440071042709e-01,4.716865864448470669e-01,4.030196508519691689e-01,3.735954425183370398e-01,4.619373410660989054e-01,5.320695853269353792e-01,4.032947057794680767e-01,3.423948084621277199e-01,5.451357314912795848e-01,2.606058263737013325e-01,4.896985314972105985e-01,4.160127226427629554e-01,5.106097271968517148e-01,5.440928938767590761e-01,4.076017954703587409e-01,2.967836777571829510e-01,5.054661977669477890e-01,5.235705876032895612e-01,5.534527116268329605e-01,5.563863655909665473e-01,5.370101537061372499e-01,5.610748361447082111e-01,4.014279821801189918e-01,2.784752964273110587e-01,5.283454228669950403e-01,4.575525282515965908e-01,5.570469577882388723e-01,2.796258856305718909e-01,3.075343417689088699e-01,4.901878048953204892e-01,5.253668153238640892e-01,5.332801015453265681e-01,4.688282213999402925e-01,5.596667421773563467e-01,5.581331132667107786e-01,4.058944520591925564e-01,5.599730655294092863e-01,2.952919083777209575e-01,2.632839067239198805e-01,4.353197820039249322e-02,9.410861576253685967e-02,1.052743238529557784e-01,1.450990727827966009e-01,5.541325892617569027e-01,5.557768278188794930e-01,5.607124022119180928e-01,5.597050378764615308e-01,5.225792848803650914e-01,5.597583231565392836e-01,5.461279553316802371e-01,4.100986324471066480e-01,5.372973927352895362e-01,4.745496935478302758e-01,3.586106619248660698e-01,5.606294637189693786e-01,5.590500744434349079e-01,5.202850642611857035e-01,5.602674307262355269e-01,5.608610178420140313e-01,5.565895124507918013e-01,5.569132721632102934e-01,5.604297659122366992e-01,5.571071819239591383e-01,5.527172662945085690e-01,5.589570355656261480e-01,5.579993364617281681e-01,4.990270631341969243e-01,5.559906924801674144e-01,5.613007470047699510e-01,3.251329596896911922e-01,3.699528437348602594e-01,5.290303305021260005e-01,5.476669839611051360e-01,5.551089702802738390e-01,5.576243749387166382e-01,5.517989236619341709e-01,5.609087507754604296e-01,4.566744760970005701e-01,4.482127755830341842e-01,4.099060419049412318e-01,4.785388170360522220e-01,4.991306310227863752e-01,5.564972688936798972e-01,5.423351543259872232e-01,2.058138527228524639e-01,5.433081761318235836e-01,5.484160310691376106e-01,3.559688437008873829e-01,4.973461865860039355e-01,4.679905147338780380e-01,4.148047763148740574e-01,5.216557370036674079e-01,3.775787130272088010e-01,4.510076745901858697e-01,4.369554183810300252e-01,4.359903749670010487e-01,4.930661437080935960e-01,4.684415038282530031e-01,4.430876580098799256e-01,5.458803428057449336e-01,4.465391237138410241e-01,4.375939142384488445e-01,4.951672899797288085e-01,3.799553358461010277e-01,5.436156110871309677e-01,2.232041953948491753e-01,4.833132800131126339e-01,5.252093123230895388e-01,5.289752406925732897e-01,4.333684968805476267e-01,5.291459572746161077e-01,5.336194743744780977e-01,2.009494908278899872e-01,3.580282441753513401e-01,5.508345442923918700e-01,4.588512251250520535e-01,5.428754138442242194e-01,5.064346377277363365e-01,5.180438068025848830e-01,4.820669452343649408e-01,5.396691647325025931e-01,5.528750413933573027e-01,5.280709878520105649e-01,5.600866190230026076e-01,5.462925955062800654e-01,5.343314495768280992e-01,5.466278262559178813e-01,5.182470603783229102e-01,5.515976666078693524e-01,5.146233493874116105e-01,1.430762342957863642e-01,2.790564448386592122e-01,4.818381152154473379e-01,5.420551650614576777e-01,2.842518542838814999e-01,5.360856813009521327e-01,4.171129860344806595e-01,5.605663727626926107e-01,5.591687396407027943e-01,5.583686918308349290e-01,3.985614373837078617e-01,4.989931256014861760e-01,5.598794225995089580e-01,1.966572195951243607e-01,3.529309774056669791e-01,4.393728085871271283e-01,5.534472655903274196e-01,1.584207116017570527e-01,1.585544734254747123e-01,7.194986244275103360e-02,1.775841957273184557e-01,5.398122798515957443e-01,5.605140026898954853e-01,5.590087980012683477e-01,5.568343736903103025e-01,5.519969597278908680e-01,4.657959965213704923e-01,5.437281211267988024e-01,4.835621633717114287e-01,5.606256531513398311e-01,5.589526150065776688e-01,5.594392405866209783e-01,5.527421927446004579e-01,5.579287170774451798e-01,5.568099019149518325e-01,5.560899733522004507e-01,5.569139858878666693e-01,5.591400156379732200e-01,5.544719135055103942e-01,5.608187213730728704e-01,5.584435647992624929e-01,5.549699461577922710e-01,5.534063460471271290e-01,5.604475991504864751e-01,3.494414066165223431e-01,5.551869805146066872e-01,5.487985913001008909e-01,4.706267628031062245e-01,5.530902128932994044e-01,5.504801484321687477e-01,5.509670432394413453e-01,5.511735677894568086e-01,4.304473076274075716e-01,5.359221952950075085e-01,4.493895007643390893e-01,5.152722012536266050e-01,5.313346820963670281e-01,2.264053610999537114e-01,1.776423402467683099e-01,1.138909325856630322e-01,1.854349091463576293e-01,1.818162743455876418e-01,8.575530719084617504e-02,2.054552086208366324e-01,1.498694338916556901e-01,1.387185234804968470e-01,1.858081035941616388e-01,1.772844107047230264e-02,3.028901790649984535e-02,2.599493818207663232e-01,1.951408248718960459e-01,3.623687012455108492e-01,2.278853275387885402e-01,2.392812996760490807e-01,2.655175685427769161e-01,1.791439980688260825e-01,2.912708033041024880e-01,1.538813959875538762e-01,7.320015393973852702e-02,2.775533164909615436e-01,2.003136388975274296e-01,1.324259966270583122e-01,1.058286032469240023e-01,2.104551423436284638e-02,2.230555675205781255e-02,2.976522239793920610e-01,1.129705055401479530e-01,1.655852592058225936e-01,2.473515094161930494e-01
3.099444088850139556e-01,5.745733644499964043e-01,3.497409163233944351e-01,0.000000000000000000e+00,3.965897892995850493e-01,3.583567783420537611e-01,4.229374579393759825e-01,5.010834728358757317e-01,1.798732496580456863e-01,5.556117880962432309e-01,4.767348921948970086e-01,5.150453404178143568e-01,4.095914683496424957e-01,3.055274227528285147e-01,4.465234324389638076e-01,3.826005297977349562e-01,3.722411721453875444e-01,4.573310697547894876e-01,6.020495618374688274e-01,4.004271287712045102e-01,3.491728738754130146e-01,6.275086398152437406e-01,2.649180662204240755e-01,4.981574531243499471e-01,4.203852903913106731e-01,5.219704659194435159e-01,5.911985558796800655e-01,3.817544983618583743e-01,2.599236205699976821e-01,4.812731278189798512e-01,5.835919404625635742e-01,5.853672403944162328e-01,6.085746494525340333e-01,4.760851209170313125e-01,5.828606486858349811e-01,4.005169501070482974e-01,2.694143061685020379e-01,5.359462809488526602e-01,4.497920357571702499e-01,5.842734857279433536e-01,2.825682910642530743e-01,3.074759324067451449e-01,4.885787751362073439e-01,5.199216993043195290e-01,5.466518421945405493e-01,4.746329636000494179e-01,5.809708139123789250e-01,6.260359225370901726e-01,4.033884337207906956e-01,6.326258229468476602e-01,2.930980891860028303e-01,2.529090084508673342e-01,4.389226311047454004e-02,9.432103687357870636e-02,1.048190478910945994e-01,1.533378976150624462e-01,6.288850278812977423e-01,6.168781748808838117e-01,6.324309396582185050e-01,5.528651714366876746e-01,5.230911014678394366e-01,5.857240740151455904e-01,6.185846788444151478e-01,4.052390787120241922e-01,5.216371525356628958e-01,4.794147817057345939e-01,3.570414042786104192e-01,6.342295219697479114e-01,5.912960536443340187e-01,5.205393770995521141e-01,5.789088057511927454e-01,6.330262491543265924e-01,6.298572949713613367e-01,5.635399381428997101e-01,6.325116901934089153e-01,6.295705848720016817e-01,6.161423965647244705e-01,6.049702993421874897e-01,6.263879524551659861e-01,4.962726295299195733e-01,6.125573356129876412e-01,6.336288593614629594e-01,3.319024347957324483e-01,3.683441184615413033e-01,5.398638574449036165e-01,6.300059549302265971e-01,6.178639362779487776e-01,6.255062273510483273e-01,6.178518289246376360e-01,6.322359639825168021e-01,4.630563934201630261e-01,4.512361697147920236e-01,4.105874427603933841e-01,4.798258921192108950e-01,5.049725275861833840e-01,6.226054225916071161e-01,6.031071837093245902e-01,1.925808429906036567e-01,6.254667154300530552e-01,6.235605447821428449e-01,3.230413960990126676e-01,5.169190169581994176e-01,4.933047890918598744e-01,3.496289583451088201e-01,4.716332800290539140e-01,3.314911313576954233e-01,4.357893937552527741e-01,4.205137853113709023e-01,5.269655204424003037e-01,4.910508877318996435e-01,4.673050519655435053e-01,4.207598552033799399e-01,5.493765662495257995e-01,4.260216765293877716e-01,4.355763110590973319e-01,4.819216103290236974e-01,3.665412158018642175e-01,5.189699772173510528e-01,2.001961018538049031e-01,4.865270002176147468e-01,5.710029439350752245e-01,5.747295522970737869e-01,4.330760041256201398e-01,5.696609047069125520e-01,6.063390724907632423e-01,1.999821762770089828e-01,3.665504509621891338e-01,5.833471137146621910e-01,4.686552822885717839e-01,5.994505180446918491e-01,4.888349100920831858e-01,5.562735636855064003e-01,4.111405721689651571e-01,5.985253506844676608e-01,5.712862442398574103e-01,5.401873318021198633e-01,6.333595795579460841e-01,5.468895689165731433e-01,6.169984150908145448e-01,5.760683702056101918e-01,5.220856838387105681e-01,6.284539918737384045e-01,5.042529331832770190e-01,1.459833515991586783e-01,2.780294804870500069e-01,4.850265970421135941e-01,5.652021254333357003e-01,2.736821066051206008e-01,5.471606445688137477e-01,4.214408089367422949e-01,6.287689154380391443e-01,6.274264602105364963e-01,6.334593187553394511e-01,3.989180751520488566e-01,4.979209026733356636e-01,6.329864596321149728e-01,1.941788331477479479e-01,3.528184760365555284e-01,4.231672674364778675e-01,6.176219787727555977e-01,1.508685711238869631e-01,1.521652529399489806e-01,7.229118676191829962e-02,1.302434881959481927e-01,5.683562075525045998e-01,6.326116288840536450e-01,6.326397694929607463e-01,6.097617105085842981e-01,6.191114068353613664e-01,4.689657123913046344e-01,5.746712426008890873e-01,4.604200736852104847e-01,6.353699609792385905e-01,6.319852122675322370e-01,6.308082948880724405e-01,6.227879581472729464e-01,5.719445021468493318e-01,6.240572148921564866e-01,5.817756646926814934e-01,6.323819514051992607e-01,6.223474665952896112e-01,6.206376358431165974e-01,6.337256396894191957e-01,6.331376406868393092e-01,6.235198838404584221e-01,6.117007371256959480e-01,5.975578433260304578e-01,3.506907708382734357e-01,6.238876274638323061e-01,6.239964080421147585e-01,4.691346292843041055e-01,6.147532586007879996e-01,6.138147878859110396e-01,6.102824831425872620e-01,6.115258965405846459e-01,3.654522240379320386e-01,6.116538506487724236e-01,4.510563993312858289e-01,5.779008113083955456e-01,5.919301569582198219e-01,2.208708917929613214e-01,1.745773021175617556e-01,1.070001663422595617e-01,1.871396449297558495e-01,1.646057786527778399e-01,7.915186647083358173e-02,2.051457761502028798e-01,1.428836180714423698e-01,1.389938814676242584e-01,1.865518941826532773e-01,1.658565836770507090e-02,3.059584166133690053e-02,2.657375391428724587e-01,1.932586914461505989e-01,3.695352381242362760e-01,2.340520012944747319e-01,2.406700246445801494e-01,2.561036664090141080e-01,1.728446758599776756e-01,2.933376271471296315e-01,1.511470154996001070e-01,7.373644255719148666e-02,2.752420614643930064e-01,1.943999071382735699e-01,1.331826597082201302e-01,1.048661354258252909e-01,2.099900494819694277e-02,2.253429004090590562e-02,3.043428950858680371e-01,1.140327978577300866e-01,1.697396827202057590e-01,2.496110907478750196e-01
4.350164471732206883e-01,6.394873581112157090e-01,4.763370958435365621e-01,3.965897892995850493e-01,0.000000000000000000e+00,2.290500062848486174e-01,2.060540967860261252e-01,3.870872621719506079e-01,1.465782046733662691e-01,4.746367322988003234e-01,4.041943512767901536e-01,3.520129667631308745e-01,3.811633878989028057e-01,2.735314845554699392e-01,4.404498271964457090e-01,3.781166196950094260e-01,3.347343282911414142e-01,4.343298730074875436e-01,6.166119069908360117e-01,4.035713167561129633e-01,3.336720576054171827e-01,6.469073558095356224e-01,2.615735152600341396e-01,4.956610904841358134e-01,4.104893030691335598e-01,5.190436123246715550e-01,5.970622842203346936e-01,3.458843975358173450e-01,1.526953320273060077e-01,3.355128084232840702e-01,5.805550644063587340e-01,4.780520015419293944e-01,5.001155784990588549e-01,3.644119501321125276e-01,5.356328519561728285e-01,3.630942433941425906e-01,2.190748228724627988e-01,4.801564689936352326e-01,3.594562515622590215e-01,5.627307922212316793e-01,2.512336013431956672e-01,2.977836513041528521e-01,4.838358196441426284e-01,4.018635555865943676e-01,5.333599558567355681e-01,4.747575421710468202e-01,5.584831152806148946e-01,6.115995008985292136e-01,4.063223628374085794e-01,6.812883541068651683e-01,2.870280146381183339e-01,2.507370198000498096e-01,4.133879261937895011e-02,8.853907567296098735e-02,1.010717037783496197e-01,1.473063673082195546e-01,6.827640206783202048e-01,6.316624957996769263e-01,6.320253394923502910e-01,4.421293795305599184e-01,4.605614846556088104e-01,5.679435377144618213e-01,6.836571761069237807e-01,3.713232734116324596e-01,4.977535180348903743e-01,4.733287953348210286e-01,3.582979236720622573e-01,7.453054011036082116e-01,5.931953459626876368e-01,5.197213405693807964e-01,5.793031245995083900e-01,6.984880443479175582e-01,7.012162045802980970e-01,5.622543264574073607e-01,7.521636887652365377e-01,6.467022203404956260e-01,6.579258471140541076e-01,6.043046109609661043e-01,6.709609398639528877e-01,4.948333073392233161e-01,6.154313619789942846e-01,7.162531150201713048e-01,3.334111097700592219e-01,3.745609290297119420e-01,5.459990994119300334e-01,7.540875061998009166e-01,6.177994209142579907e-01,7.246456783053127904e-01,6.234851463904793611e-01,6.881829838163847635e-01,4.621709201136741663e-01,4.498982095342139442e-01,3.917426391181287326e-01,4.788411026410793747e-01,5.050574722420034801e-01,7.108533028753556415e-01,5.714432798652430145e-01,1.515157116324353515e-01,7.520899698209460027e-01,7.526849729089213348e-01,3.495013050788202125e-01,5.702558628572110822e-01,5.046265268252164704e-01,4.243213500976691366e-01,2.614829411144839466e-01,3.794669520588659362e-01,3.413978948542226721e-01,3.114264919104039464e-01,4.470000280126830150e-01,3.764472802676708252e-01,3.946366759625180576e-01,3.370203809127049754e-01,5.249063795985609016e-01,4.024278410436868403e-01,4.210673204189506746e-01,4.735712691004558828e-01,3.223852301288261946e-01,5.137959387549978496e-01,1.682822818345167115e-01,4.480024343380725749e-01,5.082805406777025636e-01,5.735204557433202233e-01,4.351434640134778098e-01,5.636438543695492243e-01,6.043422937328934985e-01,1.984870912291781531e-01,3.648475165972298040e-01,5.846819332395105651e-01,4.682877127800240680e-01,6.100086197483759465e-01,3.328856574575153604e-01,5.674151915734514384e-01,3.368412004856577435e-01,4.756250416053504626e-01,4.972447698843634467e-01,4.777010009436038485e-01,6.985076271060619568e-01,5.276849430029968424e-01,6.466724217775611239e-01,5.217505778535288519e-01,4.855296333660119035e-01,6.157142253741848537e-01,4.098259643131548224e-01,1.380331668002915957e-01,2.648355466297188099e-01,4.741522440163180585e-01,5.470620145039127857e-01,2.284191641846211041e-01,4.145601240510026764e-01,4.183017266200065865e-01,6.838778251680279752e-01,6.983495646794491973e-01,6.819588425922827879e-01,3.971325138659472787e-01,4.983721287773362207e-01,6.683286923263596080e-01,1.850768483110774021e-01,3.352421877516232329e-01,4.205305589781233588e-01,6.521471434359262798e-01,1.466250897005104414e-01,1.497723333340995888e-01,6.500585438434806906e-02,6.273143187717632185e-02,5.100691561264565355e-01,6.910378782671681153e-01,6.393527426494647337e-01,5.776431530129975123e-01,5.721122025032722158e-01,4.519296262249808405e-01,5.804265020657773944e-01,4.342944795172746231e-01,7.233746436318764239e-01,7.267125475976737858e-01,6.966067047301760518e-01,6.371188713954317739e-01,5.622207050851327770e-01,7.301722618796677722e-01,5.617645982763217472e-01,7.329383842670117444e-01,5.933621675864211298e-01,7.377701774784354294e-01,6.374664781703635041e-01,6.925907536950811627e-01,7.263575324998280403e-01,6.886652960900344622e-01,5.913920450562661912e-01,3.424884536935679513e-01,7.427722917623207355e-01,7.343336558598824171e-01,4.752575123250535327e-01,7.248234484568090163e-01,5.924384347238713655e-01,6.570370641565602687e-01,5.772508550793142845e-01,2.385844036457669959e-01,6.161288948041665492e-01,4.500429030082722659e-01,5.655931870421349039e-01,5.708808860027256848e-01,2.142310432827068123e-01,1.608017786294523577e-01,1.047322979374278179e-01,1.824381997790116561e-01,1.307805998961208138e-01,7.271845491731177002e-02,1.824930432946208492e-01,1.160584258210416858e-01,1.373394005164193521e-01,1.830071715394402110e-01,1.698922196637811868e-02,3.072565522409812649e-02,2.585903100907675500e-01,1.991189709446872513e-01,3.674823530786526793e-01,2.264900539406749791e-01,2.411983461798821726e-01,2.552672782014175912e-01,1.588598777834052400e-01,2.830901470062779368e-01,1.500285424799039646e-01,6.836932218608265943e-02,2.541424250046313005e-01,1.755691609785081930e-01,1.310139904092250396e-01,1.047522797029408759e-01,2.103957426426684985e-02,2.216849304242757279e-02,2.925641893487922474e-01,1.112977392612247984e-01,1.676151863121278229e-01,2.468776554858687633e-01
3.837071231777311464e-01,6.142894672346751461e-01,4.557260838249135304e-01,3.583567783420537611e-01,2.290500062848486174e-01,0.000000000000000000e+00,2.571710446886542045e-01,4.017687931274214752e-01,1.531318829781735946e-01,4.617886228494026968e-01,4.195478231462864138e-01,3.980752575250375291e-01,4.046452603356930355e-01,2.885831369160997695e-01,4.397329644762292822e-01,3.829352804846122837e-01,3.732330664691610456e-01,4.560434890945771480e-01,6.202065264587761639e-01,4.119543824575044311e-01,3.483834739906897515e-01,6.491771655713016731e-01,2.680003957206481546e-01,5.023230429098616279e-01,4.123586648368595120e-01,5.268455988940172752e-01,5.868822129734443394e-01,3.162021801107783303e-01,1.794112577790954177e-01,3.303420937575459182e-01,6.072938223187972495e-01,4.790682790258681822e-01,5.588160814914051588e-01,3.098859744673476135e-01,5.634765619183088603e-01,3.863965660571838656e-01,2.492589480454655559e-01,5.311722715468727429e-01,3.804635129819521899e-01,5.844624266268193535e-01,2.776233348182702287e-01,3.074016676138170978e-01,4.903305093144753046e-01,4.614329167459867986e-01,5.476290199069289155e-01,4.788898822261837274e-01,5.834392648024300243e-01,6.175152823987922757e-01,4.054690947813082702e-01,6.922882265281158354e-01,2.878160208070564274e-01,2.410060866696814019e-01,4.184241675643082109e-02,8.619437661123509342e-02,1.007696926080319522e-01,1.467511940448547603e-01,6.753336153901813299e-01,6.272471831182563351e-01,6.521816924041603514e-01,4.511049241484250127e-01,5.016605186547217210e-01,5.741385132200035324e-01,6.628018029119289167e-01,3.813069526947358012e-01,4.513780545161064639e-01,4.764714540286101863e-01,3.562129146895023357e-01,7.369921676128692312e-01,5.888180098076800650e-01,5.164305751233392305e-01,5.790355120674771650e-01,7.163572163527288650e-01,7.182725963181396667e-01,5.628109673788616041e-01,7.361593480805442846e-01,6.431938741070756249e-01,6.548616734323479127e-01,6.000063991971960053e-01,6.706504424515730145e-01,4.899068835103048136e-01,6.070434523709103969e-01,7.184296005249191097e-01,3.326391136994424347e-01,3.709811379286978572e-01,5.424165510154567160e-01,7.364861690890436297e-01,6.138263214971871884e-01,7.169063559506004824e-01,6.175918320706845765e-01,6.899041214928082200e-01,4.535337280455557507e-01,4.491792934778512936e-01,4.054740300120446839e-01,4.708189870418582057e-01,5.037732904249828669e-01,7.031844730228706819e-01,5.891990525805530510e-01,1.619099337300961838e-01,7.293750796022168137e-01,7.292325945299378276e-01,3.633483010627345244e-01,5.787412762975737701e-01,5.054735825442262520e-01,4.092300506633172463e-01,3.605227151873133251e-01,3.714271062994630723e-01,3.613401476815292224e-01,3.370861581063698265e-01,4.550102603804948020e-01,4.282017478416849099e-01,4.187392144707003938e-01,3.812018308085362017e-01,5.445827769151311282e-01,3.962669636504937976e-01,4.407416146334688922e-01,4.691538999832280399e-01,3.562989222270674383e-01,5.088274843022190241e-01,1.882094509862260456e-01,4.732095220982038275e-01,5.400881884924814136e-01,5.725961776473399434e-01,4.417121430971014950e-01,5.776746276367678012e-01,6.091399064972173871e-01,2.032331473594034543e-01,3.675141883599558623e-01,5.907865796537247194e-01,4.780559856299761434e-01,6.014231940855883085e-01,3.879629316370440950e-01,5.731677319779865387e-01,2.273003044411485152e-01,5.593066114489431140e-01,5.434386024644854984e-01,5.011443368227208595e-01,7.156029839995990960e-01,5.434447838344091952e-01,6.921300663953187104e-01,5.736624859637855511e-01,5.173326590497594468e-01,6.441211800704988999e-01,3.744854296665335314e-01,1.439013962878756270e-01,2.826848927570905778e-01,4.862486709688058628e-01,5.704813018299719207e-01,2.470438459946381615e-01,4.972252859949882198e-01,4.299509375671822786e-01,7.022707253000877170e-01,6.922168621082525064e-01,6.905446835745391310e-01,3.981204166481471241e-01,4.996762117679203197e-01,6.792454537087606603e-01,1.902516302472691267e-01,3.494391156765432882e-01,4.150261854101784942e-01,6.438628336718917877e-01,1.503686837912329433e-01,1.493238213914306056e-01,6.744844275441627679e-02,7.391332488256062427e-02,5.076298717261892302e-01,7.040612452264193299e-01,6.796161459221369272e-01,6.038706352856090254e-01,5.609994619454408138e-01,4.603982554008113626e-01,5.707939985599174149e-01,4.207802542719514816e-01,7.228889208622119034e-01,7.314529887406197028e-01,6.945384087803304629e-01,6.281359007519558002e-01,5.518216106463668114e-01,7.204211561547387843e-01,5.716795626012209919e-01,7.281011745842745908e-01,6.162658488405345913e-01,7.220934170824128140e-01,6.390574666531152470e-01,6.916759376224731470e-01,7.101611010046331440e-01,6.762184697983867343e-01,5.929736604141223610e-01,3.485073064599937265e-01,7.165731412463896000e-01,7.254446157798971617e-01,4.762103720568022225e-01,7.085499673544720656e-01,5.816605928022872130e-01,6.425698072461117905e-01,6.051396633555067295e-01,3.065378126634658584e-01,6.072719500272163451e-01,4.480137790668972664e-01,5.781637180522005703e-01,5.877456033691574877e-01,2.165914762679708727e-01,1.664716418146899857e-01,1.086989192411370736e-01,1.872444208958548295e-01,1.322138204101826198e-01,7.995061364595540399e-02,1.906703427591595612e-01,1.361318111729896696e-01,1.383387099371000961e-01,1.845717864651658935e-01,1.799602164704675045e-02,3.062875853217838021e-02,2.632995417918035930e-01,2.038923232033645616e-01,3.688054088814565756e-01,2.268024639324306702e-01,2.363315193204134912e-01,2.568276470891414087e-01,1.682045555578757789e-01,2.799537352940675849e-01,1.432306724743111215e-01,7.362661696191104277e-02,2.656275806325267830e-01,1.873692034672067852e-01,1.312169368461678087e-01,1.036682304805263827e-01,2.058757735331078267e-02,2.236875650783607880e-02,3.005249936104389397e-01,1.134636390238046161e-01,1.683911014360100211e-01,2.442393098279868890e-01
3.351881937588367388e-01,5.803440449769888820e-01,4.716632449248031600e-01,4.229374579393758715e-01,2.060540967860260697e-01,2.571710446886543155e-01,0.000000000000000000e+00,2.766059712420343430e-01,8.955895470063246488e-02,2.817681933798277250e-01,3.163808662911641867e-01,2.630879348948982899e-01,4.073963010075697389e-01,2.963984505824202031e-01,4.444823607632763518e-01,3.909198813225869817e-01,3.674491962305520554e-01,4.624619438737727073e-01,5.543834285843939336e-01,4.135986268282253464e-01,3.392328982002628113e-01,5.868638417717196853e-01,2.660478606896739540e-01,5.000247818282977930e-01,4.180414183498948333e-01,5.272485064209928574e-01,5.742792740312391286e-01,3.636867032863206894e-01,1.934274799387074584e-01,3.980663340996963839e-01,5.556673935241234208e-01,4.877009579952817364e-01,5.452750958467620368e-01,4.849192932186834892e-01,5.792622257710848821e-01,3.894154919315045427e-01,2.734989027652681703e-01,5.169953445520523161e-01,4.262491858260251121e-01,5.804692269829816453e-01,2.665207086864627151e-01,3.053256490972202086e-01,4.902401336684976685e-01,3.830401490690232280e-01,5.371772376648374925e-01,4.817600430001652279e-01,5.787279051406081232e-01,5.737480817208960859e-01,4.017157269566504207e-01,5.750044517285380907e-01,2.875744433939022016e-01,2.498839418734644380e-01,4.097063484257184446e-02,8.911224501853007296e-02,1.018964211617970628e-01,1.512938454529104970e-01,5.853258003030861190e-01,5.320770598871380486e-01,5.783118096657663409e-01,5.260407059118668016e-01,4.995363743653251642e-01,5.740786528562169533e-01,5.625286419189589049e-01,4.040308801803934591e-01,5.171668781082308097e-01,4.651696581974957279e-01,3.580697702563360174e-01,5.882754969923813526e-01,5.876270906040914621e-01,5.202572417335451505e-01,5.787996363281299184e-01,5.563090734166177276e-01,5.526807269821788493e-01,5.602478576995272297e-01,5.885119337926874028e-01,5.768987631955402318e-01,5.624526467641444150e-01,5.753098371814983070e-01,5.815360164292845413e-01,4.775936392686696008e-01,5.624887595714875843e-01,5.659049310528189158e-01,3.323921972738648756e-01,3.753554850465352644e-01,5.470315004221759647e-01,5.815117231789838081e-01,5.880466635845396084e-01,5.782540235852137167e-01,5.878957028796110151e-01,5.823957041962476433e-01,4.640888111598409083e-01,4.521056335137031423e-01,3.935373229030454945e-01,4.724382507995439351e-01,5.034723513061749589e-01,5.481650243111702014e-01,4.332318777581324887e-01,1.193060149930486730e-01,5.887512903065453829e-01,5.884191721212578274e-01,3.013400366872960867e-01,5.478889836836741134e-01,4.932186150192429119e-01,4.611686728568508142e-01,3.728530711008579690e-01,4.344048198019010432e-01,3.137104853056231213e-01,1.728770652458297696e-01,3.812847738239839024e-01,2.894061247566871442e-01,3.279739385646091576e-01,3.706503869964933306e-01,5.426108503541113848e-01,3.904004355710795071e-01,4.365527031629462540e-01,4.744821578148671892e-01,3.645069791028365258e-01,5.185169804910733093e-01,1.972587967573370682e-01,4.771002822580520109e-01,5.031983934167807426e-01,5.642397396547872424e-01,4.404495624780933594e-01,5.689084326122082480e-01,5.817556355974573545e-01,2.035889749066229770e-01,3.734280965436112543e-01,5.867836952775820070e-01,4.811588771863869463e-01,5.816236433505164172e-01,4.547700152042752353e-01,4.885606407212874647e-01,3.206937507045490854e-01,4.877222729838565640e-01,5.592366759275881893e-01,4.754573335404020940e-01,5.866686453798832801e-01,5.434670009088838905e-01,5.401527871649826062e-01,5.703028388768671686e-01,5.165462852264961491e-01,5.843860563285051546e-01,4.711868030894920678e-01,1.394882522234874578e-01,2.743673133560938227e-01,4.806497930658578666e-01,5.537077981832372320e-01,2.594056174395981129e-01,3.930829865500850562e-01,4.328760974448045973e-01,5.855177451702608948e-01,5.895952654652719671e-01,5.863042560343315612e-01,3.970549575485227134e-01,4.978970607855446318e-01,5.763599614014166539e-01,1.959223403090948334e-01,3.459429605416484699e-01,4.019952988483277978e-01,5.832025126751619881e-01,1.601717092131060005e-01,1.572755567288151579e-01,6.429103627163254564e-02,6.829811862159700098e-02,4.473729759143219575e-01,5.880311294612364792e-01,5.769927399564735992e-01,5.825872299071875871e-01,5.418789164661657054e-01,4.498294792913892781e-01,5.845839554566844010e-01,4.599662408140400283e-01,5.882178066360854718e-01,5.890337824772451381e-01,5.886440690031680134e-01,5.528909807311799263e-01,5.672060379358727644e-01,5.767599614985090550e-01,5.763201641449373636e-01,5.743604033493792116e-01,5.387589767028529986e-01,5.845031790885634182e-01,5.832912578130681203e-01,5.821659265115549653e-01,5.707859959756342860e-01,5.681216335549387209e-01,5.724535874960501314e-01,3.398240220769805364e-01,5.715140893607737471e-01,5.882215507534349630e-01,4.936091826650172432e-01,5.861038879460985784e-01,5.638413645027153809e-01,5.503483706580932777e-01,4.782797881481785085e-01,1.818712322882302945e-01,5.810135214155570660e-01,4.625968139495607034e-01,4.925089594979684682e-01,5.510253175122670211e-01,2.034104707496726394e-01,1.512135449312602409e-01,1.158482279697154588e-01,1.882960015642608509e-01,1.384043790042635558e-01,7.937487630089809509e-02,1.901349498122094361e-01,1.371108843116368436e-01,1.378362479558036258e-01,1.812220599569706603e-01,1.684930316305827472e-02,3.138677141052617636e-02,2.617961018756488900e-01,2.006057910874508576e-01,3.640119080365183390e-01,2.294293187051503757e-01,2.257412693246791946e-01,2.535966466312052359e-01,1.767142015466653671e-01,2.850768312083115652e-01,1.572876956874814935e-01,6.602906785842510562e-02,2.549756365774833444e-01,1.876376509617137256e-01,1.287940743068307081e-01,1.001944526756392839e-01,2.123335131627659272e-02,2.138637556295108766e-02,2.985750698340697284e-01,1.154025101376806861e-01,1.684659197862896085e-01,2.486238173038800015e-01
4.201069415048452327e-01,5.990252755624360104e-01,4.191499110053493182e-01,5.010834728358757317e-01,3.870872621719506079e-01,4.017687931274214752e-01,2.766059712420342875e-01,0.000000000000000000e+00,1.455582854073839139e-01,1.328572489468367313e-01,3.422842597868013259e-01,3.201400878680891737e-01,4.099987182853153667e-01,3.094270009130951626e-01,4.531174637832111052e-01,3.968294632483370110e-01,3.643066571586447422e-01,4.626154531744946508e-01,5.804090803241145347e-01,4.116787419970253659e-01,3.339806849075244166e-01,5.974222193225017241e-01,2.611834033066769423e-01,4.937618005521586806e-01,4.142080579742656310e-01,5.212542542853165761e-01,5.882757412083353676e-01,3.678837139302243431e-01,2.601923597381202158e-01,4.781035046317829718e-01,5.681883040694825082e-01,5.554467295542153682e-01,5.784653981944838375e-01,5.563134401627859438e-01,5.846446174212656111e-01,4.008072268637289381e-01,2.803164053540010414e-01,5.174363581118439637e-01,4.390967950660810692e-01,5.730547286399232387e-01,2.656293560768406836e-01,3.026927486728401284e-01,4.845260768582061450e-01,4.490921881962215423e-01,5.227746321665825979e-01,4.746368064876429482e-01,5.712834462326282781e-01,5.914195793999623696e-01,4.008786991069515637e-01,5.869768007253632902e-01,2.895888711310192210e-01,2.621117370787362510e-01,4.131709228246768784e-02,9.053135392111237578e-02,1.063526249826186459e-01,1.529269505127858197e-01,5.953930478197119180e-01,5.663737490198114122e-01,5.957739984585659343e-01,5.582655316395217504e-01,5.130029356518694961e-01,5.713253859765461407e-01,5.752855693619354227e-01,4.065093472681373665e-01,5.232792550640691376e-01,4.684852935199553814e-01,3.555387509643508359e-01,5.995902332960700853e-01,5.926860670157847455e-01,5.199338203978847162e-01,5.783097115580394521e-01,5.738578434988672594e-01,5.690788761224585546e-01,5.608410346748778919e-01,5.989744701027875928e-01,5.940432725227176025e-01,5.872992076947011197e-01,5.951256684301962085e-01,5.964886587981729216e-01,4.898197291264865805e-01,5.905067437204668535e-01,5.915477777868907161e-01,3.332721972117836939e-01,3.766813495239777487e-01,5.455699400373713592e-01,5.997855726310437063e-01,5.990856791461230957e-01,5.953183314308256868e-01,5.995705471831014322e-01,5.939943053715402987e-01,4.616623267627100180e-01,4.521995522704277959e-01,3.996278056498046016e-01,4.716013537484699536e-01,5.061002386653085106e-01,5.729445478142469739e-01,5.054407839137536884e-01,1.738668298121865685e-01,5.990115222894937252e-01,5.982505872715844220e-01,4.191503530576061176e-01,5.696554985510139391e-01,5.000120791857463054e-01,4.637419033604845420e-01,5.071983703722765524e-01,4.302141244949591603e-01,3.084154895985455336e-01,2.725865419144419266e-01,2.341370672824946153e-01,3.166228895341748339e-01,3.287818299666243060e-01,3.539409639951747732e-01,5.418616667864969427e-01,4.154635918668650452e-01,4.413524299005597284e-01,4.795901032916875528e-01,3.649506974124802627e-01,5.293451989360463683e-01,2.023824192785541043e-01,4.753043597753548455e-01,5.334760886646878753e-01,5.837348292621989954e-01,4.395493241556701070e-01,5.635135545619714970e-01,5.955647681664202331e-01,2.001568257618337177e-01,3.759988301696104429e-01,5.822325904004207464e-01,4.696033068888395556e-01,5.920408383728847923e-01,5.230244319253900542e-01,5.316927009981136099e-01,4.586283065763535616e-01,5.258891659027631338e-01,5.731707781531962809e-01,5.431254433395297232e-01,5.997182157111209388e-01,5.444436122288774937e-01,5.518936694460749859e-01,5.746920578007826963e-01,5.165995893799097960e-01,5.905200956265141965e-01,5.152004231372113718e-01,1.369836054738159392e-01,2.685184337460690407e-01,4.770571274445931653e-01,5.460295702793062089e-01,2.744481616177416039e-01,4.713342062471230776e-01,4.276207123513647845e-01,5.983502718681521504e-01,6.028267217252712973e-01,5.989329265585314754e-01,3.975818529130396572e-01,4.965975629393787338e-01,5.876560555402314812e-01,1.976531171208549265e-01,3.479935779319612288e-01,4.282845443548866093e-01,5.960392925192578018e-01,1.618756370819039447e-01,1.651528546894859839e-01,6.887522828462649960e-02,1.341687103756028232e-01,5.201878694642527723e-01,6.007598977227588399e-01,5.912091620517100354e-01,5.901895941066320761e-01,5.700161344201047919e-01,4.538981723333174734e-01,5.888966629224221538e-01,4.776834440757825040e-01,5.988435922640367171e-01,6.003498847992456700e-01,6.006679754685116945e-01,5.766575955235065942e-01,5.781330930312184035e-01,5.957326959289687140e-01,5.746957637245515560e-01,5.933668244704523032e-01,5.577423645260192187e-01,5.995243303775342758e-01,5.983477113589548146e-01,5.969344377037988369e-01,5.934271561569121056e-01,5.901119595135787543e-01,5.920048238038203570e-01,3.404893487652397299e-01,5.925783033228007035e-01,6.008846727308360114e-01,4.945345135428835803e-01,6.000435136598478714e-01,5.878353273173413385e-01,5.821383951285816760e-01,5.403613024073109505e-01,3.507860418597628649e-01,5.918210529968351841e-01,4.628135754582136108e-01,5.393966832084947649e-01,5.746669224950895494e-01,2.176348218561984238e-01,1.608378239295342460e-01,1.171872128248425682e-01,1.934471097130915918e-01,1.769847370842749790e-01,8.450734989260839936e-02,1.941822482987949627e-01,1.390211390423714832e-01,1.372728091729233657e-01,1.799253578878385329e-01,1.742392605462154270e-02,2.976348001290947398e-02,2.585484724761593633e-01,2.009108575030487676e-01,3.620666484320730905e-01,2.315203072377705895e-01,2.359601335668161659e-01,2.581511558181592281e-01,1.796554028454254437e-01,2.902536376687472885e-01,1.600181403439659422e-01,6.847886505429640058e-02,2.639020609087344704e-01,1.899117382939957965e-01,1.279337502733929599e-01,1.017107488786735681e-01,2.078715405557551507e-02,2.142616564543649987e-02,2.917207406175954532e-01,1.143106525005768148e-01,1.664556483964738376e-01,2.462065457539473756e-01
1.628136836648556018e-01,2.032708184155555542e-01,1.954551236846402418e-01,1.798732496580456586e-01,1.465782046733662969e-01,1.531318829781735669e-01,8.955895470063246488e-02,1.455582854073839139e-01,0.000000000000000000e+00,9.984838967570196233e-02,1.224942161634647586e-01,1.240289622989216439e-01,1.815471587300880318e-01,1.844269496267090802e-01,1.839257285687576626e-01,1.908980239767928411e-01,1.897821017096587570e-01,2.058319910667536501e-01,1.927125766025286069e-01,1.971179120550786423e-01,1.969017657549457512e-01,2.020413653110581798e-01,1.971278033920548234e-01,2.046124035852445178e-01,2.022308027627005567e-01,1.967389784478331960e-01,2.049682265343964749e-01,1.734537547935677548e-01,1.458538570502728171e-01,1.642598222385983908e-01,1.949678392394830762e-01,1.719262271983062473e-01,1.872927661641158037e-01,1.856834131708904045e-01,2.070327508823136264e-01,2.018589642434273079e-01,2.025164611098628220e-01,1.934653516939552065e-01,1.921791793700091400e-01,2.117693610987704811e-01,1.938018922482612205e-01,2.049923810625889631e-01,2.100721904920732352e-01,1.199535353058539255e-01,1.943289537610320694e-01,2.099529547402452789e-01,2.101880333436094428e-01,1.803573415738211894e-01,1.908873955078596585e-01,1.745165105880567558e-01,1.876951261293484663e-01,1.786220107680251412e-01,3.800678772755158863e-02,9.173750980970478419e-02,1.028935055763015027e-01,1.472480018509696453e-01,2.060208036793416131e-01,1.698484062525042748e-01,1.990201444091934946e-01,1.873902302914607632e-01,1.919974323423757345e-01,1.951604652424031028e-01,2.021580066294295097e-01,2.082910690569272361e-01,1.922396265142474192e-01,1.830222066046131857e-01,1.977027181312923654e-01,1.934184080478906775e-01,2.042492591610473029e-01,2.078034676332222719e-01,1.957916329731108906e-01,1.646920815762621115e-01,1.687252251131487746e-01,1.956444257156557676e-01,2.049139997538817204e-01,1.859929056850959939e-01,1.675348077991986318e-01,1.793477006028784682e-01,1.852789109164092451e-01,1.761531321203138323e-01,1.770130709184108697e-01,1.589937032702778419e-01,2.115194989405682902e-01,2.049570539686444148e-01,2.112548011405387116e-01,2.126797781024518386e-01,2.052828924155123691e-01,1.817176734353241341e-01,2.098497657165046271e-01,1.840433793528369333e-01,2.113003320795927842e-01,2.065796695736689115e-01,1.839931410909889098e-01,1.904986188495621791e-01,2.113209616900228738e-01,1.551074442887322713e-01,7.326319154078805851e-02,1.377121925881457654e-01,2.126506295124155899e-01,2.094058391303884326e-01,1.575153088266763868e-01,2.023637140037166660e-01,2.093961484370129578e-01,2.090529517996775888e-01,1.700084517123694183e-01,2.022336471622214193e-01,1.583495305690375277e-01,3.697015747098192362e-02,1.602612465708441458e-01,1.079765227089710122e-01,1.265818858679041148e-01,1.579316740861147761e-01,1.980106210750351703e-01,1.594173622063683182e-01,1.855138253230846357e-01,1.876913640915259529e-01,1.997884619986293464e-01,1.861387342810973400e-01,1.823206899707621176e-01,1.981762030640366601e-01,1.528354461064418690e-01,1.946926621619819164e-01,1.930322683078860291e-01,1.861312316832504921e-01,2.058854269920455671e-01,1.910694561019492810e-01,2.010553947789900375e-01,2.083940472210470962e-01,2.057135333304770941e-01,2.063002858755988711e-01,1.662984699951313705e-01,1.741692593787158572e-01,1.578448530148451046e-01,1.630589937320433280e-01,2.036070266019751052e-01,1.828573476281666055e-01,2.131457762737651584e-01,2.096867978373384012e-01,1.750431355456082971e-01,2.010288344049526998e-01,2.103986542693129236e-01,2.107886360583841046e-01,1.755553153867687177e-01,1.413151770207806690e-01,1.957971797738605191e-01,2.012223361210597194e-01,1.932300446326035703e-01,1.708404944677818227e-01,1.298980106658537137e-01,2.094076153823841435e-01,2.091429954808667335e-01,2.103028445720030171e-01,2.039608407878191754e-01,2.064436251736058714e-01,2.065866855809246339e-01,1.862143444421667238e-01,1.811726957021640716e-01,1.827647135740340656e-01,1.419902022975947364e-01,2.004021055393157835e-01,1.586878052272082396e-01,1.464236829414677643e-01,6.225820847107813027e-02,1.396375842889027719e-01,1.617059917077409703e-01,2.120588951954744672e-01,2.055881445626859261e-01,2.123271517935020336e-01,1.912782940296570700e-01,1.663662571799757184e-01,1.999210063841901641e-01,1.830773850361493982e-01,2.007274074916579609e-01,2.067096898087731338e-01,2.079967220883822965e-01,1.834773632306672120e-01,1.980377994764837557e-01,1.880454599750452371e-01,1.989125934424634257e-01,1.888451284835407640e-01,1.497065070687569610e-01,1.931729850622507516e-01,1.889167324948756721e-01,2.018983629599115370e-01,1.806549778490189329e-01,1.670204008875299517e-01,1.706886386196590499e-01,1.807847347812997496e-01,1.732945005916051440e-01,2.121016124001894043e-01,1.984878377099845992e-01,2.073960418247737802e-01,1.876175363993265732e-01,1.875880064742918296e-01,1.301609394407231002e-01,1.330238051051348958e-01,2.062335282600541164e-01,2.114841583231091282e-01,1.807735334075962763e-01,2.004372832423614581e-01,1.566944611723122549e-01,1.410687075632224008e-01,1.047740867905974649e-01,1.751619888915356971e-01,1.337388488592035352e-01,7.040094939931304530e-02,1.579387484983246492e-01,1.356705929925390020e-01,1.373811674343509703e-01,1.666037302807280573e-01,1.734886895610172897e-02,2.734716907177735939e-02,1.969733894885518366e-01,1.886213457091082402e-01,1.789467878287608615e-01,1.980584893529346580e-01,1.679642210916486023e-01,1.536431816860650279e-01,1.647544528427160593e-01,1.753946863727653960e-01,1.367207556013307623e-01,6.417531388060633557e-02,1.806714502196516692e-01,1.733395348539972791e-01,1.215579688988367296e-01,9.332762840475647415e-02,2.083960178507723512e-02,1.935872376208522955e-02,1.909940100206005131e-01,1.075996276021072423e-01,1.523076212971092580e-01,2.086348119017266967e-01
4.937617216293890277e-01,6.571678110696254071e-01,4.556494696621923857e-01,5.556117880962432309e-01,4.746367322988003234e-01,4.617886228494026968e-01,2.817681933798277250e-01,1.328572489468367313e-01,9.984838967570199009e-02,0.000000000000000000e+00,2.370502590403513743e-01,2.549640920070889161e-01,4.000999412365724983e-01,2.979663092794377910e-01,4.450841214855263406e-01,3.948826818248562520e-01,3.598287079737196859e-01,4.613839113046597773e-01,6.322960286866203816e-01,4.084677699814853735e-01,3.246547221072770828e-01,6.457256394840328317e-01,2.595805953417489875e-01,4.948050794397193530e-01,4.088500377771493444e-01,5.203239389906508805e-01,5.972343858693826002e-01,3.407026824906810303e-01,2.398996955579986712e-01,5.236503787511528341e-01,6.310671853754131755e-01,5.908915487434988068e-01,5.919800733095783585e-01,5.388422985411250865e-01,5.819117920371028596e-01,3.935080894743107072e-01,2.736634446721371017e-01,5.200090254067099016e-01,4.268347403265433382e-01,5.746837481972180139e-01,2.580088481212456930e-01,3.013002340513204480e-01,4.847814532439657098e-01,4.060172732784288474e-01,5.165493770385336525e-01,4.684585748833890451e-01,5.763818996454344035e-01,6.083961764087534307e-01,3.973275578975736244e-01,6.463505909147893025e-01,2.945177014397273862e-01,2.596402863076860412e-01,4.229507271261333939e-02,8.889305949057335621e-02,1.043886993827123355e-01,1.456535084148140868e-01,6.409202585191502433e-01,6.074385642596443757e-01,6.547849100783886822e-01,5.498645294675891249e-01,5.053620595223315970e-01,5.699262826689838191e-01,6.068626836452906126e-01,4.011170417137358002e-01,4.966129900150974552e-01,4.653979457595886493e-01,3.567193117195081586e-01,6.610283447388398681e-01,5.925591079796255212e-01,5.201566332958358352e-01,5.771862978251793841e-01,6.172076514588068497e-01,6.116875570527721129e-01,5.575121914838243598e-01,6.612498766296417418e-01,6.348104934273977040e-01,6.273212280927694673e-01,5.955299438350134533e-01,6.463845703879577131e-01,4.866761380841476137e-01,6.196828822686867300e-01,6.503309436062321147e-01,3.325708696391593278e-01,3.753685608324242029e-01,5.314995173551232410e-01,6.614840327363470385e-01,6.136827997187860317e-01,6.530765201835654343e-01,6.199487582155994714e-01,6.507718486531297586e-01,4.570534067042356652e-01,4.508609620696481524e-01,4.016767551722334462e-01,4.551423581903081272e-01,5.002891389006584033e-01,6.157024431975016698e-01,4.469989840650843149e-01,1.545770958387150951e-01,6.511221336479179334e-01,6.508157068880440210e-01,4.721285038187190697e-01,6.405686930933657264e-01,4.853396158293858953e-01,4.673236017497652828e-01,5.617709154017431761e-01,4.533736713810790908e-01,3.203333923319853782e-01,1.854560108300381815e-01,2.351125493086938245e-01,2.110428905177590408e-01,2.195116254191430971e-01,3.731250490425594979e-01,5.393823495129274059e-01,3.868628076221845014e-01,4.298050166124277593e-01,4.770870000601497019e-01,3.667409994737900747e-01,5.226784988238388774e-01,2.031950703541592351e-01,4.679871306517800478e-01,5.417475888631425596e-01,5.890929942714927536e-01,4.374033025117662898e-01,5.595471845627877361e-01,6.197174820845660070e-01,1.983872464758185683e-01,3.769474966151087347e-01,5.853360302050197861e-01,4.679244866414255521e-01,6.113122745186817530e-01,5.266526941677334150e-01,5.669503281607235490e-01,5.132022758550959241e-01,5.643636779860110586e-01,5.742455678531968033e-01,5.961203836224128194e-01,6.601040744064707866e-01,5.449716110217190934e-01,5.964952627937754048e-01,5.789039894647270978e-01,5.152824867286658339e-01,6.384071318389480387e-01,5.069531973253562640e-01,1.341620809678439608e-01,2.605779018923748414e-01,4.738585689265390477e-01,5.392177921968133170e-01,2.673133988603989541e-01,4.479055038228933472e-01,4.231521211429251639e-01,6.595740647390874178e-01,6.624262644809630896e-01,6.557961789981275880e-01,3.967731765639197494e-01,4.932245418753599675e-01,6.456533726553045360e-01,1.946656437476384782e-01,3.514863598839774728e-01,4.199035904362201643e-01,6.575653657035753774e-01,1.630482820632829788e-01,1.612911575963333621e-01,6.783982592946860568e-02,1.328268791613906874e-01,5.678160516254773249e-01,6.611686088144891338e-01,6.468526683758243356e-01,5.976694392412857937e-01,5.881859252312084951e-01,4.474285382449723070e-01,5.814628239026633505e-01,4.616044379554846699e-01,6.611058341808903061e-01,6.611851136384218064e-01,6.615605886912675482e-01,6.209751589760368340e-01,5.757553105629785728e-01,6.442812814804165233e-01,5.682217235114037646e-01,6.402061226490838308e-01,5.656196852117575391e-01,6.513094371970669094e-01,6.345547011274514926e-01,6.520528049161431472e-01,6.361875102332639198e-01,6.356598534633048914e-01,5.873102285703092340e-01,3.379725150223563124e-01,6.411901763605966087e-01,6.607259672760071867e-01,4.856897015935469630e-01,6.579757158376798865e-01,6.057060150058013459e-01,6.144702512819644191e-01,5.255339630934647843e-01,3.344138153572637218e-01,6.138476161404813336e-01,4.588154469705296168e-01,5.585297712937208336e-01,6.279593406970861436e-01,2.123674689950529881e-01,1.533434216621070711e-01,1.181649450894943360e-01,1.931906832441648014e-01,1.554214224464643135e-01,7.622868452330822109e-02,1.750689978788712575e-01,1.327685597298095543e-01,1.366552872832959842e-01,1.789124670421201324e-01,1.736885166849256104e-02,3.018882919766453093e-02,2.542397759817548453e-01,1.951124515780408575e-01,3.560731362965779967e-01,2.210700177858252735e-01,2.332076657859142033e-01,2.482157692800957549e-01,1.762081414221402242e-01,2.860263777068925983e-01,1.532794749493678055e-01,6.220884821426073130e-02,2.455903414344092206e-01,1.710605034785355749e-01,1.264565142204496784e-01,1.006049205302401578e-01,2.097881977919747315e-02,2.002759228192126442e-02,2.867613960291018338e-01,1.112889291141693632e-01,1.600378031538510215e-01,2.404973542703260914e-01
4.493263235358412877e-01,5.044416283999126893e-01,4.843219853686344112e-01,4.767348921948969531e-01,4.041943512767901536e-01,4.195478231462863028e-01,3.163808662911641867e-01,3.422842597868013259e-01,1.224942161634647170e-01,2.370502590403512910e-01,0.000000000000000000e+00,2.133029310352096697e-01,3.770974683872065358e-01,2.999528826338822007e-01,4.497170077793765097e-01,3.953409845016000457e-01,3.492214875608252722e-01,4.602943310045998770e-01,4.872569735093180143e-01,4.068718440268578873e-01,3.255915863460468462e-01,5.066339518567465339e-01,2.633104103987838340e-01,4.974725961535556018e-01,4.182500428423941985e-01,4.955533522634051335e-01,4.989568299255509598e-01,3.865189652825527511e-01,2.865754812313960898e-01,4.446805739037597016e-01,4.977517015332891814e-01,4.446802835799834042e-01,4.706829644089042808e-01,4.875526864686596795e-01,5.034570758593123196e-01,3.929899903776312153e-01,2.778194301419731893e-01,4.738490386697124523e-01,4.349202054228782921e-01,4.938573311654624876e-01,2.467372471941026713e-01,2.966529884435393782e-01,4.806380439598668119e-01,2.653140420796770704e-01,4.526488586169096773e-01,4.708989885987361901e-01,4.870057899528431045e-01,4.591985296210265854e-01,3.718217397822959902e-01,4.463684751796446193e-01,2.808471331063372989e-01,2.559142025046411972e-01,4.184026520852879988e-02,9.424699053751112166e-02,1.045292661853873400e-01,1.550771088227949901e-01,4.987346658937163446e-01,4.246688258441537189e-01,4.949926228736641898e-01,4.819485972768067228e-01,4.628412427462347267e-01,4.783188446457234955e-01,4.831346542478549555e-01,4.067108305560904191e-01,4.769867145636266237e-01,4.327171061462230517e-01,3.544190436529037203e-01,4.900599596926764057e-01,4.988269600784118185e-01,5.033615824414724438e-01,4.747317457714607114e-01,3.161507770614320201e-01,4.079084671703043230e-01,4.403461733349340879e-01,4.942759356214588284e-01,4.780156591566535607e-01,4.274497678146838009e-01,4.343438165392791150e-01,4.578220113081313269e-01,4.486371389536086829e-01,4.779515560595753998e-01,4.519138551352208655e-01,3.320234423622119291e-01,3.775443985655709267e-01,5.064890373104661281e-01,5.026432428323935886e-01,4.964147092808799955e-01,4.842700907542029087e-01,5.064719649386769662e-01,4.537807832458163881e-01,4.614026166568293008e-01,4.448084756331528444e-01,3.709442489197816717e-01,4.544082060787871247e-01,5.023240811415805585e-01,4.249287564037538822e-01,2.282548274532768817e-01,1.298228992042560204e-01,5.063116220197295680e-01,4.994485281505159358e-01,4.417288186292911978e-01,5.049777721547704656e-01,4.643923678755205176e-01,4.600633568553852415e-01,4.595387149392022308e-01,4.909054276488746815e-01,3.994388378679606943e-01,2.443152398573641970e-01,3.988239579125136824e-01,1.996354446011338046e-01,1.362394340272924942e-01,3.429827409609984556e-01,4.891663670114686502e-01,4.132676010572312597e-01,4.196482352800465221e-01,4.666211654792139507e-01,3.565860950790146200e-01,4.725315611123954707e-01,2.036432028323141019e-01,4.737052602515694488e-01,4.253928835128553687e-01,4.931177791113990350e-01,4.333703831631634529e-01,4.899884571153130808e-01,5.063887224032144196e-01,2.010105333210694956e-01,3.795902594476619485e-01,5.026390872543416988e-01,4.775513267908613746e-01,5.031990899054058497e-01,4.689661722167829949e-01,4.583442278162138672e-01,4.340147884980095072e-01,3.985385583115114150e-01,4.944064252688926131e-01,4.730733462251012211e-01,5.042569973599384525e-01,5.034822041430567774e-01,4.176927704061313418e-01,4.949006266039160384e-01,4.969735718627903975e-01,4.986754968994737136e-01,4.708083511288209677e-01,1.365158349525750492e-01,2.578476386884773208e-01,4.718320413096906973e-01,4.593561837676241044e-01,2.540501986115232813e-01,3.228361017005229594e-01,4.259910925013264960e-01,4.909866553887950458e-01,5.013694950328749789e-01,4.749260504806334104e-01,3.831486331578601856e-01,4.831906113327831265e-01,4.481417452354068964e-01,1.911292135522018321e-01,3.440679160982522133e-01,3.909063177544837009e-01,4.994358183096077042e-01,1.688516636087281919e-01,1.634523622568095913e-01,7.125701114231984545e-02,1.567196936014556841e-01,4.428936221501599824e-01,5.040916861503380586e-01,4.791769231392525863e-01,4.973731552620574425e-01,4.734965835000106149e-01,4.087261348245234127e-01,5.044156764094376300e-01,4.768756377505086186e-01,4.913989982285886793e-01,5.016141210796596361e-01,5.032124977227708795e-01,4.688628944153488964e-01,4.944019489882342522e-01,4.780284974659618213e-01,4.729706295259694104e-01,4.630984372938219407e-01,2.830946416157350543e-01,4.838935137437081480e-01,4.368178501857554741e-01,4.835550337564712975e-01,4.699849499723631752e-01,4.434031267490801120e-01,4.585865730607904256e-01,3.111712301196788433e-01,4.621890154614162194e-01,5.067933322619546654e-01,5.004281062964128779e-01,5.045132495305475473e-01,4.707814374374340027e-01,4.577362956659505877e-01,3.062326599423252360e-01,3.023377438585632127e-01,5.023872695291009549e-01,4.624857367096518179e-01,4.582332493720561728e-01,4.949495482511023781e-01,2.045265527650703408e-01,1.394729964616494289e-01,1.243937714686766671e-01,1.930852753420635171e-01,1.825338995251174767e-01,8.460026780317189687e-02,1.714747165061306367e-01,1.275249810863246513e-01,1.312907193125093797e-01,1.628889631015063011e-01,1.732788687134280414e-02,3.025956021232242138e-02,2.567373786884222797e-01,1.918034022537914995e-01,3.515966060100381707e-01,2.262998567058051302e-01,2.236430922445520608e-01,2.344877210807672641e-01,1.727894081763287626e-01,2.800063015838661906e-01,1.549117526600950201e-01,6.497626061049260882e-02,2.358076806296387218e-01,1.651142632372538388e-01,1.188252316796483687e-01,8.808767206720478915e-02,2.026471050758247433e-02,2.068414395518093293e-02,2.844973799067935794e-01,1.122655275435888028e-01,1.659923857380749546e-01,2.407885627893572855e-01
4.949418636769010726e-01,6.086776487623962728e-01,4.956851595547445699e-01,5.150453404178143568e-01,3.520129667631308745e-01,3.980752575250375291e-01,2.630879348948982899e-01,3.201400878680891737e-01,1.240289622989216439e-01,2.549640920070889716e-01,2.133029310352096697e-01,0.000000000000000000e+00,3.738556665986085825e-01,2.963415446028836997e-01,4.425050003686196165e-01,3.949507360947018819e-01,3.577164385450244954e-01,4.652292558814098977e-01,5.933395688309406335e-01,4.130233430563888808e-01,3.274676171509975919e-01,6.068533793953768685e-01,2.592561598122636868e-01,4.974350581044463815e-01,4.172014480623602029e-01,5.254365842749390003e-01,6.028928582261802172e-01,3.742850481779281813e-01,2.583806034860401946e-01,5.000826312712818300e-01,5.846105663740553959e-01,5.493606518885186807e-01,5.807287140823943483e-01,5.422691084551715113e-01,5.843257781946782359e-01,3.993641575441085334e-01,2.744951015784418136e-01,5.222675272968624327e-01,4.424335946645005513e-01,5.756920958731398530e-01,2.441707678792535696e-01,3.028481573197910892e-01,4.832288776204667902e-01,3.785549787446089165e-01,5.114838173690513523e-01,4.765743821616130194e-01,5.671212299671548607e-01,5.767245820214456087e-01,3.925093199592792903e-01,5.606785435982891697e-01,2.758712634973003452e-01,2.499901728176716909e-01,4.068814190903287387e-02,8.930115392494225590e-02,1.016831550367178483e-01,1.516632055529286427e-01,6.031205472965099901e-01,5.575156780365807530e-01,6.026041888352866582e-01,5.481891960730249647e-01,5.081802677840955296e-01,5.682763871330354100e-01,5.980604509761557885e-01,4.110679673982782223e-01,5.330094841971715347e-01,4.401480829036549247e-01,3.537608172908485726e-01,6.020080629753626900e-01,5.918314053158737487e-01,5.192476701814972007e-01,5.687746469633752078e-01,5.158793368306366922e-01,5.492030204972599972e-01,5.363831622593759896e-01,6.069264057016048319e-01,6.018923155076465470e-01,5.780344025773858085e-01,5.662590341271634964e-01,5.826184247865693333e-01,4.684047861829448989e-01,5.774413483804827774e-01,5.679680133734033021e-01,3.334926733545824917e-01,3.763925641397847244e-01,5.464780870483910702e-01,6.051242326281869310e-01,5.998083897857455771e-01,5.907614524359919850e-01,6.080925763197407852e-01,5.825797923928656141e-01,4.639179058017293689e-01,4.419731961769548523e-01,3.790176213335748057e-01,4.698402324860219137e-01,5.042953860394363552e-01,5.728974115823880497e-01,4.735054624993674244e-01,1.500801898231726994e-01,6.094851149143003521e-01,6.072236192875123395e-01,4.469302712272065214e-01,5.785561682128224081e-01,4.847905179920671270e-01,4.676011092295827565e-01,4.787293101502386183e-01,4.223341908850127835e-01,3.666080041842763038e-01,2.343829576901149958e-01,4.223171812623756072e-01,2.708918018928263560e-01,1.655824219679461751e-01,1.866130295340653888e-01,5.393311552200863446e-01,3.894773144288757871e-01,4.246063656776026818e-01,4.726641071112843151e-01,3.498523650463886692e-01,5.331077212097939944e-01,1.998552702965797900e-01,4.796581421149306301e-01,5.139910546299263361e-01,5.952560408423479554e-01,4.419430085143350451e-01,5.660552050699620974e-01,6.016167038685736879e-01,1.996526150615475781e-01,3.746816518110390737e-01,5.841648724748431665e-01,4.757560179392103517e-01,6.033742349150592599e-01,5.145167492324664860e-01,5.243192947126192882e-01,4.407934524878985294e-01,4.633428528518248046e-01,5.700861341496170631e-01,5.265445710375277200e-01,6.073837640858690268e-01,5.451116815070218280e-01,5.489553689470203501e-01,5.778956914471251594e-01,5.141901670478310482e-01,5.964857163839802912e-01,5.031145833837155079e-01,1.311780969628585092e-01,2.593877878727315900e-01,4.681092213380029232e-01,5.239426796927386665e-01,2.322940029040395649e-01,3.800618316663741947e-01,4.233795570990612211e-01,5.883890655726079499e-01,6.062930788597034049e-01,5.828298026957526856e-01,3.820617262487102650e-01,4.898769272233837735e-01,5.635727556004601624e-01,1.919951248812569455e-01,3.270749718232148218e-01,4.010757854116964172e-01,6.012910691333392954e-01,1.593831306182026397e-01,1.566992992220727354e-01,6.472539882377145726e-02,1.130460360769857397e-01,5.166536309197862220e-01,6.074648578284905787e-01,5.958849829291702482e-01,5.943443233678008530e-01,5.807300278691895912e-01,4.147316365752402034e-01,5.863717354411769334e-01,4.631741849980521852e-01,6.021792650338848585e-01,6.029723738611478812e-01,6.087322636934761055e-01,5.799493950259935193e-01,5.718986666293274235e-01,6.012063892234527085e-01,5.571552278474473097e-01,5.984015014481044448e-01,4.807078481048134289e-01,5.929830181397284239e-01,5.740977026493718771e-01,5.924546219892786736e-01,5.973710051837102242e-01,5.755583788701708059e-01,5.610313842191702038e-01,3.110675127836196041e-01,5.715090808513214604e-01,6.081985425995976025e-01,4.885005143089541368e-01,6.071092793669649046e-01,5.630030137431275561e-01,5.844203238268055323e-01,5.210632686130632907e-01,3.096580123784765659e-01,5.994183148322360655e-01,4.526016966102198169e-01,5.202401961765165117e-01,5.628580743628101013e-01,2.102237216501461614e-01,1.559301068110397759e-01,1.149157959048133226e-01,1.946590287827833221e-01,1.692762226582467944e-01,7.925485929806118379e-02,1.802764254152117163e-01,1.279343607354285206e-01,1.317681541615555174e-01,1.715792182101059382e-01,1.733419928040512425e-02,3.037342204451394523e-02,2.575688275048133580e-01,1.932936163365432669e-01,3.601623133187049075e-01,2.317178083534059130e-01,2.314856733688508139e-01,2.505813840462834952e-01,1.714379050375955116e-01,2.777864457668502984e-01,1.574829968034908989e-01,6.542863825659710197e-02,2.550887923415238734e-01,1.809330626711136703e-01,1.212387770240271473e-01,9.444382571518676606e-02,2.114093440255938872e-02,1.948832502338994702e-02,2.885715720250106586e-01,1.132606501857385678e-01,1.632648599606917883e-01,2.458009559243046760e-01
3.947479349320701658e-01,3.935784604184352498e-01,4.112754565970999643e-01,4.095914683496424957e-01,3.811633878989028057e-01,4.046452603356930355e-01,4.073963010075697389e-01,4.099987182853154777e-01,1.815471587300880318e-01,4.000999412365724983e-01,3.770974683872066469e-01,3.738556665986084715e-01,0.000000000000000000e+00,2.512146103705420463e-01,2.985959624469046170e-01,3.017835308673486039e-01,2.406784143348102700e-01,3.459995111264078105e-01,3.146543288215917222e-01,2.966413017757238979e-01,2.736490333266997088e-01,4.016805606217223601e-01,2.157659769944631212e-01,3.923768434144860873e-01,3.822416079999690353e-01,3.525736982443573586e-01,4.029470594839971165e-01,3.466094835025529952e-01,3.151375314854389376e-01,3.980603831088214140e-01,3.825498591891319244e-01,4.145358115960975365e-01,4.012012106298880609e-01,3.954359052913845596e-01,4.088883627575896074e-01,3.555940251705204114e-01,2.262870470239686793e-01,3.365540127342521171e-01,3.792052026369344131e-01,3.880611842993489935e-01,2.133022073112351702e-01,2.825119780810300130e-01,3.852962761709193273e-01,2.996377132762270690e-01,2.764739926604750098e-01,3.228285649620906694e-01,3.663249523018584086e-01,2.988573053948949676e-01,3.879045151892513976e-01,3.207245132235555518e-01,2.569951483380022439e-01,2.447008621509158821e-01,4.146315288073437050e-02,8.369690641458633895e-02,9.877846791590885744e-02,1.348841901528804732e-01,4.198149272063897985e-01,4.099640800304095722e-01,4.074096658314982911e-01,4.074243302825670265e-01,3.781903820261305893e-01,4.038876347261301514e-01,4.103290772344427295e-01,3.991351028289480407e-01,4.137643907446134084e-01,3.523826510678091939e-01,3.534977195889318913e-01,3.912563384357229945e-01,4.078590138129271625e-01,4.108115358771883829e-01,4.003412759510560637e-01,3.816220126089208131e-01,3.584274801497702168e-01,3.688858246945758146e-01,4.050517596090246752e-01,4.104819394192312787e-01,3.835841871030920003e-01,3.566656888760194044e-01,3.654840147113085358e-01,3.742491601492293207e-01,3.685615627678904827e-01,3.627430456964946259e-01,2.767527020474191968e-01,3.286259152350338719e-01,4.009381424413564488e-01,3.952854094392060369e-01,3.365001885444526830e-01,3.492126768394734349e-01,3.900830158777408574e-01,3.611811497830313966e-01,3.378958711204905208e-01,3.218804316874280258e-01,3.660094165228321428e-01,3.821532443280215019e-01,3.615159568947388657e-01,4.121718813041213569e-01,3.893947023350794456e-01,1.943400187984447025e-01,4.020166528139991757e-01,4.053884309944383868e-01,3.897883507872182407e-01,4.024380337068981239e-01,4.269199691008559450e-01,4.223218140056257397e-01,3.951185022758695320e-01,4.178877831547072597e-01,4.018136378865928005e-01,3.839063869982997090e-01,4.078274547531183236e-01,3.691943926591613190e-01,3.701266101720508961e-01,3.736188962631747934e-01,3.777677388732497143e-01,3.586867964086697391e-01,1.794861797073788734e-01,3.307947507635444206e-01,3.041678061089162499e-01,3.258829287518593687e-01,1.646238903763062311e-01,3.409038797814157862e-01,2.565354283656098855e-01,3.031332960531475940e-01,2.953175694555305042e-01,3.587595809476525344e-01,3.711263569634259962e-01,1.763841489983458966e-01,3.243152938611357228e-01,4.024209503938956933e-01,3.823108249228169275e-01,4.134484843481162630e-01,3.739257598698303986e-01,3.797411525522282894e-01,4.047257002691532768e-01,3.812842827906844367e-01,3.939974494116916248e-01,3.914778741752040214e-01,4.159864639438833334e-01,4.049659270671977507e-01,3.370286892932436995e-01,3.674195340646924657e-01,3.817010271685671863e-01,3.762175877287635695e-01,3.865159259882944842e-01,1.087816269396053026e-01,2.161930725580783197e-01,3.767892906601376102e-01,2.979817381170207224e-01,1.293197148640255201e-01,3.040319582541474719e-01,3.233410470176438789e-01,3.815778594792982314e-01,3.918564510311841609e-01,3.278928773024318288e-01,3.310628343781616412e-01,4.218096506026184356e-01,3.376225969621149958e-01,1.780614465436554106e-01,2.902039706740654479e-01,3.874283890727657775e-01,3.995892068910151806e-01,1.622430926233124904e-01,1.502438183972264751e-01,6.905917490053012364e-02,1.824481975706362391e-01,4.118843311109465777e-01,4.128252691453087597e-01,3.987732754519516254e-01,3.828784020919310249e-01,4.193708502268518878e-01,2.895383066259096250e-01,3.851820487374479351e-01,3.832724714934326316e-01,4.195980544045458394e-01,4.220465020154546276e-01,4.265260498780159004e-01,4.177178701053959609e-01,4.170535942046281752e-01,4.214619784031994887e-01,3.315042528545026901e-01,4.125285427739160404e-01,3.930344361635213501e-01,3.900657274209650693e-01,3.751287178528080468e-01,3.744209190609611992e-01,4.168587049989414539e-01,4.068233814150929439e-01,3.698702171423328688e-01,2.753320208853998752e-01,3.486848571105756744e-01,3.542063891957131228e-01,3.572768571110018776e-01,4.003366277720743494e-01,3.313988670514046997e-01,4.162235884090723093e-01,4.066048279738225246e-01,4.019121786127948792e-01,3.758868558513850933e-01,3.269644976751055476e-01,3.591068779737743299e-01,3.546429783680942194e-01,2.219377525259961514e-01,1.621038347821881498e-01,1.116918233556424694e-01,1.845375992404353627e-01,1.827693025065688093e-01,6.291263489681511722e-02,1.492109734885759542e-01,1.070248691508748767e-01,1.247900737376112928e-01,1.514484830436789164e-01,1.770486948660461232e-02,2.654875427214588995e-02,2.120542672948113327e-01,1.494538847805031712e-01,3.102666880523896054e-01,1.957202399714300378e-01,2.251135331916451487e-01,2.513065480630611304e-01,1.416529915810135487e-01,2.465502205994614671e-01,1.139097318045131230e-01,4.652558014727244812e-02,2.156371563866956997e-01,1.437558806699458236e-01,1.124407145036744465e-01,8.985036276505277419e-02,1.980388801772390087e-02,2.103910942268608433e-02,2.250739379854439504e-01,8.440647418552388315e-02,1.483509507935779625e-01,2.170625842600434341e-01
2.935504135784932633e-01,3.115740719657649760e-01,3.199758440071043819e-01,3.055274227528285147e-01,2.735314845554699392e-01,2.885831369160996585e-01,2.963984505824202587e-01,3.094270009130950516e-01,1.844269496267090802e-01,2.979663092794377910e-01,2.999528826338822007e-01,2.963415446028836442e-01,2.512146103705420463e-01,0.000000000000000000e+00,1.639349495679815472e-01,1.981007946484264481e-01,2.028161639802557314e-01,2.348638744199469941e-01,2.916812267701008876e-01,2.617316593211818088e-01,2.885052057546694249e-01,3.176127266783833059e-01,2.172605309451023092e-01,2.834772196505145891e-01,3.010384666376438312e-01,2.671662086881934628e-01,2.876805978790665241e-01,2.363785911677356855e-01,2.772856458909161437e-01,2.737296572979048825e-01,2.725998534208822766e-01,2.954187925270876924e-01,3.023909120899546110e-01,2.806884588425915816e-01,2.785432031756120419e-01,1.670827875348047109e-01,1.952104908440040476e-01,2.949977648755485737e-01,2.754878579731430133e-01,2.786103909188843430e-01,2.388884974967942776e-01,2.739987440747243541e-01,3.110749831205692484e-01,2.853853572903670699e-01,2.808714265625557593e-01,2.522140231566911694e-01,3.110339539053420532e-01,3.071089268279730278e-01,3.310911555843553677e-01,3.182906771047420147e-01,2.875708484995890823e-01,2.414014574294681970e-01,4.396013113812659995e-02,8.845739160247352573e-02,1.024073164154139098e-01,1.484011431764985789e-01,3.192022249234878206e-01,2.939348620520897404e-01,2.907951575451874771e-01,2.798083503474140810e-01,3.037719848559362612e-01,3.129151483908271802e-01,3.125526822242338798e-01,3.022917752585763118e-01,3.001471747829363435e-01,3.170298738781071046e-01,3.258756870597857014e-01,3.319717604750811457e-01,3.201618205659726435e-01,3.268044396297272725e-01,3.289480993030616807e-01,3.240797675516009502e-01,3.139203670976135618e-01,3.244018307641574617e-01,3.265582811133110885e-01,3.177446061236574026e-01,2.945975604361847355e-01,3.153576657888453871e-01,3.112303049884694306e-01,3.218738131415501136e-01,3.043380623690770670e-01,3.191583674619273836e-01,3.274942707217237126e-01,3.144813340407200952e-01,3.258313743699799425e-01,3.266694132713853227e-01,3.214470393856107555e-01,3.165083472517233876e-01,3.175863923239593545e-01,3.268627993520164532e-01,3.089268771891169885e-01,3.279750344826488084e-01,3.165645347042654323e-01,3.117416408679303252e-01,3.233945268153269326e-01,3.145664023048865832e-01,3.068531043801171476e-01,1.932279669358158702e-01,3.238475465366442152e-01,3.149171764679121188e-01,2.931680901853773724e-01,3.012125420100054130e-01,3.299891415792206018e-01,3.240766611583849044e-01,2.928328020972916779e-01,3.229046917280748996e-01,3.068311133474807550e-01,2.824644588777020515e-01,3.106268844601322576e-01,2.949204493516288106e-01,2.977236756206365076e-01,2.997083277924717515e-01,2.201026408397051548e-01,2.451149275990137100e-01,2.544477046562442779e-01,2.329636861197220410e-01,2.224439868418162380e-01,2.226437039959688058e-01,1.365372161817517693e-01,2.455805782123950398e-01,2.772397269975185874e-01,2.896347457658950963e-01,2.706085929559924330e-01,2.829210999097476198e-01,3.138300693995390578e-01,1.710711800948315209e-01,2.998291355642885292e-01,2.955848563906401383e-01,2.705417801446707848e-01,3.070948494466810286e-01,2.677206637743401729e-01,2.752368868258623924e-01,2.873178828701454246e-01,3.035795979039142556e-01,2.681295047365084283e-01,2.741221396202269123e-01,2.944483774747956306e-01,2.786608665582080979e-01,2.906177432809584071e-01,2.807284327133447999e-01,2.933086268716658673e-01,2.754589776538023949e-01,2.813892169596429738e-01,1.331216708997694786e-01,2.374016774390026729e-01,2.976573552844569148e-01,2.743184799436210186e-01,2.339245529146125879e-01,2.746513903195586526e-01,2.805070045515081212e-01,3.260406531700085209e-01,3.325281236120664063e-01,3.255491945990401925e-01,3.316939087274620168e-01,3.310627240284992889e-01,3.142534760238329672e-01,1.814963845211341742e-01,3.206656634443015852e-01,3.047802041010859719e-01,3.208885750902137901e-01,1.601064990403296973e-01,1.551310566849433692e-01,7.421672741509854898e-02,1.665795538506176510e-01,2.908801872650992326e-01,3.008536670394095225e-01,3.120913654213979260e-01,3.072910585494876279e-01,3.107727654264709760e-01,2.946263992871605564e-01,3.104924099808596405e-01,2.912259484104972040e-01,3.286332209658460735e-01,3.299606700475735677e-01,3.334448809892167631e-01,3.194123473356218490e-01,3.192414576772096280e-01,3.213608079475275270e-01,3.159533936569866031e-01,3.248738026376266630e-01,3.190142004383074159e-01,3.144497653862798336e-01,3.250801968034500722e-01,3.283097975080050968e-01,3.174080005505738877e-01,3.046137832072676743e-01,3.188017881056579017e-01,3.249210351175184086e-01,3.110325123861426011e-01,3.286358394705629071e-01,3.177832644600433465e-01,3.090736993182781611e-01,3.088813210960349442e-01,3.132134034593335725e-01,3.163638504620531200e-01,3.017120383815578011e-01,3.194859024482988863e-01,3.243471786351881381e-01,3.012965045839133271e-01,3.089903633269205363e-01,2.256792077789118722e-01,1.738675364742078844e-01,1.149452380608098762e-01,1.863938350492390650e-01,1.855179111057132513e-01,6.500644667036950541e-02,1.795323183100384357e-01,1.286994058331688562e-01,1.343455935311252680e-01,1.744089463814846308e-01,1.563722694392629189e-02,2.913066705933533423e-02,2.510183990615000860e-01,1.773673877478615934e-01,3.186288664548024285e-01,2.246738564408193861e-01,2.339997688701934420e-01,2.564266731978384617e-01,1.640399174368933899e-01,2.832496801994421887e-01,1.507854161183116437e-01,5.112090826355834838e-02,2.470385314759853956e-01,1.568095371509249381e-01,1.252734366288490997e-01,1.000712121280478012e-01,2.043944589736093956e-02,1.937586704880625912e-02,2.845493096105411457e-01,9.355700028693017534e-02,1.633344278617405998e-01,2.450375271528867638e-01
4.374739788924687511e-01,4.480618704740784164e-01,4.716865864448471224e-01,4.465234324389638076e-01,4.404498271964455980e-01,4.397329644762292822e-01,4.444823607632763518e-01,4.531174637832111052e-01,1.839257285687576349e-01,4.450841214855263961e-01,4.497170077793765097e-01,4.425050003686197275e-01,2.985959624469046170e-01,1.639349495679815749e-01,0.000000000000000000e+00,8.979128623667070874e-02,2.806988018778487914e-01,4.206814982120318236e-01,3.880468337562363867e-01,2.476931620621582730e-01,3.266467449862888728e-01,4.776948477851644115e-01,2.172915678625489677e-01,4.567983814724991265e-01,4.000214125668398735e-01,4.377973389821972483e-01,4.228816287575785093e-01,2.647183628441040493e-01,3.046067311343255701e-01,4.295454283648364457e-01,4.527223252072987147e-01,4.469842230893862900e-01,4.662996043192225715e-01,4.477661636698365699e-01,4.780435151787756909e-01,3.717033847759604881e-01,2.478180508413832250e-01,4.635131309523630727e-01,4.190338555108013563e-01,4.831415714120920746e-01,2.552696826381641304e-01,2.904522306506890361e-01,4.741902530180739372e-01,4.226927439139049336e-01,4.462593966447067628e-01,3.990330489041759021e-01,4.830621138545100335e-01,4.306697121973762088e-01,3.957578663790011775e-01,4.590190785334258283e-01,2.702720700261263542e-01,2.298649082917039732e-01,4.049310840414865192e-02,8.177490978175007419e-02,9.609810208975533286e-02,1.475215863584803389e-01,4.647813008938657675e-01,4.422078166483783823e-01,4.679515373159897629e-01,4.607799472554331977e-01,4.560891456535116628e-01,4.548122991423623751e-01,4.568860065342914556e-01,3.995237624764433337e-01,4.431213139315486327e-01,4.386995296446684622e-01,3.466428668489381359e-01,4.698232229542203542e-01,4.476166971383943038e-01,4.654217310834383170e-01,4.700611737120152234e-01,4.785408649199820452e-01,4.514865172293195950e-01,4.704335271146584674e-01,4.675399886614199363e-01,4.442400687468645026e-01,4.398859588726766190e-01,4.453083562448785226e-01,4.480350208928669531e-01,4.571985850696505538e-01,4.332411774243991043e-01,4.553742933969653350e-01,3.155025323416507654e-01,3.327274647780620875e-01,4.731159279740223544e-01,4.704868037396000569e-01,4.519644774020278311e-01,4.404297700600702248e-01,4.522115425606434425e-01,4.584213711212364872e-01,4.287193157213640138e-01,4.350529185672963317e-01,3.794603465565988820e-01,4.351752755298771702e-01,4.574281009604481696e-01,4.507252198104576557e-01,4.505769538199267399e-01,1.871408136962945667e-01,4.719252513434597507e-01,4.618081634297679927e-01,4.385396751990128239e-01,4.609037781413287127e-01,4.829405540108808736e-01,4.529209541228325087e-01,4.578301947407698580e-01,4.759815416514264763e-01,4.587249401019300454e-01,4.288510413529300069e-01,4.583609442476980211e-01,4.431531256200484381e-01,4.378619454765347863e-01,4.318868385648258479e-01,4.364354355030187205e-01,3.135846365802988922e-01,3.439086589992100262e-01,2.865488440986768692e-01,3.325583823220754076e-01,2.646108193452013091e-01,1.648118812426495605e-01,4.301853635657078567e-01,3.766426209788628632e-01,3.942143186670281629e-01,3.054332317404892527e-01,4.435846175193089436e-01,4.650495675714225174e-01,1.643184869967237727e-01,3.523329665240866326e-01,4.580023388324071520e-01,4.448602208736580077e-01,4.408625281896059733e-01,4.240384424321824719e-01,4.437405801284274309e-01,4.440785235242202811e-01,4.499239150550156108e-01,4.710652805968899570e-01,4.471816192048633787e-01,4.834118416122321626e-01,4.785445849546536290e-01,4.359824487958811612e-01,4.695696896786593078e-01,4.774625611856294083e-01,4.756342070956338097e-01,4.234206675574529455e-01,1.367781451007204219e-01,2.461971182521970891e-01,4.571503097447687236e-01,4.446296254779415480e-01,2.124506931831220413e-01,4.100176761774687595e-01,3.940519137869442634e-01,4.812675134863906856e-01,4.830029057127758207e-01,4.605814714131738485e-01,3.897630192828642759e-01,4.831100315485586383e-01,4.573236407213822075e-01,1.749968750657886485e-01,3.278002016128873097e-01,3.842509073508594275e-01,4.472998449037139945e-01,1.549158828086486528e-01,1.386777241562405505e-01,6.757952392700043720e-02,1.593284017717946088e-01,4.479526242767009614e-01,4.852233066861355026e-01,4.741085250583924049e-01,4.765573486065113329e-01,4.621555773128198652e-01,4.063977297607931916e-01,4.426437193351103194e-01,4.231249858864167268e-01,4.759462350485984539e-01,4.816889833084164740e-01,4.834661267711068966e-01,4.558423466630817100e-01,4.543643970512078467e-01,4.578728471363311958e-01,4.355666211603900217e-01,4.625361032095974823e-01,4.717322660236413778e-01,4.527495615772024751e-01,4.704331273919450940e-01,4.643865225996273716e-01,4.472809457851376069e-01,4.486939694193565198e-01,4.564267507283353842e-01,3.256623202532809569e-01,4.337433775784308998e-01,4.627003514548622132e-01,4.566529778854511723e-01,4.374298932940935414e-01,4.326260097714431097e-01,4.571327424632540271e-01,4.628206648397011347e-01,4.346550843648095408e-01,4.659958993968669194e-01,4.437830502056833715e-01,4.466460758429805500e-01,4.594312459477841726e-01,2.117996677330661881e-01,1.664167413558313435e-01,1.089730600527690912e-01,1.815482173062117344e-01,1.851410050062118617e-01,7.060612277616021282e-02,1.658329172701553944e-01,1.265872816972298809e-01,1.315455665238960403e-01,1.606661770485623419e-01,1.730580741821781052e-02,2.865768852709072237e-02,2.372942446575266318e-01,1.659241306393511861e-01,3.359745996677961366e-01,2.042716526126306387e-01,2.138365657205391346e-01,2.549371641380346332e-01,1.504404336863491287e-01,2.554655956511325265e-01,1.367408151228080015e-01,4.396737977794566710e-02,2.377969878400163772e-01,1.487779287242559922e-01,1.219572280558118560e-01,9.234787435712162040e-02,2.093289386575045846e-02,1.928797277885504341e-02,2.607515112048653938e-01,8.316473846774988243e-02,1.524860637438198441e-01,2.294713255633044624e-01
3.657143476427076045e-01,3.706384747915614786e-01,4.030196508519692244e-01,3.826005297977350117e-01,3.781166196950094260e-01,3.829352804846122837e-01,3.909198813225869817e-01,3.968294632483371220e-01,1.908980239767928411e-01,3.948826818248562520e-01,3.953409845016000457e-01,3.949507360947019374e-01,3.017835308673485484e-01,1.981007946484265314e-01,8.979128623667068099e-02,0.000000000000000000e+00,2.709651125153030859e-01,3.390761223328713769e-01,2.930688768274699596e-01,1.805746139667151196e-01,3.299849600815247253e-01,4.084637727651317385e-01,2.308076691575762229e-01,3.978393156017323573e-01,3.895322506456836975e-01,3.738230069078969930e-01,3.645450532899335849e-01,2.748762734520940887e-01,3.037251668374747471e-01,3.615186349478997641e-01,3.809649336647131235e-01,3.678103018871983210e-01,3.910630167058536388e-01,3.736520588333668846e-01,4.026571534807722452e-01,3.628705088493688891e-01,2.324004146445362295e-01,3.950175978013489297e-01,3.577203691886894354e-01,4.157756473234904271e-01,2.680435828070455440e-01,2.936551547785406502e-01,4.127906340056694545e-01,3.722028344162857105e-01,3.869858811099133322e-01,3.207624442244522145e-01,4.185861171626978350e-01,3.833575796975950412e-01,4.007777434933871841e-01,4.097984880496791105e-01,2.714598054949516337e-01,2.309629835359557626e-01,4.163639681113827373e-02,8.238287925869856865e-02,9.603231015433633111e-02,1.505378018342032609e-01,3.822625748520803168e-01,3.612910050247830074e-01,3.872548654572264271e-01,3.878781968562597382e-01,3.823830614940990635e-01,3.895293278846884144e-01,3.729057596671669361e-01,3.869138993518735914e-01,3.536642837154862495e-01,3.959135808847531468e-01,3.362328072187113492e-01,4.023419883604493763e-01,3.736693054943655001e-01,3.960803590944224073e-01,4.024798124270289046e-01,4.150964830782841175e-01,3.954227793104280186e-01,4.075842738670950594e-01,3.969588332077551573e-01,3.698281809828812272e-01,3.780298064614898701e-01,3.851268641967025008e-01,3.824487981452157626e-01,4.025144584843258766e-01,3.836986898370151056e-01,4.092604260373158276e-01,3.129488902862813116e-01,3.365012055953370274e-01,4.017513085155473562e-01,3.959537556565221328e-01,3.804838602079828602e-01,3.934371533044055957e-01,3.791636537807483998e-01,4.011630410454657958e-01,3.768104892389783078e-01,4.033270283561476988e-01,3.974457662651686429e-01,3.739011177587817647e-01,3.864170824844083141e-01,3.826305973006989269e-01,3.930629803572716630e-01,1.908864657599264048e-01,3.999260338680033500e-01,3.819152828631851571e-01,3.748091467704987578e-01,3.866819875759379133e-01,4.123250176764865493e-01,3.986093696211566728e-01,3.869021125236812852e-01,4.108037562975549450e-01,4.006527635315333402e-01,3.844860541679456234e-01,3.991395422589891773e-01,3.908665028273889397e-01,3.873669311999735076e-01,3.955444801953103551e-01,3.708505947912159040e-01,3.186070875738659658e-01,2.875237565785429550e-01,2.605841945965209350e-01,3.214247024403688036e-01,1.801213763070822205e-01,1.523597225450453174e-01,3.423681824787270234e-01,3.136263944391049496e-01,2.716740906676081146e-01,2.467607627385006164e-01,3.725869510535890772e-01,3.843023206225384403e-01,1.775100151053269348e-01,3.484533870420243873e-01,3.979371041789117602e-01,3.810894328356684846e-01,3.786454867133294266e-01,3.554010273722941204e-01,3.752649313311643420e-01,3.811371803549048476e-01,3.885645497568339657e-01,3.917631338504852789e-01,3.775931955918140903e-01,4.125150731021671180e-01,4.030286416208516687e-01,3.773165022307832239e-01,3.947883277221027054e-01,4.033733390484904868e-01,4.065372326786401147e-01,3.639841019456408477e-01,1.405765343364103470e-01,2.545978662402585413e-01,4.079006819306586484e-01,3.910080050911939331e-01,2.289572944124032283e-01,3.727410247258240439e-01,3.666407094064780270e-01,4.182637981293707563e-01,4.187996065141827429e-01,4.102037757940130147e-01,3.958467426259186239e-01,4.143209828447961818e-01,4.097019936800521123e-01,1.783640490381475652e-01,3.402565493354398063e-01,3.810190049467700457e-01,3.855718690033274054e-01,1.588492184683701902e-01,1.399821793441029250e-01,6.875989938124224543e-02,1.641800170090031707e-01,3.759540429713157939e-01,4.136448595633941405e-01,4.086159941800803219e-01,4.043447510414176493e-01,3.870766864313729960e-01,3.690914407552686183e-01,3.681001473640457822e-01,3.531938700531052633e-01,4.062971402789202213e-01,4.139716647379994563e-01,4.118954565921194022e-01,3.815564501250093832e-01,3.871608171573031054e-01,3.821202046418815113e-01,3.755607613973704351e-01,3.947940969356368290e-01,4.109159820783948036e-01,3.851037338627034123e-01,4.118323510785497077e-01,4.010287621791850943e-01,3.790397856367596630e-01,3.786944341507267886e-01,4.066027327628605748e-01,3.402999524380894147e-01,3.879076098270719530e-01,3.776995036880027579e-01,3.856214856392884971e-01,3.704133442854254943e-01,3.745781630674607787e-01,3.846253311848854550e-01,3.986274100002650811e-01,3.959432976463718723e-01,3.853887879827169183e-01,3.962393108640507866e-01,3.860127985723821875e-01,3.896798318286324170e-01,2.162128485127958188e-01,1.679208548349451768e-01,1.058659810646892102e-01,1.817907001297600911e-01,1.807795914594483855e-01,6.206576280110357585e-02,1.613588952755588835e-01,1.278985812523438792e-01,1.332419828144192353e-01,1.664221258080463561e-01,1.755979658444688229e-02,3.046127863468207908e-02,2.371500741107418486e-01,1.709380476875736743e-01,3.300138746053281613e-01,1.995315848581172835e-01,2.186968026868818804e-01,2.540503220239638815e-01,1.591575171064787131e-01,2.681582824563060186e-01,1.294527019758380249e-01,4.532180353253867366e-02,2.414893240283370601e-01,1.532621324463622758e-01,1.260498787926307429e-01,9.885052796899315708e-02,2.054139424860947430e-02,2.060899380630186115e-02,2.673710842399150134e-01,8.437137934979106746e-02,1.567838141269193852e-01,2.313403322013984631e-01
3.529633495398529219e-01,3.746453682630814241e-01,3.735954425183370398e-01,3.722411721453875999e-01,3.347343282911414142e-01,3.732330664691609345e-01,3.674491962305521109e-01,3.643066571586447422e-01,1.897821017096588125e-01,3.598287079737197969e-01,3.492214875608252722e-01,3.577164385450244954e-01,2.406784143348102423e-01,2.028161639802557314e-01,2.806988018778487914e-01,2.709651125153031415e-01,0.000000000000000000e+00,1.997894626989214495e-01,3.110051671093749803e-01,1.972654386467198873e-01,2.897029047981135030e-01,3.714521232112436011e-01,1.914383260676016107e-01,3.212428775016337168e-01,3.559517784221885028e-01,3.032412781035262461e-01,3.639095660071033911e-01,3.239564322221245019e-01,2.950810624528641402e-01,3.498461693451788701e-01,3.344420585694483083e-01,3.691231412023686653e-01,3.424834817113700525e-01,3.559214124277985669e-01,3.525059781223823241e-01,2.922493699284265944e-01,1.223868100553902882e-01,2.037794469397696817e-01,2.875187993267821485e-01,2.655007416343177495e-01,2.243062417546104192e-01,2.471839473802606157e-01,3.231157144238053225e-01,3.154131466450180721e-01,2.299723679229190298e-01,2.083958744976779909e-01,3.019861636588329623e-01,3.646246573815221659e-01,3.820199869743198806e-01,3.702153897690079742e-01,2.909456746224268753e-01,2.587684014382109488e-01,4.293321612680729010e-02,9.162497532765111197e-02,1.052989901243075455e-01,1.497866267817451191e-01,3.835845024881536780e-01,3.579768617603938385e-01,3.470996853682483119e-01,3.467059715011597265e-01,3.388973555899070789e-01,3.673128798285437147e-01,3.715683572160853321e-01,3.719100066387159842e-01,3.713638986935486330e-01,3.685895785843770756e-01,3.594806041059107615e-01,3.903513298290513522e-01,3.860381625804199524e-01,3.915988289700719771e-01,3.879670031265592400e-01,3.712555061169409143e-01,3.700900796698652351e-01,3.838999007154432763e-01,3.880415635997178092e-01,3.856209902869404682e-01,3.724717862795342560e-01,3.869075729641618389e-01,3.824440534666669333e-01,3.920578179664644392e-01,3.836840327730061673e-01,3.906966309210979649e-01,3.280071897667278802e-01,3.681659323566180420e-01,3.825986369768403783e-01,3.820561805899750363e-01,3.809266524506139673e-01,3.895464278223559340e-01,3.867993881601965445e-01,3.768187088813529928e-01,3.594379728953747133e-01,3.867418361752295031e-01,3.723434769108842635e-01,3.768659108802788760e-01,3.728495553725675871e-01,3.832452542848437393e-01,3.710751115843777814e-01,2.018274328237515125e-01,3.769729421439024231e-01,3.776633301030594692e-01,3.624304573857217160e-01,3.682568962360883713e-01,3.874715060927564902e-01,3.870982658848992619e-01,3.615742806818332822e-01,3.855536886796359086e-01,3.614617360296301096e-01,3.468948288430240834e-01,3.680259225864472850e-01,3.313922709137656075e-01,3.420590349457815482e-01,3.521582712120486236e-01,2.947639624535026148e-01,3.227505413294433634e-01,1.974115879247309857e-01,3.339738273682529845e-01,2.503588666098556237e-01,3.262755272260935424e-01,1.329132735997605175e-01,2.044502326041077733e-01,2.523267990075678813e-01,3.018788673335387474e-01,2.336203416394989074e-01,3.176534552163923775e-01,3.619566414581146807e-01,1.577411182227692887e-01,3.062393019465972643e-01,3.081992253550850935e-01,3.150051153185712272e-01,3.724183833415736777e-01,3.359826674611154362e-01,3.524649698720388469e-01,3.780794237301880467e-01,3.474277911848769884e-01,2.944138739063785759e-01,3.329203919512322418e-01,3.517696090424168309e-01,3.287810854162126484e-01,3.101701805398084932e-01,2.161026554251352649e-01,2.593170081633104918e-01,2.330479379002947937e-01,3.656595802828066510e-01,1.249109336277043347e-01,2.033782527530181294e-01,3.101494928467831147e-01,1.997599684047737245e-01,2.220696730763609961e-01,3.121471621628504334e-01,2.336539057630734328e-01,3.593246613580667881e-01,3.824888552429943633e-01,3.740017702382192888e-01,3.871356106167975208e-01,3.860867576744611562e-01,3.524534424287608103e-01,1.841978543946749813e-01,3.370736353817594400e-01,3.861568549615825852e-01,3.886769515502339623e-01,1.596950726966524514e-01,1.605046864919499883e-01,7.631147911554692076e-02,1.780161171629673911e-01,3.680095446386983937e-01,3.474004443674431064e-01,3.296459941715543240e-01,3.251682373533745229e-01,3.818564747166077744e-01,3.553154072477648917e-01,3.833852243307324104e-01,3.709036591295849505e-01,3.918317875970019903e-01,3.905316167162488639e-01,3.930861213763767181e-01,3.799501116550493829e-01,3.897566343677633660e-01,3.860623487255060993e-01,3.487212275685511176e-01,3.828545485010071969e-01,3.692789146118314880e-01,3.854268008409850732e-01,3.872220798134124453e-01,3.898108724275967663e-01,3.866772273330880694e-01,3.851883957465250807e-01,3.896314375686220632e-01,3.400046228519756353e-01,3.889551385974551745e-01,3.870535418515624881e-01,3.768810108533801051e-01,3.879599659783580790e-01,3.723186620156206383e-01,3.850627441683292518e-01,3.701999072529472690e-01,3.755248934537671612e-01,3.683776255863879801e-01,3.800215958839401886e-01,3.597338039304657231e-01,3.611509488388215394e-01,2.313648835874848042e-01,1.759830990829339692e-01,1.171647680919556400e-01,1.897094349108631173e-01,1.956719289052186450e-01,5.440242462084542152e-02,1.558432893465603319e-01,1.132119352087789244e-01,1.325415213053420527e-01,1.667531098760897668e-01,1.411800258294635887e-02,2.600495375448751145e-02,2.152164716413698387e-01,1.327586832565496588e-01,3.303120200620876523e-01,2.057412029304216128e-01,2.460710933261216760e-01,2.700242598271423433e-01,1.657743569134738082e-01,2.876890171308911226e-01,1.475784908825321096e-01,4.614001884720785041e-02,2.343147685732801522e-01,1.377586710905225886e-01,1.295036775161182985e-01,9.872679683572635478e-02,1.863567479967149706e-02,1.752461822290140789e-02,2.550649427060185936e-01,7.174314688943810026e-02,1.650473151318940235e-01,2.364435116089457500e-01
4.404208513858461904e-01,4.455595678839612273e-01,4.619373410660989054e-01,4.573310697547895987e-01,4.343298730074875436e-01,4.560434890945771480e-01,4.624619438737727073e-01,4.626154531744946508e-01,2.058319910667536501e-01,4.613839113046597773e-01,4.602943310045999326e-01,4.652292558814098977e-01,3.459995111264078660e-01,2.348638744199469941e-01,4.206814982120319346e-01,3.390761223328713214e-01,1.997894626989214495e-01,0.000000000000000000e+00,3.925808878033831828e-01,3.501027587861400003e-01,2.982028031182899497e-01,4.524368277390162785e-01,2.263311605996470854e-01,4.154184041305106767e-01,4.047436060153312143e-01,3.963775023434402689e-01,4.371914412724267618e-01,3.617637850381714149e-01,3.166128024544214714e-01,4.368757885670131458e-01,4.110982925132879440e-01,4.432639097767693825e-01,3.818520387491264878e-01,4.136112434484981448e-01,3.585833732729162837e-01,2.727816700219214963e-01,9.112791982073947805e-02,2.870688831822767462e-01,2.832320909194017133e-01,3.290455385905081687e-01,2.320339894884659027e-01,2.449322321123321988e-01,3.846827138678537428e-01,4.316482692449163383e-01,3.300589790547498459e-01,2.787176916317749553e-01,3.836365325291681838e-01,4.421542486947951933e-01,3.930914565794673687e-01,4.614942351579188751e-01,2.924090476755643042e-01,2.625945374115546405e-01,4.235543512580378783e-02,8.807522724677592507e-02,1.063199343874304537e-01,1.554904011960991372e-01,4.646389904376093671e-01,4.426858611797104270e-01,3.708209480915278800e-01,3.831081312540987605e-01,3.702628124648024710e-01,4.466982986962061974e-01,4.420114593995378427e-01,3.269820184153339193e-01,4.381863500806528755e-01,4.562615258172728616e-01,3.577619371284307959e-01,4.667596404253595010e-01,4.612091989568886663e-01,4.649845718606923639e-01,4.635395467894512511e-01,4.633877904626200195e-01,4.567830441114188456e-01,4.648435578040687743e-01,4.680847553413330364e-01,4.620467263336838215e-01,4.592723137462437211e-01,4.674448576547874379e-01,4.610306997621339553e-01,4.684054029456138357e-01,4.701490832829707256e-01,4.699052302094879896e-01,3.242550823549968930e-01,3.720445964025885233e-01,4.580991924370342305e-01,4.597128124258190174e-01,4.638890877206059415e-01,4.686537145662072468e-01,4.607417678623458857e-01,4.564392081495488029e-01,4.299078873223231012e-01,4.518290283855719291e-01,3.983639708184844030e-01,4.567232202978565025e-01,4.502894705261210606e-01,4.637109826137892354e-01,4.643903458316560040e-01,2.091956669377491862e-01,4.565033639483330741e-01,4.551046043662785312e-01,4.506262143510527673e-01,4.406364369609559462e-01,4.646608646916118857e-01,4.593460307206723159e-01,4.486466553058384155e-01,4.659287322834630984e-01,4.574865282274052092e-01,4.549287448620700225e-01,4.630939572427682505e-01,4.522174233792414233e-01,4.579755740524314445e-01,4.635370907255811912e-01,3.726723951750751107e-01,4.269198689489777654e-01,3.332035503120158171e-01,4.337954386271741236e-01,2.706849195853565093e-01,4.308123059788729892e-01,1.610798449827317569e-01,2.033808804693366112e-01,3.924739337550197105e-01,3.896164432635060848e-01,3.807864392289845301e-01,4.138322888069992933e-01,4.466766537788484648e-01,1.637634609154065002e-01,3.296715054022663072e-01,4.149495281366991084e-01,3.971847721125513209e-01,4.481454095347662259e-01,4.138156185840327628e-01,4.403431268724074532e-01,4.596251416049199068e-01,4.433489815930681255e-01,3.050016356895121628e-01,3.808328155475548260e-01,3.938246902245702286e-01,3.573786770930110213e-01,4.144963874028460560e-01,2.440084199528131104e-01,2.561560804606572428e-01,3.365291529106262947e-01,4.464998196791055696e-01,1.358788197373362039e-01,2.299688233815667393e-01,3.908544342962888551e-01,3.222517789955722800e-01,2.635873823056498755e-01,4.340550365425847046e-01,2.601137845448213137e-01,4.450858102862568777e-01,4.619143965215447567e-01,4.608187383363805956e-01,3.988722762613921002e-01,4.623606478448267221e-01,4.523874039867888386e-01,1.866906485913507052e-01,3.509862094138083699e-01,4.440927562028093023e-01,4.685078598408584094e-01,1.619734472069129794e-01,1.586390911001349102e-01,7.848369634878581136e-02,1.905790679238108798e-01,4.494045016031905648e-01,3.812798349446320234e-01,3.706036947476681886e-01,3.689822495753062315e-01,4.594803510800802848e-01,4.497481514820150794e-01,4.591539096522895824e-01,4.546524753678506947e-01,4.698172784214863507e-01,4.673422065036303419e-01,4.681701406085204131e-01,4.591598827400067973e-01,4.686751561442999425e-01,4.663704994371212220e-01,4.325524487069772883e-01,4.642208676949995394e-01,4.652879544493447317e-01,4.624032118397338187e-01,4.690544074468903646e-01,4.699078497624338824e-01,4.685429484103847408e-01,4.651633699090294005e-01,4.708987703402929825e-01,3.492506455352403782e-01,4.693528622811244388e-01,4.673179975724748303e-01,4.595144200893985231e-01,4.634396061760522323e-01,4.580146016297114153e-01,4.638471257427840833e-01,4.579677494044265829e-01,4.560119710474549448e-01,4.539882926386995532e-01,4.564155575701109302e-01,4.595848777561518106e-01,4.468017157382584426e-01,2.344750000938050638e-01,1.804893679803865891e-01,1.242359782402095020e-01,1.947192585301174284e-01,2.092569943024354950e-01,6.883156690325469007e-02,1.797543396674986527e-01,1.252334297359346815e-01,1.378816760224753635e-01,1.769935520741090229e-01,1.688145711116987094e-02,2.843632323769691370e-02,2.335984263999931754e-01,1.650261351340141236e-01,3.484641195814238146e-01,2.139109440265065110e-01,2.498401620121218913e-01,2.737680501933416610e-01,1.738380731386468259e-01,2.944168900616067619e-01,1.597077012838390708e-01,5.719006378196722640e-02,2.584345085742008052e-01,1.591598469728255361e-01,1.314786764467389124e-01,1.030929810603125191e-01,1.976844394914160224e-02,2.056375051784172306e-02,2.668561956490356213e-01,8.772296952438973783e-02,1.666039867135854224e-01,2.379447984964967733e-01
5.915348623091584157e-01,6.029686961730560402e-01,5.320695853269353792e-01,6.020495618374688274e-01,6.166119069908361228e-01,6.202065264587761639e-01,5.543834285843940446e-01,5.804090803241144236e-01,1.927125766025286069e-01,6.322960286866203816e-01,4.872569735093180143e-01,5.933395688309406335e-01,3.146543288215916667e-01,2.916812267701008876e-01,3.880468337562363867e-01,2.930688768274699596e-01,3.110051671093751469e-01,3.925808878033831828e-01,0.000000000000000000e+00,2.895761471969950374e-01,3.429481789531136915e-01,6.405119189493351239e-01,2.524498004576088417e-01,4.998887652767783907e-01,3.861375254593021333e-01,4.985342903677193460e-01,5.721316093951623882e-01,3.600372810118236955e-01,2.933944382059863742e-01,5.823040298961223993e-01,6.132317283666071095e-01,6.212453594584150807e-01,5.956326969834980778e-01,5.396615304840421956e-01,5.781376984476789271e-01,3.728213357386356841e-01,2.430812276875810307e-01,4.606871201036327190e-01,4.165916432911848100e-01,5.807349123602114638e-01,2.767648347402389408e-01,3.054071292426489559e-01,4.858037420823542729e-01,4.614412481096043517e-01,5.149499479771315613e-01,3.753003465959541818e-01,5.780418638496572781e-01,5.741378312319098676e-01,4.049233306435982560e-01,6.593565181182630131e-01,2.800288312345546315e-01,2.450887905094450980e-01,4.084860207431702944e-02,7.935777978310576408e-02,1.039708144156701319e-01,1.509462466776242129e-01,6.263180112691790757e-01,6.157468855573418054e-01,6.351747729368421025e-01,5.482536942204734309e-01,5.010758084305383386e-01,5.726524412671969433e-01,6.032290272456133362e-01,3.989413011633680117e-01,5.011940357403357194e-01,4.651583088387936105e-01,3.446387331327020465e-01,6.473445601529725923e-01,5.551506378462290892e-01,4.979186212194638972e-01,5.639231265093747059e-01,6.576704190457257626e-01,6.127871882391916492e-01,5.479416868433011345e-01,6.400161092563674270e-01,6.023836404275519918e-01,6.018736934345649825e-01,5.744681721329124580e-01,6.113984669863807841e-01,4.899706420604746371e-01,6.111470317201468383e-01,6.586172827377121397e-01,3.170183056888826179e-01,3.382669825019454790e-01,5.146845338008241288e-01,6.352740353210732938e-01,5.804089897304371970e-01,6.464183345549590065e-01,5.935116677073103419e-01,6.554400375577996707e-01,4.321508407954545161e-01,4.472183990787197416e-01,4.039964455416258371e-01,4.496286107852524583e-01,4.859996434509470942e-01,6.251274548774252704e-01,5.991947910163255564e-01,1.926336208244082138e-01,6.259554489799495913e-01,6.137978255692599916e-01,6.038392921382081946e-01,6.121602835920337826e-01,4.882450711482758110e-01,4.328254523192410774e-01,6.205389574821554843e-01,5.124789384224401889e-01,5.295752350794032948e-01,4.525714472627905272e-01,5.919211741379742930e-01,4.984592802030404224e-01,4.666915351914731058e-01,4.657277393475022786e-01,5.289307797138145251e-01,4.294863212074796488e-01,2.754464398161090011e-01,4.457428619583159168e-01,3.724531673273203114e-01,4.603504793204469814e-01,1.969814835926329555e-01,4.397287407894774347e-01,2.497635282682865998e-01,7.683655415033931180e-02,3.035074252903868786e-01,5.471224556777086745e-01,5.782796832202704573e-01,1.892871188625069312e-01,3.494666983518802672e-01,5.876672970677693231e-01,4.711805097323555347e-01,5.924501702526253633e-01,5.384982631508304918e-01,5.812913160342719765e-01,6.143719558523085267e-01,6.151600710558873253e-01,5.613580993848921175e-01,6.167563863583571671e-01,6.586628992048746412e-01,5.311177775970284953e-01,5.678544771229068200e-01,5.419936812629343459e-01,4.909305804791279093e-01,6.303219660240451105e-01,5.344262012819547270e-01,1.415816532819323126e-01,2.626473333515362829e-01,4.817911177429339831e-01,5.378701918224734202e-01,2.258731915151030167e-01,5.274590047004167337e-01,3.718386710365179093e-01,6.577788290825635764e-01,6.616406198081309364e-01,6.515182923717763863e-01,3.961002011370138853e-01,4.986121216530486899e-01,6.609526902293827444e-01,1.854550310886873832e-01,3.472778395855798950e-01,4.237162678112592618e-01,6.226468180524425966e-01,1.558571165086531374e-01,1.376460987575030825e-01,6.342430727236443577e-02,1.527723407783418141e-01,6.199077687615084375e-01,6.571295696287080546e-01,6.538150226348390381e-01,5.938014170828710414e-01,6.124120578872344067e-01,4.373378772838340534e-01,5.351691099543690600e-01,4.440302837613364639e-01,6.528453963436706697e-01,6.602990821107947994e-01,6.557127299402771836e-01,6.220136866025279820e-01,5.593408598105280571e-01,6.207867603627786890e-01,5.477263372730009072e-01,6.306949849716749767e-01,6.130269598370725603e-01,6.115399003843077219e-01,6.328153250837688093e-01,6.313890309471833495e-01,6.228348827205167915e-01,6.173240388001320911e-01,5.933507688720270901e-01,3.454310594470020312e-01,6.332149374895261751e-01,6.183160011574612147e-01,4.644952177596238241e-01,6.161378436884117349e-01,5.831051839429003403e-01,6.204942634314112304e-01,6.005140238639630201e-01,4.359200645037920596e-01,5.823055292915058079e-01,4.280321297018440663e-01,5.895130245082537135e-01,5.800367975175333424e-01,2.172002882415231817e-01,1.672127258977674502e-01,1.119322510043783414e-01,1.775450560490012542e-01,1.852954324327953373e-01,6.646298910856025810e-02,1.705678575118716733e-01,1.179845834081078432e-01,1.363255528958729756e-01,1.686598643016731236e-01,1.560351398567254126e-02,2.617911160298457690e-02,2.316075084698853148e-01,1.699867585040346352e-01,3.433491242799000531e-01,2.039156967323348113e-01,2.255577879100266470e-01,2.595666046091257839e-01,1.645349561821428386e-01,2.637293885944571037e-01,1.342334938440652436e-01,6.381653370517582913e-02,2.559846541991807056e-01,1.632460184523462920e-01,1.281692437853006461e-01,1.016764737146403502e-01,2.077272591572008192e-02,2.219957936489045172e-02,2.697597334374931544e-01,9.230730390935254492e-02,1.631597057928039773e-01,2.339108897384274410e-01
3.770338737723419320e-01,3.859743099728952798e-01,4.032947057794681878e-01,4.004271287712045102e-01,4.035713167561130743e-01,4.119543824575044311e-01,4.135986268282252909e-01,4.116787419970253659e-01,1.971179120550785868e-01,4.084677699814853735e-01,4.068718440268578873e-01,4.130233430563888808e-01,2.966413017757238979e-01,2.617316593211818088e-01,2.476931620621582730e-01,1.805746139667151473e-01,1.972654386467198873e-01,3.501027587861400003e-01,2.895761471969950374e-01,0.000000000000000000e+00,3.255049623200069742e-01,4.157745992050218553e-01,2.116741224975801916e-01,3.668428003270430837e-01,4.050029498974234698e-01,3.742625240594081304e-01,3.529702435638804592e-01,2.987223273243422850e-01,3.232745278800316369e-01,4.056248702464662070e-01,4.136387804527048018e-01,4.118258645790570105e-01,4.185498683520850194e-01,4.123862905895189224e-01,4.255673255769559238e-01,3.875207007428258521e-01,2.452983712266245675e-01,3.890092263983525589e-01,4.036938776207363300e-01,4.081404078655034851e-01,2.652980024050204388e-01,2.697005946872034210e-01,4.008625535389003236e-01,3.884368350962695282e-01,3.547797345625604004e-01,2.548834354373867295e-01,4.169064007592134247e-01,4.025347842801920706e-01,3.975696435705229348e-01,4.142109879565467057e-01,2.891072112450742138e-01,2.497958572958733636e-01,4.353281638362849898e-02,9.297663082393543832e-02,9.853787159584181943e-02,1.552159524162759485e-01,4.153589607554600271e-01,4.037029571510429293e-01,4.239006592447200350e-01,4.210084235437323574e-01,4.102501310218903963e-01,4.185886029927759489e-01,4.065449747499392252e-01,4.043946546503421335e-01,4.068743912833637788e-01,4.049278733167764877e-01,3.512598264848542096e-01,4.237191068471829469e-01,4.080871363162378307e-01,4.213073101329483094e-01,4.180766860325447754e-01,4.201521526133270013e-01,4.172072017382320031e-01,4.194949132369534817e-01,4.208358409669234468e-01,4.080413379045514377e-01,4.012584446702849861e-01,4.143812496926205236e-01,4.148323748284334922e-01,4.187921839111155564e-01,4.050434885415523656e-01,4.213065671905113496e-01,3.262656814630006674e-01,3.628680822503526082e-01,4.173184315069817796e-01,4.151478610697988958e-01,4.146553829571982264e-01,4.165313995983323525e-01,4.107414789507028985e-01,4.123915207058264087e-01,3.975023742741704558e-01,4.227603048322823298e-01,4.010894472671115429e-01,4.073665693119428721e-01,4.124306882337760993e-01,4.154729480594374080e-01,4.081003998209760675e-01,2.022110621878702996e-01,4.173847401990411488e-01,4.088820239441622872e-01,3.920427444570867004e-01,4.126410475841833514e-01,4.112703926244692942e-01,4.092523583366005080e-01,4.190186684331546618e-01,4.197199661814223215e-01,4.138131872135176748e-01,4.016416530512667005e-01,4.145597140577567674e-01,3.990549334662084613e-01,3.978983737890330885e-01,4.070325911208764746e-01,3.928380339445673997e-01,2.984185213078566212e-01,2.438607938583808865e-01,3.197865116904247684e-01,3.407276786252049772e-01,2.802192211625117446e-01,1.584642723606697889e-01,3.497185478950201043e-01,2.968459484238462620e-01,2.539322695222971937e-01,1.117168698260345011e-01,3.725488717525804461e-01,4.139997501636680233e-01,1.490741470428810778e-01,3.428590054008507915e-01,3.473326317934661844e-01,3.570278020604678582e-01,3.712447810847609997e-01,3.961593379865581688e-01,4.092621744610490109e-01,4.135427959037497603e-01,4.125602081682910871e-01,4.197904825806602069e-01,4.169234795892859946e-01,4.197221479483496664e-01,4.179311194256258299e-01,3.891320133521003477e-01,3.903758806451805841e-01,4.011101260683493930e-01,3.844721745544223412e-01,4.031387010832305773e-01,1.359867328853330282e-01,2.427204712556502164e-01,3.810910509705579541e-01,3.405741285885593994e-01,2.536539204300986561e-01,3.857838599537717350e-01,3.305321320254016038e-01,4.252908051827952174e-01,4.274034173417254889e-01,4.212297563058409744e-01,3.973440509619191041e-01,4.245567632844835515e-01,4.058430587339142415e-01,1.863700577388631985e-01,3.472259527233224063e-01,4.091566973021384390e-01,4.085619377670689500e-01,1.587879082846894718e-01,1.566573801579028424e-01,7.434948572056003513e-02,1.894193203691476590e-01,4.118195856106560138e-01,4.228004319316039372e-01,4.171836827165436024e-01,4.099909013459035467e-01,4.208544127573566329e-01,3.962145299317276215e-01,4.070585407723966154e-01,3.987346159576261040e-01,4.223579985374985579e-01,4.285442371250416382e-01,4.271184311277442247e-01,4.106461859933178138e-01,4.191601947267777906e-01,4.043994793042565705e-01,4.007412309731286926e-01,4.152705058414302153e-01,4.173590661498793875e-01,4.120018044428959136e-01,4.235833606886859615e-01,4.261931102265027471e-01,4.073557835684470940e-01,4.016681781805186424e-01,4.221909914763546934e-01,3.435217748242143654e-01,4.175204718391987146e-01,4.128945041000365301e-01,4.134034548366332107e-01,4.062937164234015630e-01,4.125644944968044348e-01,4.130070689124568095e-01,4.118645464551782820e-01,4.149661413022674994e-01,4.073912773240378482e-01,4.186478799441516463e-01,4.134654984367436836e-01,4.142249737924119657e-01,2.214107989950712951e-01,1.734130163925907964e-01,1.144386133341420420e-01,1.840599575458489734e-01,2.067449730881469605e-01,6.850788076984067054e-02,1.701622010571685606e-01,1.377332586899060185e-01,1.361778513331064755e-01,1.700903802994206127e-01,1.306718389267587203e-02,2.255300755517568659e-02,2.153008080616512498e-01,1.297693050113317148e-01,3.374085017250785246e-01,2.091653440669594965e-01,2.372459729776915660e-01,2.646645185053970173e-01,1.701207367801566006e-01,2.783806862693429252e-01,1.486353403056292211e-01,5.762122276096158513e-02,2.593030297599360767e-01,1.713012966289059469e-01,1.318135803206617052e-01,1.044947320791899670e-01,1.939718618824498239e-02,1.931445382861910615e-02,2.605577101693991593e-01,7.546569576928434386e-02,1.663447535796099552e-01,2.396241085529614567e-01
3.445324130256737227e-01,3.498813762563754426e-01,3.423948084621277199e-01,3.491728738754130146e-01,3.336720576054171827e-01,3.483834739906897515e-01,3.392328982002627558e-01,3.339806849075244166e-01,1.969017657549457512e-01,3.246547221072771383e-01,3.255915863460468462e-01,3.274676171509975919e-01,2.736490333266997088e-01,2.885052057546693693e-01,3.266467449862888728e-01,3.299849600815247253e-01,2.897029047981134475e-01,2.982028031182899497e-01,3.429481789531136360e-01,3.255049623200069742e-01,0.000000000000000000e+00,1.715941588780845184e-01,1.433531723350110754e-01,1.625684608043582724e-01,2.063188605372432149e-01,1.249289295708756603e-01,3.378476919280444246e-01,3.138911078225965490e-01,3.260992765721100750e-01,3.423451664950694084e-01,3.193192397007587613e-01,3.459060380238123678e-01,3.315062375262292638e-01,3.490593340751835805e-01,3.223808704722574414e-01,3.157677516325799183e-01,2.492893072589607573e-01,3.051949591494370062e-01,3.142486348117454753e-01,1.934895371931544261e-01,1.657693494377932286e-01,2.273016322449711302e-01,2.511162159044656450e-01,3.051922111156676887e-01,2.421087087997739473e-01,2.821513330022042410e-01,2.351305222703962416e-01,3.364880315180398540e-01,3.143168862699021182e-01,3.187667898097473751e-01,2.928734369979213992e-01,2.715888063635628624e-01,4.323065645525935724e-02,1.001553858295665539e-01,1.059486708942620897e-01,1.302973525454394210e-01,3.495581590968146468e-01,3.461758069265742366e-01,3.320890528513567030e-01,3.389984384471946277e-01,3.144800160380474274e-01,3.141242213529091831e-01,3.309074829500618375e-01,3.265811131525183653e-01,3.437709887327114466e-01,3.278771418103447188e-01,3.510963529168573682e-01,3.520043719905470159e-01,3.527122211787658279e-01,3.508872529013203900e-01,3.501912417414135836e-01,3.373449218477874711e-01,3.402071693652857776e-01,3.482712630869954085e-01,3.518407884160902888e-01,3.526596537433286382e-01,3.486094315419010492e-01,3.491074797331940038e-01,3.492999876562862815e-01,3.520802242362542911e-01,3.512917508458495708e-01,3.491087713483888022e-01,3.250176720351477533e-01,3.515542074839155262e-01,3.262831022747042509e-01,3.452480082501938607e-01,3.464684292261876464e-01,3.507860493287436321e-01,3.517824430322704088e-01,3.213765887631774287e-01,3.327355429013422738e-01,3.401600574861814441e-01,3.352654752183200637e-01,3.179479421329410860e-01,3.157942639056381395e-01,3.528636136982534754e-01,3.336144099764291049e-01,2.106392003799320845e-01,3.316929611259020749e-01,3.490822638315073112e-01,3.388130598795232595e-01,3.471180080885957198e-01,3.463099599339999335e-01,3.525919291276835010e-01,3.455377534602668277e-01,3.480811846378547569e-01,3.327836805788167429e-01,3.314262197364584162e-01,3.325201462143630438e-01,3.166949122808146444e-01,3.267881832179539980e-01,3.337878466881152861e-01,3.036615129042591343e-01,3.186488712017432334e-01,2.752278232248125400e-01,3.209634126664379639e-01,3.067342966167623253e-01,3.312144586863687845e-01,2.124405208826866120e-01,2.900015151227178789e-01,3.178000111066609512e-01,3.425878251299963040e-01,3.199847076160486914e-01,1.696014231662830718e-01,2.564197582857874469e-01,1.574763145348353488e-01,2.319993347224555413e-01,2.724925573824454883e-01,2.294720247573154848e-01,3.338156564226500422e-01,3.392277091308832926e-01,3.339904718081179169e-01,3.485722853779604780e-01,3.381161895240730741e-01,3.197682164837099550e-01,3.429745443996822241e-01,3.152643749713376353e-01,3.239107597162946828e-01,3.319010407562008047e-01,3.155032305875461462e-01,2.882785580622933552e-01,2.253464188005376845e-01,3.301533680849191854e-01,9.487977794250157526e-02,1.359647383800261788e-01,2.486558429372616730e-01,2.399446299395361915e-01,2.557341029711899250e-01,3.004214434562373914e-01,2.586526012901546601e-01,3.162614349898812405e-01,3.302772663152728772e-01,3.390478902333510791e-01,3.402195263215390120e-01,3.382586166921516257e-01,2.969156240803939584e-01,1.987549203974450784e-01,3.187021654373689006e-01,3.513236909517125639e-01,3.520305703668062391e-01,1.603547246012838046e-01,1.641822540135047526e-01,7.773483302116283855e-02,2.060873240864773970e-01,3.475830290909132647e-01,3.184455799307714385e-01,3.169684766088436412e-01,2.680547111681387262e-01,3.330246763239679830e-01,3.311747902308928571e-01,3.443504564966746173e-01,3.412062153203135328e-01,3.528710846048606631e-01,3.434008686866257265e-01,3.521778244377458678e-01,3.480511845042337793e-01,3.501119585737202944e-01,3.523937445469880192e-01,3.153829519068114817e-01,3.527708323288338277e-01,3.409431337399169148e-01,3.526623415694729036e-01,3.462118376488202975e-01,3.513678731728916427e-01,3.532975597505857990e-01,3.508327825778480014e-01,3.491946046552640293e-01,3.261768641116422618e-01,3.505562606060088626e-01,3.422509301017861993e-01,3.367753662220125954e-01,3.530740720936969557e-01,3.283861416084850604e-01,3.526040061422071603e-01,3.350805815117795516e-01,3.363214767868438759e-01,2.960596021605464423e-01,3.343781899617406239e-01,3.292648648864073269e-01,3.196184908641795941e-01,2.350371109513423873e-01,1.795219666000076875e-01,1.232265139649670604e-01,1.974485563869141092e-01,2.126098796811581870e-01,7.772453359720872534e-02,1.680139543711672012e-01,1.366809558404903646e-01,1.315830929624957624e-01,1.629010272507198376e-01,1.711917414245453517e-02,2.773073726616615692e-02,2.232684246980140008e-01,1.631910750591745729e-01,3.184167224940461782e-01,2.184761959440357226e-01,2.522795634305148860e-01,2.704309094787574752e-01,1.769015004431667981e-01,2.873191702165863171e-01,1.552635207187958721e-01,6.444946696807582476e-02,2.395296400148529958e-01,1.739167873675633580e-01,1.268539608526693119e-01,9.827824132157664261e-02,2.087114601429917310e-02,2.065631881411102502e-02,2.497447139616451040e-01,8.840666827617547907e-02,1.609241338317855818e-01,2.291018124018508739e-01
6.399329424279939227e-01,6.414513939147837851e-01,5.451357314912795848e-01,6.275086398152437406e-01,6.469073558095356224e-01,6.491771655713016731e-01,5.868638417717196853e-01,5.974222193225017241e-01,2.020413653110582075e-01,6.457256394840328317e-01,5.066339518567465339e-01,6.068533793953768685e-01,4.016805606217223601e-01,3.176127266783833059e-01,4.776948477851644115e-01,4.084637727651316830e-01,3.714521232112436011e-01,4.524368277390162785e-01,6.405119189493351239e-01,4.157745992050218553e-01,1.715941588780844906e-01,0.000000000000000000e+00,1.602431694735881040e-01,3.648883985596284574e-01,1.425826875523188708e-01,1.438250857356034029e-01,6.046878876685672921e-01,3.983517865523165669e-01,3.447403723683607479e-01,6.486444177158365854e-01,6.129573554045008033e-01,6.495199314456048256e-01,6.147632297499560083e-01,5.869679826318462412e-01,5.786547422107916061e-01,4.000403644792450142e-01,2.770962270507028591e-01,5.195635828615240426e-01,4.595742223157190387e-01,5.325349079538075348e-01,2.687586912861146815e-01,2.944811061627658488e-01,4.795183406084180811e-01,5.459682952180601179e-01,5.229667724314314148e-01,4.565532287109179133e-01,5.583112701890702301e-01,6.205292525231568268e-01,4.043607885306929606e-01,6.476146221975492834e-01,2.977344078628897384e-01,2.699530563753921864e-01,4.361576140296263143e-02,1.006664139673080355e-01,1.072797956786250423e-01,1.448863199996398010e-01,6.465776301434474904e-01,6.487678984597546883e-01,6.452051376784423420e-01,5.795887314407807134e-01,5.197943399886663096e-01,5.830322261274473172e-01,6.199385691210569371e-01,4.073293687517626771e-01,5.394617957582527046e-01,4.784521132171992153e-01,3.592625490651430997e-01,6.490120021725084287e-01,5.920932756716879020e-01,5.193496627772972163e-01,5.811741319281069629e-01,6.497184115417425909e-01,6.431413852531614461e-01,5.619366329871983146e-01,6.491532959292306559e-01,6.447676291264696768e-01,6.428224202924167630e-01,6.064022594033259272e-01,6.432957360387010493e-01,4.988884110392710625e-01,6.293793501878022223e-01,6.498780444922185318e-01,3.147384740435135164e-01,3.707859137845119224e-01,4.526885142077219371e-01,5.998194037668367340e-01,6.165287036716283753e-01,6.492686307508130916e-01,6.196052786309179661e-01,6.480814310195852634e-01,4.386655313852786953e-01,4.533094063661196049e-01,4.108862279106639814e-01,4.607527917065599721e-01,4.630534353306016704e-01,6.494860591437855435e-01,6.256792356303593206e-01,2.179758567873705255e-01,5.639688921344250261e-01,6.275356629958837029e-01,6.377845218228216373e-01,6.255412080256330665e-01,5.019764718089148037e-01,4.597743738156329085e-01,6.490631160105351238e-01,5.168616176327004430e-01,5.436990965217767258e-01,4.788638027488469895e-01,6.063436644369342154e-01,5.257400696595615486e-01,4.927934094333634163e-01,4.802977573882419859e-01,5.426111975574536839e-01,4.577114690795673901e-01,4.291999674601997827e-01,4.973119761536691219e-01,3.794616475794277966e-01,5.470843524210843301e-01,2.341549627477226281e-01,4.810248593655889193e-01,6.022618047197914048e-01,6.006107847690760337e-01,4.379254553487650914e-01,1.922603455375249404e-01,3.563402974595075712e-01,1.871083910818911455e-01,1.427953620502262211e-01,5.532928111041063302e-01,3.890077933443340519e-01,6.016343111779368646e-01,6.042078232534753290e-01,6.308419224665021696e-01,6.494096091483014810e-01,6.333220216298564020e-01,5.804830380410670454e-01,6.489349390893716096e-01,6.463657439038322794e-01,5.426918489158754078e-01,6.389729648770040571e-01,5.765471560408164109e-01,5.074808293418979765e-01,5.809702610770256515e-01,5.655040736147086688e-01,1.307845384314667569e-01,2.405747217665099857e-01,4.719782215011322779e-01,5.507570964997476892e-01,2.772130000823074814e-01,5.815848214954171258e-01,3.967892594681329266e-01,6.506836723788084198e-01,6.515303735646317262e-01,6.498573636882905014e-01,3.979626275631238941e-01,4.992376764072531947e-01,6.480677424355439920e-01,1.970582622004842244e-01,3.525503060040036662e-01,4.441346970024040997e-01,6.470439091957058686e-01,1.594710215536421505e-01,1.643864576598611515e-01,8.095247705511790515e-02,2.125516966374756400e-01,6.502717799728289227e-01,6.465661345809233795e-01,6.501438196395465940e-01,5.981955589280663066e-01,6.362676885488670608e-01,4.705722546319483501e-01,5.610959724572323060e-01,4.975561995263960147e-01,6.483206295681461784e-01,6.487184625763225965e-01,6.486398748479308418e-01,6.488012831841976080e-01,5.825042329268553809e-01,6.479099318452314904e-01,5.787541617506077873e-01,6.486697403923247229e-01,6.233322552092991353e-01,6.406315802145192695e-01,6.373089249772218023e-01,6.486800098090136357e-01,6.473223379782991893e-01,6.441862521358510119e-01,5.982487952288257915e-01,3.480504771921340001e-01,6.491381662012324361e-01,6.248509948100881006e-01,4.668011965448521927e-01,6.457241430733495768e-01,6.295051574312834353e-01,6.489037340577195057e-01,6.225223865472196971e-01,4.634152595251986306e-01,4.880883798568371734e-01,4.403678189672224352e-01,6.318620310842905097e-01,6.061513781667761114e-01,2.357543298665983056e-01,1.826490722245737441e-01,1.243203146088146110e-01,1.996299824030554337e-01,2.157994879886205863e-01,8.346729082089830720e-02,2.015999011626614656e-01,1.512154478680695358e-01,1.373687952105711041e-01,1.757309510338526393e-01,1.890925047616541510e-02,2.885306834840530368e-02,2.573940999748807745e-01,1.878846546613460733e-01,3.476566521870073090e-01,2.311351856019696616e-01,2.516825768207469061e-01,2.746549590117111639e-01,1.875049955540464830e-01,3.013622233052403732e-01,1.613650455033789344e-01,6.859151018492837260e-02,2.661603533404003352e-01,1.961404592714014461e-01,1.312833098014498379e-01,1.019969054194592856e-01,2.090387583342586536e-02,2.190075424426451978e-02,2.857752521994348927e-01,1.054254207947064453e-01,1.640272226520604892e-01,2.461732341010638980e-01
2.631823136485428316e-01,2.695595397961432216e-01,2.606058263737013325e-01,2.649180662204240755e-01,2.615735152600341396e-01,2.680003957206482101e-01,2.660478606896739540e-01,2.611834033066768868e-01,1.971278033920548234e-01,2.595805953417489875e-01,2.633104103987838340e-01,2.592561598122636868e-01,2.157659769944631212e-01,2.172605309451023092e-01,2.172915678625489955e-01,2.308076691575762229e-01,1.914383260676016107e-01,2.263311605996470854e-01,2.524498004576088417e-01,2.116741224975802749e-01,1.433531723350110754e-01,1.602431694735880763e-01,0.000000000000000000e+00,7.309840222717853275e-02,2.146426523884081283e-01,8.024945273774818089e-02,2.403148787728220936e-01,2.262546845556574482e-01,2.627975211889476692e-01,2.704323801513885961e-01,2.595256204256493060e-01,2.696463292454083227e-01,2.634579248772314086e-01,2.689395721273339923e-01,2.606051140732000837e-01,2.416962978492868674e-01,2.304211343304810589e-01,2.256448682305938758e-01,2.525439694941593594e-01,1.875655966696528620e-01,1.823878906218860119e-01,1.746163196598395639e-01,2.177915831446952666e-01,2.511016491540989937e-01,1.806921379994597676e-01,1.859406659856560895e-01,2.235274735300908366e-01,2.636866707515895247e-01,2.585891705190159762e-01,2.477867411643595585e-01,2.738808098032349814e-01,2.677922590291486049e-01,4.276043626612310855e-02,1.010080923815259990e-01,1.065275379851480658e-01,1.529372091476873530e-01,2.737575600721517954e-01,2.647525260811827152e-01,2.615707201817217276e-01,2.638136799982832015e-01,2.590806742144232677e-01,2.612058201505129129e-01,2.694719091765556684e-01,2.644428991259714090e-01,2.667585619189843937e-01,2.632437341302162892e-01,2.740092174511334910e-01,2.740097937917630455e-01,2.730191259809834903e-01,2.740973521619159969e-01,2.716914432721685979e-01,2.635995382692521427e-01,2.698767036752796056e-01,2.734679780197595833e-01,2.741340704975284148e-01,2.734068362424590948e-01,2.713146941542778356e-01,2.733666322274422300e-01,2.734117644710915007e-01,2.739206987333672738e-01,2.736207890841719781e-01,2.699024506609430940e-01,2.735383595676025847e-01,2.729470820697279532e-01,2.680392450530795223e-01,2.730211080197770257e-01,2.739728474251880708e-01,2.756133763539717063e-01,2.746749864480064196e-01,2.561055636054305751e-01,2.656980389348383431e-01,2.722918925518581501e-01,2.585330422541927686e-01,2.662182160425737854e-01,2.620437798652447969e-01,2.734685351143665843e-01,2.641707556706842097e-01,2.122610018372140250e-01,2.689512939084984788e-01,2.718470220671963533e-01,2.591745226364536858e-01,2.649766229246818261e-01,2.697851703423743697e-01,2.727635763366767496e-01,2.656202017758702572e-01,2.713441967154126555e-01,2.593666500785019591e-01,2.544541688129015045e-01,2.596698767527478302e-01,2.530024523056980112e-01,2.564222677163751629e-01,2.574391872799858816e-01,2.284830041660461664e-01,2.199356450718626677e-01,1.933173712555962542e-01,2.332889771678530177e-01,2.430506672700276927e-01,2.389378052276006081e-01,2.003890311237173649e-01,2.246930558540467526e-01,2.385292269780139862e-01,2.504076548650407963e-01,2.051906537714255074e-01,1.180234346011744956e-01,2.277440847543387159e-01,9.788898637554845072e-02,1.520096121363835040e-01,1.479600902882923508e-01,1.304805454033202694e-01,2.299157024209125544e-01,2.634287303815207038e-01,2.625917486744763218e-01,2.691187930988530597e-01,2.580707159809445539e-01,2.497228616083957964e-01,2.652999644445447891e-01,2.484236078747821264e-01,2.540205397692268385e-01,2.609312463710919960e-01,2.388495211002611418e-01,2.350124070395676057e-01,1.813071177732445138e-01,2.597447022872131916e-01,1.049375254161625526e-01,1.489691554148748487e-01,1.954630963375691977e-01,1.707813307227168953e-01,2.410039223774778083e-01,2.431599715615819224e-01,2.191777137887767068e-01,2.602437893040014938e-01,2.660584957115563753e-01,2.725660093565679953e-01,2.684926009109588896e-01,2.693779257349814271e-01,2.392791394460765386e-01,1.977542269265139541e-01,2.593099576444533594e-01,2.726921595211274085e-01,2.748829093383111100e-01,1.540829533708126531e-01,1.669651437063724986e-01,7.829246206350387594e-02,2.042905756967212660e-01,2.699905371436355783e-01,2.574674069856295322e-01,2.568069708995429634e-01,2.457014128656434260e-01,2.707655547121021744e-01,2.609896892075806996e-01,2.712061919413598643e-01,2.688402012206465574e-01,2.749292196355366258e-01,2.738021833093642887e-01,2.754517650844136023e-01,2.726279050728370179e-01,2.734537828592168429e-01,2.735494366510761166e-01,2.602290082944159200e-01,2.751059883269605377e-01,2.669646786595655796e-01,2.742846083435357962e-01,2.709760832760558791e-01,2.756788079957017135e-01,2.753693525625199867e-01,2.725828455751375112e-01,2.694440275471519097e-01,2.615202085532884468e-01,2.743686675578639877e-01,2.743291021878620506e-01,2.672417245729288293e-01,2.766531401876214935e-01,2.701207227177185866e-01,2.738563571677012365e-01,2.657049066095387713e-01,2.669877364353134275e-01,2.569668895096492989e-01,2.721890781645663338e-01,2.693815935547422824e-01,2.653223325851270520e-01,2.321901435269762282e-01,1.819034912884933686e-01,1.191203533320839697e-01,1.978414448804860226e-01,2.111725915413322219e-01,6.373767241540397033e-02,1.650906465438621018e-01,1.326627970237119480e-01,1.346909847173143882e-01,1.719950886576319116e-01,1.755686742489336732e-02,2.489513777688483892e-02,2.173150941526329760e-01,1.478544858311699184e-01,2.453248517676779594e-01,2.205313268498070856e-01,2.503784372699684457e-01,2.712059377963491058e-01,1.815940948773979158e-01,2.639831772612669658e-01,1.639681888163389833e-01,5.185367958712198966e-02,2.262885963214485430e-01,1.812673071016335236e-01,1.321609509877726130e-01,1.035988451120498366e-01,1.983628614434598467e-02,1.839061286541773116e-02,2.342599902771971832e-01,8.077413210005825184e-02,1.674681456182882666e-01,2.447989742950031911e-01
4.939367770156078419e-01,4.993032939022710170e-01,4.896985314972105985e-01,4.981574531243499471e-01,4.956610904841356469e-01,5.023230429098616279e-01,5.000247818282977930e-01,4.937618005521586806e-01,2.046124035852445178e-01,4.948050794397193530e-01,4.974725961535554908e-01,4.974350581044463815e-01,3.923768434144860873e-01,2.834772196505145891e-01,4.567983814724991265e-01,3.978393156017325238e-01,3.212428775016338278e-01,4.154184041305106767e-01,4.998887652767784462e-01,3.668428003270430837e-01,1.625684608043582169e-01,3.648883985596284574e-01,7.309840222717853275e-02,0.000000000000000000e+00,3.561836707813559877e-01,2.759797436436230433e-01,4.138339454335185907e-01,3.736931542095832670e-01,3.382674042971833828e-01,5.029548149919378375e-01,4.895105500780956298e-01,5.010540880094286331e-01,4.926116396087130700e-01,5.012801247315777919e-01,4.677862434758139898e-01,3.702893752020356977e-01,2.553707244965026657e-01,4.548389592402798387e-01,4.494363036570435677e-01,2.990499569609542663e-01,1.516499286101026522e-01,7.874340211566516201e-02,2.976674224003970082e-01,4.929337274780307143e-01,3.709617732672634838e-01,3.734173986957232683e-01,4.015554325641826905e-01,5.007701389526162394e-01,3.824726241769157431e-01,4.759574495916371051e-01,2.978777742038428711e-01,2.724935477581673648e-01,4.371778344674183414e-02,1.015992855416113227e-01,1.066414668012947153e-01,1.529718202514626368e-01,5.022786879976695040e-01,4.969376617818992425e-01,4.923703445191993655e-01,4.949541779672103070e-01,4.859058580085280354e-01,4.783304070566918309e-01,4.985683162834732007e-01,3.905759098160569431e-01,4.988154759900283453e-01,4.658187865630397106e-01,3.597233289075912888e-01,4.997218423988670222e-01,5.016167870646688343e-01,5.002381635416888184e-01,5.016464786099577022e-01,4.964581352895686694e-01,5.026242942575781525e-01,5.020256480600989724e-01,4.939582011166746001e-01,5.008329786936708272e-01,5.024299248996749734e-01,5.011911934513662015e-01,4.990684593983818473e-01,4.976188071125116075e-01,5.006419189756519117e-01,5.031438349893299078e-01,3.333607028937907168e-01,3.753008580267008232e-01,4.976677889369420793e-01,5.028234922201185730e-01,5.007160511664618951e-01,4.974213491522597730e-01,4.995432854090760544e-01,4.901734432489067150e-01,4.574786521896442859e-01,4.534351831740712768e-01,3.951304825718511271e-01,4.789885570564588746e-01,4.939039307712833615e-01,5.014008569622685485e-01,5.001529710854952793e-01,2.175466085297483587e-01,4.983127165553319360e-01,5.022146868382031393e-01,4.923597903039720336e-01,4.946644944603239558e-01,4.988563976773932040e-01,4.654993113628081991e-01,5.017695018194016088e-01,5.002221816101771745e-01,4.890798349474734796e-01,4.721689684368894913e-01,4.903459474946728625e-01,4.848714731699988456e-01,4.882500918742542773e-01,4.706534576224211119e-01,4.296260217699162665e-01,3.914409081447561833e-01,4.133265004087797734e-01,4.614769253286126749e-01,3.488307400776786138e-01,4.696217737817949822e-01,2.129141794095873175e-01,4.366708978569357469e-01,4.904830003235494118e-01,4.995875353701466071e-01,3.959243440323115260e-01,3.256456053902396786e-01,4.668821828176505373e-01,6.553360262235059797e-02,2.777083347134675639e-01,1.767506389696876234e-01,2.036214315887543702e-01,4.093974911563278418e-01,4.929001960568644147e-01,4.992997785132511912e-01,5.023631642055336188e-01,4.957153592238008888e-01,4.700301761458741123e-01,4.976561454959622655e-01,4.293751913762903771e-01,4.666955205786266769e-01,4.977471517180712679e-01,4.711438862463802058e-01,4.398871414155059445e-01,3.234059464332297851e-01,4.910438827603199052e-01,1.027957898554439919e-01,1.456939899024825291e-01,2.564328091254597930e-01,3.787169485314735851e-01,2.860715563946338857e-01,4.840968171096176054e-01,3.442128922878938679e-01,4.739083282328423463e-01,4.863912156115335339e-01,5.028447126746218299e-01,3.984510408989258567e-01,4.939369340439567768e-01,4.495020373136891512e-01,1.973640183566189032e-01,3.412819430509681506e-01,4.429304152755090263e-01,4.950659507079421262e-01,1.565579106372638474e-01,1.695275864412952305e-01,8.312543109500683536e-02,2.100331737526684173e-01,5.008003000455284459e-01,4.658335500450078714e-01,4.771212737644969781e-01,4.094914166080785844e-01,4.995296012703674959e-01,4.622215829303283341e-01,5.022253373838099222e-01,5.022978309147305698e-01,4.976727806339783511e-01,5.037389506303858733e-01,4.994265609650906934e-01,5.028738224525466372e-01,5.020148749254683684e-01,5.020134001612684971e-01,4.921820952495957746e-01,5.013416945206521369e-01,4.971865636508628339e-01,4.987446138182488053e-01,5.028362836282901371e-01,4.982541620420848916e-01,4.986139543701513244e-01,5.017050894773235070e-01,5.032500999084247306e-01,3.460229478887885124e-01,5.000151584882527311e-01,5.021196968735529564e-01,5.024584402053258181e-01,4.965580673575443194e-01,5.021647121639321032e-01,4.980250757295543451e-01,4.993333075777440788e-01,4.619625791082847543e-01,4.911409516732739844e-01,4.631021565745174762e-01,5.008778745120006093e-01,4.961849030891318235e-01,2.369782357353215352e-01,1.830885016569335777e-01,1.234818015522553547e-01,1.985097331238604434e-01,2.221087025371369927e-01,7.490713124646311560e-02,1.806145817494358152e-01,1.452763431469783761e-01,1.377885998318887084e-01,1.780710728448853808e-01,1.553760788308518326e-02,2.466721705008282847e-02,2.223328810490851903e-01,1.400794378251789263e-01,3.583623107318829604e-01,2.298187910819919355e-01,2.537524769693089710e-01,2.764432507094639058e-01,1.817215421079463877e-01,3.058709335489121495e-01,1.751313292074787864e-01,5.799636422581794237e-02,2.486288014610989194e-01,1.854465797820129824e-01,1.328172396797153709e-01,1.050291819561169071e-01,1.978421230624365090e-02,1.961195521311034570e-02,2.679420563763177388e-01,7.500280174836713998e-02,1.707614840546621826e-01,2.478834101226589925e-01
4.149730534182971553e-01,4.163161118279929962e-01,4.160127226427628999e-01,4.203852903913106731e-01,4.104893030691335598e-01,4.123586648368594010e-01,4.180414183498947223e-01,4.142080579742655755e-01,2.022308027627006122e-01,4.088500377771492333e-01,4.182500428423941985e-01,4.172014480623602029e-01,3.822416079999690353e-01,3.010384666376438312e-01,4.000214125668398735e-01,3.895322506456836975e-01,3.559517784221885583e-01,4.047436060153312143e-01,3.861375254593021333e-01,4.050029498974234143e-01,2.063188605372432982e-01,1.425826875523188708e-01,2.146426523884081283e-01,3.561836707813559877e-01,0.000000000000000000e+00,1.699892242395887321e-01,4.095170777213251179e-01,3.656107029108299766e-01,3.226186943105298077e-01,3.990099683211206782e-01,3.494341503658162096e-01,4.187428407598567381e-01,4.206627427365572380e-01,4.132383603047626863e-01,4.194207970344222547e-01,3.905061168877510536e-01,2.683967647134568590e-01,4.088519554227052488e-01,4.036016277771989347e-01,3.852700650796546666e-01,2.741370259433598688e-01,3.001557232909492501e-01,4.180157586134806702e-01,4.067130965412285026e-01,4.080986149444777444e-01,3.775665226982004574e-01,3.889237104079847906e-01,4.198602871728429053e-01,4.059630083037348847e-01,4.256956094751710440e-01,2.957350320671296440e-01,2.648566871764249653e-01,4.129897794620062540e-02,9.762224519202630790e-02,1.057224474141664483e-01,1.405850582833584050e-01,4.172821370299000798e-01,4.192801865410168416e-01,4.198546923712787038e-01,4.142398017604320137e-01,4.180397320411184947e-01,4.192252419347005099e-01,3.624304249464624927e-01,4.050816087119919473e-01,3.886931738475933318e-01,4.271889105713733148e-01,3.584431010705788068e-01,4.272281310099618201e-01,4.199542004208035584e-01,4.228572059305760189e-01,4.269006658407092369e-01,4.273651522373148048e-01,4.111728806556481652e-01,4.259208362943915915e-01,4.268046998036459372e-01,4.163255356344282010e-01,4.108847464115771841e-01,4.245518023122657469e-01,4.095314670915808919e-01,4.266893321520525140e-01,4.256657738913321443e-01,4.263569512666580130e-01,3.170256115404106456e-01,3.667987237146874691e-01,3.328295706277833443e-01,3.859453833232479592e-01,4.095689348621187054e-01,4.243823917650962896e-01,4.166617254063612608e-01,4.265187347659792905e-01,3.873319368970101761e-01,4.273859004181288501e-01,4.097523066013111781e-01,3.832904172704814649e-01,3.953030587534736573e-01,4.271556903977576369e-01,4.244283003481625349e-01,2.122824089079865528e-01,3.391688656885731845e-01,3.948794642529536714e-01,4.077213461056243826e-01,3.802367463680390025e-01,4.257856984810395318e-01,4.149135976534580328e-01,4.227576583728714921e-01,4.071775713750073189e-01,4.093779946935228731e-01,4.126667991206220409e-01,4.073473156474704537e-01,4.126461325414519377e-01,4.176089414560125168e-01,4.156215288273027442e-01,4.156660295043668740e-01,4.034484046104967470e-01,3.779232478432618114e-01,4.061388225795548590e-01,3.644052098083004343e-01,4.003552025457674524e-01,2.207916207210188497e-01,3.963944814879032941e-01,3.827944421891350535e-01,3.972987147062193580e-01,3.986986312945556832e-01,2.007404170916795016e-01,1.971197864496055940e-01,1.935587186795139913e-01,2.211470969420893939e-01,4.109977087026392417e-01,3.587655617105306449e-01,4.101711005522449272e-01,3.912333834961247980e-01,3.693273698516145731e-01,4.145956365931910970e-01,4.237448664018006461e-01,4.121796698585851737e-01,4.169086057739728179e-01,4.261142136748605758e-01,4.226963369542141025e-01,3.994893291897991805e-01,4.164763871701807063e-01,4.118881317912755913e-01,3.705111247525901819e-01,3.636441459146664834e-01,1.316817756257496197e-01,2.274723883774057154e-01,4.201251879160424196e-01,4.044038552231626338e-01,2.523473886080222495e-01,4.102832947100585881e-01,3.705435229102359562e-01,4.265721044928846850e-01,4.259942132915084390e-01,4.272999238256207089e-01,3.979315052183486912e-01,4.258530804138298542e-01,4.270191397108015208e-01,1.947223793964460992e-01,3.512401811744844116e-01,4.249293427534722167e-01,4.196956270513403364e-01,1.599846371244399712e-01,1.583575067036314121e-01,7.611383648599978624e-02,2.016960066311170030e-01,4.193251683420643472e-01,4.245242043583216107e-01,4.253857750633687762e-01,4.058667799696109579e-01,4.031973398948552889e-01,4.229676861105186592e-01,3.808465969491811043e-01,4.018565422219416150e-01,4.266889885062390420e-01,4.269411223820581691e-01,4.273916102426218444e-01,4.160341650899208599e-01,4.252881130292345269e-01,4.132849151262467102e-01,4.136501019724393990e-01,4.244477428227716453e-01,4.266802101739015085e-01,4.095236402257669273e-01,4.265766482234513712e-01,4.251023388165985906e-01,4.190600040235432644e-01,4.147879735768632559e-01,4.271866963303216358e-01,3.483760018767117494e-01,4.251732327502228959e-01,3.909107587493889646e-01,3.836156354056564077e-01,4.149302722421842060e-01,4.072962164183641653e-01,4.225581896758061062e-01,4.216139427245785831e-01,4.204058947928476786e-01,2.657296553496331648e-01,3.974265662952424227e-01,3.694563470806345173e-01,3.309845746948827383e-01,2.342399120285649505e-01,1.773972412868600468e-01,1.154313918775408260e-01,1.919828168276938030e-01,1.995496899848333006e-01,8.437660412148968725e-02,1.932675960158816708e-01,1.445851393367553195e-01,1.354713266421981588e-01,1.767021392657462664e-01,1.853112595913404548e-02,2.964173211499492033e-02,2.560062895980215192e-01,1.884786290155793242e-01,3.552841884748367818e-01,2.258603408578324923e-01,2.524197282822779886e-01,2.678417242900527073e-01,1.785676402939822549e-01,2.959658470065582025e-01,1.506230304904879191e-01,7.352349462821991533e-02,2.580835669784266040e-01,1.801364973349435517e-01,1.292569007509195844e-01,1.026816573533964466e-01,2.077282146938721694e-02,2.184982576580654298e-02,2.889989802639136851e-01,1.063004656843258011e-01,1.647190603696304101e-01,2.423985108054019233e-01
5.137812388188018886e-01,5.175043302166516535e-01,5.106097271968517148e-01,5.219704659194435159e-01,5.190436123246715550e-01,5.268455988940172752e-01,5.272485064209928574e-01,5.212542542853165761e-01,1.967389784478331960e-01,5.203239389906508805e-01,4.955533522634051335e-01,5.254365842749390003e-01,3.525736982443573586e-01,2.671662086881934628e-01,4.377973389821973593e-01,3.738230069078969930e-01,3.032412781035263571e-01,3.963775023434402689e-01,4.985342903677193460e-01,3.742625240594080194e-01,1.249289295708756187e-01,1.438250857356033752e-01,8.024945273774820864e-02,2.759797436436229878e-01,1.699892242395887321e-01,0.000000000000000000e+00,4.986985501774629514e-01,3.534953607149370902e-01,3.242203554800194842e-01,5.232932461639436816e-01,4.810159781741191187e-01,5.299578451594544326e-01,5.224354781748552501e-01,5.291602643016591889e-01,5.132781020929175764e-01,3.563047661813770750e-01,2.344687178702438701e-01,4.690444688604407664e-01,4.305043124563444068e-01,4.077687889467025428e-01,2.332919345850046899e-01,2.507778014877551920e-01,4.405470808012254547e-01,5.127208065996006203e-01,4.431176744289077596e-01,3.698740018390163087e-01,4.752296299030381310e-01,5.255837463579824398e-01,3.992529652832055853e-01,5.276311349265281336e-01,2.942468770536039169e-01,2.642590349179441134e-01,4.359257221629194573e-02,9.872730642301454085e-02,1.073155668912609134e-01,1.450844518559729901e-01,5.304243912814975426e-01,5.254112513891558978e-01,5.166013100306561245e-01,5.236911088744857778e-01,5.025964268710095828e-01,5.269365727811409217e-01,5.035246264549143591e-01,3.963259061088900692e-01,5.078419813601340316e-01,4.681501511114964376e-01,3.564619154104454180e-01,5.377560057238961466e-01,5.338425920297880101e-01,5.170013156549466693e-01,5.370480919387269347e-01,5.313511074371178866e-01,5.262610539268568477e-01,5.350416262761750197e-01,5.363062780292539022e-01,5.291971125842938051e-01,5.241561485041932311e-01,5.337721893106202042e-01,5.288522111412881088e-01,4.998857939494849023e-01,5.368359393001554958e-01,5.381771875170070496e-01,3.174590765239757584e-01,3.708027181734843136e-01,4.753780762926015924e-01,5.034222165436980090e-01,5.298947319359295083e-01,5.381727718326074772e-01,5.324099387286667096e-01,5.298516949186331537e-01,4.165173395623075758e-01,4.513587518402255028e-01,4.029646436732571280e-01,4.592644647429993676e-01,4.588040043936494894e-01,5.369346993503834042e-01,5.285692543182457515e-01,2.141501267036484413e-01,4.836308794342556450e-01,5.144551938936162694e-01,5.130559868501093357e-01,5.014452352855154338e-01,5.022919631199521673e-01,4.563189383405457655e-01,5.335914561385429744e-01,5.105910876258588083e-01,5.116219148534683070e-01,4.645130060784006254e-01,5.161246660052926094e-01,5.069014080096058139e-01,4.798640436583330171e-01,4.675368428360497930e-01,4.759867588882019107e-01,4.266950726126380600e-01,3.726830819170647846e-01,4.566421045558692882e-01,3.362468407436521312e-01,4.888920044738755410e-01,1.990770749356797487e-01,4.073723612109582670e-01,4.876293030050898314e-01,5.013338116335713801e-01,3.927575307341577560e-01,1.038749522784682966e-01,3.204069286633878799e-01,1.393942901969384696e-01,8.147741035975879231e-02,4.338663920786065553e-01,2.817893055397596713e-01,4.904951180529723009e-01,5.018968732411914768e-01,5.009226836567760577e-01,5.318009034740317498e-01,5.205870175326032800e-01,4.900277353429572380e-01,5.257178013390717553e-01,5.194723791136507396e-01,5.053339150574829297e-01,5.083314457680111476e-01,4.857043895671079858e-01,4.651216808860566543e-01,3.934778836286316195e-01,4.930665301106945120e-01,1.073103921662905413e-01,1.659961672340108940e-01,4.257175560975525741e-01,4.558068120198865980e-01,2.452700931003782558e-01,5.107314445557330496e-01,3.297656164650115129e-01,5.352550603118423345e-01,5.386833220467107664e-01,5.368630630699571249e-01,3.994046994612433510e-01,4.983405488458205745e-01,5.253308059317035594e-01,1.922311085737038738e-01,3.446655658079412210e-01,4.413398646273641313e-01,5.330292574898554125e-01,1.569278074004236134e-01,1.630109024867595624e-01,7.627118474846458773e-02,2.012710221754610285e-01,5.332458847900113375e-01,5.169561480316517965e-01,5.213431687216850685e-01,4.962325437761492264e-01,5.257999809276986403e-01,4.579194883493443169e-01,5.084070508127052079e-01,4.850912851918978141e-01,5.379443057727543165e-01,5.373907733193085123e-01,5.378800382823071269e-01,5.311736225156612479e-01,5.360772166885938717e-01,5.316525990797614787e-01,5.202981941309255953e-01,5.348767457020585647e-01,5.321980851197578577e-01,5.284653619220457399e-01,5.356232863377671238e-01,5.373464524244611074e-01,5.329879468406812926e-01,5.254270016664099874e-01,5.380075417628469303e-01,3.458034495148707976e-01,5.375386523459734223e-01,5.158779876392315389e-01,4.691316738820098808e-01,5.329539729317807062e-01,5.223307669526956465e-01,5.334717372212216535e-01,5.273991913546761667e-01,4.579812907564334568e-01,4.161695266564234830e-01,4.452827773328778549e-01,5.138126579511576031e-01,4.875173819202545666e-01,2.334957557805373840e-01,1.820671981425187325e-01,1.191428939266725578e-01,1.928911050314599807e-01,1.989983304151531074e-01,6.751616797528206537e-02,1.775622760634050223e-01,1.338280287026744619e-01,1.372467562054808798e-01,1.721393685679658836e-01,1.662202295404910726e-02,2.508740613559043431e-02,2.265762086751502424e-01,1.548285827605844489e-01,3.363501712889884199e-01,2.163479245202510892e-01,2.478740809679405299e-01,2.721918319456291813e-01,1.762672715698840598e-01,2.880968540828672819e-01,1.485248627318731529e-01,5.213890730976215859e-02,2.460294864391791014e-01,1.701517694007919912e-01,1.302092508317072295e-01,1.016889126626184248e-01,2.048692045431615288e-02,2.069134833707370058e-02,2.578249855984547367e-01,8.676900039145636623e-02,1.646797491240389044e-01,2.396700914429717444e-01
5.798590764702300504e-01,5.895406763361562552e-01,5.440928938767591871e-01,5.911985558796800655e-01,5.970622842203345826e-01,5.868822129734443394e-01,5.742792740312391286e-01,5.882757412083353676e-01,2.049682265343964749e-01,5.972343858693826002e-01,4.989568299255509598e-01,6.028928582261802172e-01,4.029470594839971165e-01,2.876805978790665241e-01,4.228816287575785093e-01,3.645450532899336404e-01,3.639095660071034466e-01,4.371914412724267063e-01,5.721316093951623882e-01,3.529702435638804592e-01,3.378476919280443691e-01,6.046878876685672921e-01,2.403148787728220381e-01,4.138339454335185907e-01,4.095170777213251179e-01,4.986985501774628404e-01,0.000000000000000000e+00,2.923968288774281832e-01,3.217300335160093172e-01,5.821916311259126564e-01,5.866793927449180934e-01,5.983854183764109047e-01,6.058526590253674460e-01,5.661348162294775888e-01,5.778945538014256256e-01,3.968623077328723436e-01,2.765085509841640476e-01,5.380635257623699319e-01,4.466802623992754961e-01,5.812636946727535170e-01,2.753105774627354618e-01,2.804316441781652403e-01,4.821906705448738006e-01,5.426343955999193280e-01,5.438198632245039299e-01,4.271330242164884106e-01,5.834460562860698252e-01,6.071707103545398443e-01,4.053586127287863716e-01,6.156498892414674629e-01,2.977071514768938609e-01,2.476259004493932270e-01,4.340874503731186052e-02,9.800648738412134908e-02,1.059337012561843011e-01,1.552834005180280252e-01,5.910371736777146889e-01,5.956748996429621634e-01,6.088999058830173450e-01,5.703904025617118068e-01,5.193466223619676025e-01,5.768527721239870010e-01,5.866725065817766094e-01,3.988847842887806028e-01,5.237717730231772340e-01,4.776549832873330792e-01,3.436448068074888229e-01,6.138860800788659144e-01,5.788510575826586457e-01,5.035265873856578089e-01,5.722763207467530533e-01,6.155604170470800884e-01,6.067945881194917179e-01,5.618243264486355582e-01,6.070854431303882581e-01,5.871815230579252587e-01,5.850998840829838565e-01,5.995693854176658011e-01,5.924079718169291686e-01,4.964526781244915643e-01,6.040071217774133361e-01,6.156186750277258257e-01,3.281324633294158133e-01,3.635273119559520039e-01,5.287518654586149669e-01,5.950871832179618348e-01,6.045702436785852507e-01,6.038443630026392173e-01,5.892946342224221201e-01,6.145603036998602553e-01,4.329164274944006796e-01,4.492211715323723431e-01,4.092810961588312924e-01,4.619569337748999915e-01,4.931330306568457722e-01,5.893325586795920001e-01,6.055390135950413644e-01,2.091486420970279925e-01,5.961827915414700252e-01,5.838165501088703468e-01,5.895521267468750715e-01,5.829086640480779513e-01,5.070564716854564224e-01,4.537786673093198164e-01,6.092657129420739892e-01,5.194339545987655127e-01,5.462458156497549400e-01,4.743277188683320267e-01,6.057989294541439307e-01,5.218798622785801866e-01,4.894570818268748069e-01,4.755187393486581815e-01,5.346614235444886454e-01,3.005654027083158319e-01,4.271024072608539668e-01,4.411207164136769499e-01,3.736100182166903205e-01,4.866889460911970611e-01,2.185513328387984899e-01,4.769579180539121332e-01,5.788334446699092695e-01,5.623456334945521329e-01,3.950257090263925019e-01,5.519940257778825909e-01,5.995019322372758808e-01,1.445801238056336480e-01,3.628637548319685879e-01,5.083201933308508780e-01,3.907342463621767403e-01,1.332084551932400385e-01,5.808689158173788725e-01,5.758572450228788275e-01,5.924470263213506005e-01,6.122648792378769800e-01,5.867569121102784724e-01,6.021425139549755334e-01,6.119194801501605108e-01,5.440374923510934435e-01,5.835353398367925104e-01,5.861238454694246425e-01,5.188043295983937320e-01,6.105114513080707184e-01,5.543185891413037192e-01,1.466287462329795843e-01,2.692685991247567023e-01,4.736819059427729850e-01,5.694877781767599956e-01,2.846857071807147310e-01,5.742233897415911503e-01,4.104341952819354766e-01,6.159567717781979646e-01,6.149034164899466193e-01,6.146223487112201234e-01,3.992532537536550019e-01,4.992947047959079288e-01,6.158149141120381476e-01,1.946612671035711228e-01,3.540117384879292728e-01,4.344999965603837944e-01,6.062623369849925448e-01,1.572138115610966225e-01,1.620941701382177247e-01,7.782993057013379290e-02,2.051700932797834165e-01,5.928586765054888463e-01,6.150171523585999944e-01,6.150968673006955711e-01,6.006229384702815866e-01,5.899625506507137906e-01,4.671349371980078602e-01,5.617365365466305827e-01,4.689952595393498957e-01,6.103124629143190649e-01,6.148011968901250235e-01,6.132453550011625065e-01,5.871868368391367499e-01,5.670060400853438320e-01,5.949230125589376472e-01,5.723800387488562347e-01,5.941046565516187039e-01,6.158521167763003623e-01,5.914020643339947814e-01,6.152018666855635365e-01,6.078051150565986216e-01,5.818315366207885697e-01,5.855045256631765671e-01,5.971624623322541181e-01,3.513893361073878729e-01,6.014463631055169124e-01,6.003594278529620354e-01,4.834324332305307004e-01,5.836161809877569162e-01,5.975041539172158966e-01,5.837386974084614044e-01,6.068933286111407588e-01,4.549370773364015963e-01,5.898923325339149315e-01,4.570741716282800682e-01,5.862670187793206367e-01,5.851191383433836934e-01,2.320836618593379030e-01,1.734745642175863078e-01,1.108949566380538765e-01,1.945727135193755231e-01,2.079137143381075969e-01,8.017144028584392845e-02,1.928156615523736461e-01,1.400485876351452996e-01,1.391081678544461853e-01,1.870046679381607846e-01,1.641125297234359570e-02,3.007939740989059793e-02,2.638157746483303923e-01,1.775462875736460444e-01,3.693898992483996557e-01,2.260217207828071062e-01,2.493881883034292368e-01,2.685635621032526066e-01,1.800787985792055290e-01,3.001944549407369323e-01,1.615982014101878528e-01,7.226345495889445469e-02,2.691334708150291966e-01,1.785352766605164954e-01,1.330726505205847843e-01,1.050062997495672806e-01,2.018732433376448435e-02,2.237255241739766198e-02,3.009210379378060018e-01,8.952132593724987375e-02,1.694329338092974147e-01,2.388915375981530420e-01
3.406860957938215306e-01,3.648447877603596678e-01,4.076017954703587409e-01,3.817544983618583743e-01,3.458843975358173450e-01,3.162021801107783303e-01,3.636867032863206894e-01,3.678837139302243431e-01,1.734537547935677548e-01,3.407026824906810303e-01,3.865189652825527511e-01,3.742850481779281813e-01,3.466094835025529952e-01,2.363785911677356855e-01,2.647183628441040493e-01,2.748762734520940887e-01,3.239564322221245019e-01,3.617637850381714149e-01,3.600372810118237510e-01,2.987223273243422850e-01,3.138911078225965490e-01,3.983517865523165669e-01,2.262546845556574482e-01,3.736931542095832115e-01,3.656107029108300877e-01,3.534953607149370902e-01,2.923968288774282387e-01,0.000000000000000000e+00,2.668806760867133421e-01,3.156684497270174083e-01,3.600229450885146787e-01,3.664617975757596957e-01,4.016161037918851706e-01,3.284927960842334849e-01,4.056762856125319394e-01,3.804776535487065514e-01,2.411224362706113900e-01,4.192285370471598438e-01,3.234516858880644441e-01,4.167778600176649806e-01,2.561876592683463572e-01,2.787556553523490854e-01,3.974772350887057493e-01,3.959776585426025841e-01,4.074522723988144302e-01,3.115406357503278101e-01,4.246912344842095899e-01,4.098283013608816638e-01,4.045988434309598647e-01,4.299860936807844980e-01,2.894588759287127222e-01,2.370802105989408548e-01,4.040340085991311891e-02,8.810219427503308831e-02,9.755037823925938323e-02,1.421110582987651361e-01,3.977424615227113103e-01,3.757488937325711986e-01,4.109189304042492608e-01,3.593793970288819972e-01,4.091292498849728454e-01,4.020080362984442823e-01,3.418419412012302372e-01,3.492222123800931555e-01,2.994642244023243416e-01,4.228577692097312823e-01,3.478112861040096870e-01,4.300850611355548359e-01,4.088972877499697511e-01,4.169121971529990422e-01,4.263590721002165629e-01,4.307011606271181625e-01,4.182879304182718361e-01,4.294557576214554362e-01,4.270370938839208597e-01,3.994529954752634726e-01,3.889975477063112308e-01,4.168914346996037135e-01,4.064908256937578845e-01,4.210026302262419584e-01,4.027166958651773321e-01,4.289531160187446956e-01,3.118067784187405489e-01,3.498399397753790274e-01,3.906178626275742527e-01,4.018276939616398646e-01,3.918482237119683687e-01,4.106962561056873295e-01,3.936909469312878107e-01,4.221215626025216494e-01,3.429536002036279729e-01,4.209031668177163898e-01,4.057599372155209494e-01,3.718875451191545056e-01,3.805790775379493951e-01,4.077956809867476218e-01,4.019665402415482647e-01,1.973387962974694765e-01,3.891185417274644620e-01,3.931963641474910398e-01,3.440597152774704792e-01,3.772848755620466510e-01,4.287836608489321577e-01,4.119020258535797674e-01,3.964042165344107693e-01,4.116808794439260621e-01,3.698310229477110300e-01,3.543332674288834361e-01,3.720451883707358021e-01,3.776001472567991346e-01,3.769979241604189402e-01,3.907019766219712587e-01,3.944009365676454104e-01,2.050572127546120005e-01,3.523264615014705115e-01,3.188933616752926414e-01,3.348425262036653915e-01,3.024704721104454763e-01,1.639392163770127253e-01,3.676615041081686130e-01,3.585337521306135034e-01,3.539518191109932710e-01,3.346484565152537116e-01,3.626967453822000920e-01,3.760991770166132731e-01,1.635321760623978660e-01,3.307109692108011201e-01,3.926135750955335735e-01,3.626027889090267520e-01,3.170387882792581880e-01,3.348409174254569076e-01,3.606174236826448776e-01,3.398741841320378487e-01,4.133215168958153662e-01,4.090453963476978760e-01,3.656213046810235512e-01,4.271406709001447366e-01,4.180850460104120758e-01,3.963249900551042981e-01,4.144973798608748150e-01,4.161456386553611941e-01,4.119223498427029284e-01,2.527151360075283737e-01,1.297907090691487464e-01,2.463018777470371012e-01,4.108568383453995998e-01,4.004408620951942499e-01,2.162124459249601394e-01,3.755224991940577239e-01,3.602690062311303398e-01,4.326263982490807236e-01,4.309823102567855169e-01,4.295502760154663591e-01,3.992429158043702686e-01,4.268980702096799584e-01,4.287570169232005624e-01,1.838953158721144121e-01,3.465101533091322628e-01,4.033501070363386121e-01,4.108049297484450135e-01,1.491090162639202576e-01,1.400945646752892459e-01,7.049066965632908022e-02,1.543930809912810176e-01,3.656983215674838861e-01,4.283601325444056918e-01,4.276140628859503856e-01,4.083751414815239289e-01,3.829106487870568842e-01,4.056054061181844084e-01,3.855067974440538614e-01,3.703665103318147245e-01,4.296321521765933960e-01,4.305215205030992753e-01,4.323638405180276756e-01,3.874866349208054284e-01,4.090169159107949204e-01,4.049880237760813961e-01,3.968768234279759222e-01,4.186032903094270008e-01,4.293099790599704257e-01,4.024885366861131186e-01,4.317649217987775678e-01,4.240140852825032280e-01,3.991776442215480558e-01,3.924970591487196847e-01,4.255015235916679295e-01,3.481800326801589573e-01,4.094211183884990390e-01,4.047666479145333174e-01,3.879064895035087557e-01,3.864893598895330906e-01,3.934213828100807109e-01,4.045962862833250018e-01,4.188371377766758608e-01,4.028621439193736942e-01,3.745932912243356561e-01,4.162178520312790342e-01,3.764862246002775858e-01,3.755468931500456908e-01,2.184076648290433353e-01,1.705357702776680584e-01,1.041086391976758785e-01,1.860137045782576937e-01,1.765063127360679551e-01,5.927163004827985804e-02,1.591915880685330908e-01,1.325414256025614357e-01,1.373259828006628824e-01,1.762840286500325648e-01,1.660450767023739088e-02,3.032124754352145610e-02,2.407679600599086367e-01,1.576753893083880087e-01,3.447078587617261602e-01,2.147826383936807249e-01,2.305979746955164333e-01,2.601415862598324136e-01,1.669938860277016546e-01,2.722448041521661755e-01,1.339743327131657225e-01,4.543104295283353217e-02,2.300494467758873174e-01,1.568072187747538149e-01,1.270810957100041994e-01,1.029489840465122596e-01,2.067301786370914080e-02,2.189204710919292682e-02,2.649741907362637150e-01,7.983494438790043890e-02,1.561813811875749913e-01,2.310539511004823521e-01
1.919516023292718032e-01,2.900546642754080473e-01,2.967836777571828399e-01,2.599236205699977376e-01,1.526953320273060910e-01,1.794112577790954732e-01,1.934274799387074306e-01,2.601923597381202713e-01,1.458538570502728171e-01,2.398996955579986989e-01,2.865754812313960898e-01,2.583806034860401946e-01,3.151375314854390486e-01,2.772856458909161437e-01,3.046067311343255701e-01,3.037251668374746916e-01,2.950810624528641402e-01,3.166128024544214714e-01,2.933944382059863742e-01,3.232745278800316369e-01,3.260992765721100195e-01,3.447403723683608034e-01,2.627975211889477247e-01,3.382674042971832717e-01,3.226186943105296967e-01,3.242203554800195398e-01,3.217300335160092617e-01,2.668806760867133421e-01,0.000000000000000000e+00,7.999888878665656344e-02,2.445826390286569008e-01,2.173550666732157188e-01,2.827894745866036952e-01,2.526505620688937470e-01,3.249770422875129516e-01,3.160857607923758250e-01,2.480635255207179479e-01,3.141908811777305299e-01,2.520022177189521484e-01,3.350670507409695964e-01,2.618014539540452490e-01,2.979367313946269524e-01,3.483186143827681769e-01,2.508682685571282378e-01,3.251104238461223206e-01,3.299463908391810918e-01,3.409532096079954666e-01,3.404968692481861181e-01,3.535357885721175375e-01,3.495081416894794124e-01,2.807156627374679525e-01,2.389011171042597914e-01,4.229253720005833606e-02,7.444177393749529248e-02,1.018375262779761814e-01,1.413315846436957735e-01,3.168395361161637780e-01,2.496183897134870433e-01,3.043801777383566831e-01,2.471524576976018017e-01,3.041820047868541987e-01,3.106027391649526792e-01,2.897057740217843236e-01,3.174024159406413914e-01,2.393070461849916009e-01,3.302554535267741009e-01,3.369825672878238310e-01,3.537954615485501275e-01,3.370208795119611911e-01,3.517754827411900265e-01,3.520882314851963568e-01,3.425066356355650488e-01,3.083325520472376402e-01,3.497003141737617393e-01,3.545811504863045638e-01,3.264574187931284510e-01,3.128746424003264748e-01,3.409845303915458592e-01,3.389801459327901334e-01,3.491768066209358090e-01,3.330885384338955757e-01,3.498987703325238119e-01,3.320026253594779431e-01,3.430113618493056959e-01,3.360719815722607029e-01,3.529305667741401420e-01,3.463059032002055448e-01,3.446946243128197196e-01,3.446305421905648259e-01,3.494500729436629261e-01,3.412677130080302157e-01,3.547320208158338817e-01,3.398381670823516498e-01,3.187099878166860245e-01,3.507583558874793339e-01,2.995751412009650116e-01,2.861628177634557568e-01,1.328815508949715563e-01,3.413226327983134301e-01,3.368181017738494099e-01,1.988070319521198781e-01,2.744661657761552354e-01,3.410535807549520126e-01,3.042075071100137085e-01,2.427494015150930828e-01,2.950725409670384991e-01,2.643353628914440479e-01,2.246827479321130416e-01,2.728464062476970153e-01,2.471340706302146417e-01,2.899530849457482296e-01,2.908296399106544694e-01,3.188182494719715709e-01,2.831388973699730527e-01,3.113444575986315521e-01,3.057328464027000980e-01,3.234103028304682326e-01,2.950628989475864716e-01,1.906921432734093869e-01,2.954311057224628390e-01,2.551799345761773252e-01,2.986821040986234466e-01,3.163818348564538807e-01,3.206337339755679361e-01,3.205645167185388611e-01,1.954538228437018021e-01,3.299742583741162583e-01,3.438687277143565035e-01,3.207648635998467390e-01,3.303545698935170805e-01,1.186643547391333653e-01,2.103086937391315248e-01,1.872307861580380928e-01,2.897302994963247835e-01,2.981916605500792850e-01,2.459277598580903446e-01,3.408726905885865466e-01,3.334639764870950263e-01,2.699192317083697890e-01,3.132038447398668990e-01,3.283639275695527937e-01,3.290885419497190378e-01,2.133213063678943699e-01,1.390761928351866572e-01,2.649325362111543680e-01,3.472955029650106606e-01,3.270670220787194049e-01,2.596057869101494053e-01,2.523015506743082614e-01,3.323414959082641729e-01,3.491966095500432243e-01,3.542433613789179869e-01,3.536493714037612368e-01,3.543364503525291420e-01,3.518294708136445181e-01,3.515221767804225239e-01,1.875968738901211685e-01,3.385618863746603369e-01,3.201017081774661377e-01,3.443279417498335548e-01,1.445560194125809217e-01,1.358494278903389363e-01,6.482784389776814760e-02,7.590468703797609296e-02,1.814918926121649734e-01,3.416590339157246081e-01,3.301679090156942054e-01,3.214950093680163379e-01,2.335337807605124272e-01,3.250593700272466635e-01,3.292849630709230868e-01,2.752384900922301703e-01,3.533311859693480939e-01,3.484695136703399587e-01,3.515248651459724205e-01,2.779022141325355189e-01,3.241545155385268662e-01,3.204290389118133464e-01,3.338440868261362549e-01,3.295522498808870493e-01,3.338273923525016396e-01,3.370541840878925610e-01,3.538138830400973101e-01,3.491963544951443010e-01,3.229017422860266939e-01,3.167255667647725925e-01,3.520716370014705943e-01,3.439273855391312695e-01,3.426057873694011713e-01,3.482082330651644075e-01,3.288062986126058518e-01,3.367616017520393967e-01,3.050399253487927620e-01,3.013842014564790395e-01,2.939494290568538948e-01,2.356508607654000664e-01,3.218399192808500953e-01,3.468536363784678334e-01,2.606716741832787454e-01,2.826899995964101686e-01,2.126166214186772929e-01,1.539290617568062347e-01,9.745491659192814793e-02,1.674591233425859194e-01,1.260035709735325138e-01,7.345035007230349411e-02,1.668298030759630124e-01,1.177162447745698781e-01,1.352039787884841970e-01,1.811290190943432299e-01,1.433680110633942656e-02,3.070919811285522869e-02,2.563332596633001170e-01,1.940627466504629417e-01,3.399194482447508436e-01,2.143162101696703681e-01,2.292176596358009577e-01,2.456668353966952045e-01,1.452279033278213727e-01,2.652193779968063381e-01,1.218857242059229601e-01,6.651107131902915526e-02,2.416981321218537593e-01,1.652203582915130753e-01,1.272654507661613865e-01,1.012945258242511914e-01,2.061270710759502064e-02,2.214671291017489621e-02,2.858659952310156349e-01,1.093696201845027333e-01,1.625521366453642480e-01,2.400430963687693042e-01
4.627086383580945594e-01,5.641431178371688615e-01,5.054661977669477890e-01,4.812731278189797401e-01,3.355128084232840147e-01,3.303420937575459737e-01,3.980663340996963839e-01,4.781035046317829718e-01,1.642598222385983908e-01,5.236503787511528341e-01,4.446805739037596461e-01,5.000826312712818300e-01,3.980603831088214140e-01,2.737296572979048825e-01,4.295454283648363902e-01,3.615186349478997085e-01,3.498461693451788146e-01,4.368757885670131458e-01,5.823040298961223993e-01,4.056248702464662070e-01,3.423451664950694084e-01,6.486444177158366964e-01,2.704323801513885961e-01,5.029548149919379485e-01,3.990099683211206782e-01,5.232932461639436816e-01,5.821916311259126564e-01,3.156684497270172973e-01,7.999888878665653569e-02,0.000000000000000000e+00,4.588094106006136430e-01,4.200706413950477947e-01,5.284718475929783832e-01,3.776077388280824065e-01,5.431852225299319548e-01,3.679944661100850167e-01,2.340576853052243056e-01,5.216072292931472898e-01,3.154298487029461584e-01,5.752784597089833918e-01,2.710476863815564075e-01,3.062603013981992639e-01,4.862057461383642587e-01,4.618564728309772494e-01,5.428493385745070121e-01,4.624530081484201083e-01,5.739108182627121746e-01,6.178495591574053591e-01,4.063540521939534300e-01,6.912580614447930705e-01,2.875334496554111108e-01,2.323964870408725125e-01,4.108014991560288848e-02,7.777987881509385026e-02,1.022508828619410615e-01,1.458476216286526961e-01,5.931413400213929599e-01,5.294274173478008549e-01,6.010830180997621675e-01,3.783624647034675159e-01,4.823403010719561346e-01,5.351043328261324561e-01,5.526976130879207583e-01,3.465232082003357750e-01,3.306015291867104300e-01,4.729928990321999316e-01,3.376088803231383495e-01,6.922832935761750184e-01,5.644593984941416176e-01,5.078778392044134282e-01,5.770629950491303894e-01,6.935438696176169371e-01,6.579320073240966238e-01,5.619392813333342618e-01,6.917626460779279229e-01,6.188484771403284235e-01,6.355823838860503727e-01,5.991697300581773078e-01,6.552577608843691559e-01,4.983495376541001720e-01,6.113347091223386709e-01,6.941752931666484994e-01,3.307774728321846713e-01,3.639641090809635493e-01,5.263982720660466130e-01,6.856956240533045310e-01,5.909809371380979615e-01,6.885012659369190713e-01,5.965823705543902289e-01,6.888839129107718895e-01,4.411254006464297994e-01,4.530755629745351065e-01,4.057332354671874253e-01,4.378910172560399605e-01,4.906936081553911477e-01,6.240110830407585851e-01,5.890384715268779381e-01,1.629096027889220810e-01,6.621497939747146289e-01,6.492000755260265432e-01,4.638992100901074278e-01,5.553329229291458224e-01,5.044860823041060760e-01,3.937720277419655135e-01,4.707056800261723017e-01,4.645609976897875359e-01,4.487695064098285447e-01,3.810752976560342620e-01,4.990538116152813397e-01,4.415331830170503569e-01,4.459097519434278012e-01,4.318338814630402478e-01,5.317336427838940116e-01,4.158062280685539958e-01,4.230262030867993905e-01,4.729402903530421365e-01,3.557317194817271599e-01,5.062387472160793100e-01,1.836832806226582071e-01,4.552229828420333302e-01,5.161368866686012469e-01,5.420328238836038537e-01,4.299332747665218224e-01,5.691864712103373858e-01,5.918554525538709532e-01,2.010224922951445170e-01,3.695450594068059869e-01,5.910014299541069827e-01,4.757315385901437765e-01,5.980127581084111466e-01,2.746538675031640619e-01,4.545724200442357033e-01,3.496018894131758259e-01,5.718644249217389453e-01,5.166828469456715700e-01,5.254648051736662273e-01,6.902164342136186681e-01,5.349589853981595589e-01,6.214015845909427460e-01,5.601063296047035234e-01,5.017017552317600826e-01,6.345659543333913577e-01,3.676989428772468038e-01,1.422093221452682132e-01,2.743181220830254174e-01,4.852488828256362186e-01,5.645169710019183329e-01,2.473816428461000916e-01,4.896870586474082465e-01,4.206154746131978150e-01,6.924180834798870920e-01,6.928162071605422634e-01,6.919257584127788130e-01,3.979959822327873709e-01,4.968739583142933181e-01,6.783126201295719415e-01,1.863985583042997440e-01,3.505232457395729417e-01,4.209962205068895624e-01,6.397883099656908046e-01,1.459837009993401880e-01,1.308271427285669364e-01,5.984250365143620881e-02,6.150167525248424055e-02,4.028745946207870077e-01,6.862280030787760721e-01,6.702196352332219220e-01,5.800561531253847214e-01,4.546073592164945887e-01,4.593408987140792932e-01,5.477055971236221010e-01,3.792958438472529004e-01,6.881187172864334789e-01,6.847454971310530381e-01,6.912425446538592588e-01,5.571837674139324958e-01,5.340095515970557649e-01,6.460218509558304234e-01,5.625335613040088889e-01,6.643800942755442307e-01,6.156591307862917528e-01,6.621110367947704578e-01,6.361837695082895872e-01,6.752535868343201297e-01,6.449565839121792488e-01,6.595219747876950311e-01,5.982728627822223588e-01,3.507967724585557279e-01,6.835075366716696355e-01,6.760103837223508938e-01,4.672885822523719090e-01,6.541853533011675603e-01,5.695127890839756235e-01,6.073566848711332566e-01,5.900688568539109724e-01,3.525330078316503135e-01,5.985190884783208043e-01,4.484342646863124782e-01,5.514526907771744035e-01,5.588772084988913313e-01,2.130797901716326714e-01,1.671099079824775735e-01,9.655327673266028699e-02,1.713520444774287999e-01,1.395938997785107771e-01,7.544195210371883176e-02,1.729414336574560951e-01,1.195751090955184115e-01,1.384096186553119001e-01,1.840264338360511620e-01,1.725440704216261306e-02,3.106946966527984744e-02,2.599694009366988467e-01,1.956626326549895378e-01,3.643436456368100984e-01,2.081763721225401986e-01,2.319901176497809470e-01,2.545145855429503112e-01,1.585259839392979819e-01,2.680561410574129888e-01,1.127441576166543363e-01,6.292811856052882291e-02,2.484431639906529432e-01,1.711055632533076964e-01,1.324370781430239674e-01,1.035136078766643042e-01,2.073098464746433653e-02,2.264224773997016230e-02,2.845633047123277692e-01,1.095007261782510871e-01,1.631371959125623994e-01,2.299788948457042737e-01
6.331971407183831779e-01,6.394233776282124415e-01,5.235705876032895612e-01,5.835919404625635742e-01,5.805550644063587340e-01,6.072938223187972495e-01,5.556673935241234208e-01,5.681883040694826192e-01,1.949678392394830762e-01,6.310671853754131755e-01,4.977517015332892925e-01,5.846105663740552849e-01,3.825498591891319244e-01,2.725998534208822766e-01,4.527223252072987147e-01,3.809649336647131235e-01,3.344420585694482528e-01,4.110982925132879440e-01,6.132317283666071095e-01,4.136387804527048018e-01,3.193192397007587613e-01,6.129573554045008033e-01,2.595256204256493060e-01,4.895105500780956298e-01,3.494341503658162096e-01,4.810159781741191742e-01,5.866793927449180934e-01,3.600229450885147342e-01,2.445826390286569008e-01,4.588094106006136430e-01,0.000000000000000000e+00,6.131474903100019302e-01,5.784843614009067547e-01,4.783040565506241903e-01,5.429644507139720355e-01,3.488618976022635487e-01,2.013354221804326827e-01,5.065164686261667271e-01,3.863453158718882507e-01,5.547626484940638703e-01,2.710028193816648168e-01,3.035199386359486162e-01,4.849193233487748556e-01,5.229275517694702557e-01,5.404125608474358300e-01,4.563807122825510598e-01,5.542181848795137977e-01,6.145075951130494207e-01,4.003309807366961515e-01,6.859724049775931531e-01,2.937465577929094240e-01,2.302265589497943521e-01,4.308069026634794851e-02,8.096677153213806266e-02,1.021896502755541419e-01,1.321737003561423429e-01,6.123838338297489248e-01,6.696893236158627527e-01,6.268187762792061246e-01,4.854168066086878008e-01,4.956425535566569285e-01,5.642496445922294823e-01,5.783442915012783070e-01,3.802465607635857614e-01,4.680999472885770674e-01,4.808363107763077293e-01,3.500577090731313290e-01,7.273847992640917193e-01,5.690142621685744251e-01,5.094901989277164089e-01,5.802130202885186216e-01,7.124712601903750997e-01,7.027428896283118842e-01,5.595422030670297309e-01,7.195118898953933861e-01,6.198985109664760795e-01,6.134025894867478623e-01,6.065104909439449354e-01,6.269234522589958170e-01,4.988276064070688021e-01,6.127306499367313197e-01,7.225144164002682556e-01,2.975376052303928542e-01,3.386335365045116119e-01,4.545264233336573922e-01,6.627743004727348897e-01,5.687775320131094325e-01,7.157286531258078011e-01,5.709694337546624698e-01,6.839473091565114737e-01,4.344049281172914223e-01,4.486125333423655603e-01,4.091687766923859382e-01,4.328556384341243901e-01,4.658928700395167932e-01,6.891181900421951001e-01,6.166579523250702577e-01,2.052107980003271825e-01,6.214362817853301690e-01,6.234972020214634147e-01,6.176756664528485485e-01,4.336292469638111657e-01,5.027006836262644107e-01,4.315790444437159756e-01,5.893745108050263415e-01,4.755267553517849577e-01,5.228057030848195508e-01,4.603545417864738920e-01,5.732991764992938499e-01,5.094729647468237976e-01,4.915467337859660835e-01,4.670394346548861764e-01,5.295214119736431080e-01,4.522444812326736341e-01,4.184593601635696603e-01,4.910266056364158138e-01,3.255646838428308265e-01,5.350308608909415398e-01,1.914997575476051483e-01,4.415331322178784323e-01,5.655300917443083497e-01,5.668563166386469954e-01,4.393666010654692644e-01,5.301668072510143936e-01,4.849932093423890977e-01,1.969940319627840331e-01,3.259543767288896610e-01,5.856594648272265280e-01,4.497246344951250641e-01,5.981037531297037635e-01,4.199103011496828630e-01,4.246399422743792340e-01,6.239551069360728119e-01,6.257230704278582412e-01,4.806467642785250960e-01,6.171594077463308237e-01,7.070674650429338293e-01,5.244286752777544969e-01,6.394784611466636237e-01,5.383222878920815857e-01,4.738299387245991090e-01,5.815356054046534329e-01,4.764560167350477826e-01,1.406131464595509750e-01,2.736391662169833094e-01,4.843745431460549367e-01,5.617163305335942658e-01,2.467935974679235644e-01,5.621397105530925309e-01,3.934139284298039385e-01,7.027141290691631959e-01,6.935872761670620612e-01,6.915904054836249371e-01,3.955714798624453965e-01,4.992874091319920993e-01,6.746290530221330517e-01,1.761948095302167117e-01,3.492335301714713514e-01,4.285522501380405469e-01,6.399017008225064140e-01,1.359008282251211175e-01,1.343187346551024397e-01,7.105579402429876290e-02,1.665431566231890537e-01,6.608463258444075006e-01,6.982623362550539614e-01,6.687721132523163359e-01,5.800733751831848029e-01,5.761923727584832289e-01,4.667378944328386403e-01,5.078919371520789205e-01,4.274087426377409793e-01,7.234558262154037189e-01,7.279516511377392973e-01,6.957422630371730143e-01,6.547451036240794497e-01,5.749396869392963128e-01,7.029998333436258129e-01,5.724451788633052596e-01,7.146733218976791813e-01,6.221916063911304695e-01,6.636918347309958000e-01,6.296620436636038987e-01,6.932623899709415838e-01,7.033512185771443326e-01,6.685691418187275081e-01,5.975011894404417268e-01,3.516472308780169143e-01,7.192293111665846173e-01,6.704905145951325363e-01,4.209534250909242603e-01,6.547765663888505117e-01,5.863359217606004536e-01,6.369112845289381930e-01,6.146294371727868411e-01,4.495493650196145108e-01,5.386884755927749957e-01,4.245335897628386146e-01,5.815742764549289845e-01,4.832656867565395808e-01,2.234406137490844713e-01,1.737027101547550245e-01,9.283352271408999712e-02,1.721734435182966927e-01,1.636714845033489796e-01,7.598928734379951921e-02,1.871236760115153053e-01,1.321492793338476801e-01,1.373989513925530648e-01,1.854201301040955263e-01,1.876594368395998261e-02,3.096696236546257058e-02,2.619826752683734328e-01,1.994694555730269214e-01,3.681045889131243642e-01,2.146466123219870070e-01,2.404463627427083083e-01,2.537124220902293170e-01,1.478522256879457042e-01,2.796463226285147985e-01,1.201135115519626068e-01,6.960760590987813412e-02,2.577280226910280136e-01,1.696507535828466195e-01,1.324395218859971968e-01,1.052031455442868357e-01,2.065494596694849097e-02,2.262328685444404963e-02,2.872591715307176718e-01,1.063237498541680093e-01,1.628404913466555692e-01,2.316397196397408376e-01
5.807407869204975759e-01,6.013489298680346762e-01,5.534527116268328495e-01,5.853672403944161218e-01,4.780520015419293389e-01,4.790682790258680157e-01,4.877009579952817364e-01,5.554467295542153682e-01,1.719262271983062473e-01,5.908915487434988068e-01,4.446802835799834042e-01,5.493606518885186807e-01,4.145358115960975365e-01,2.954187925270876924e-01,4.469842230893862900e-01,3.678103018871982655e-01,3.691231412023686653e-01,4.432639097767694381e-01,6.212453594584150807e-01,4.118258645790571215e-01,3.459060380238122567e-01,6.495199314456048256e-01,2.696463292454083227e-01,5.010540880094286331e-01,4.187428407598567381e-01,5.299578451594545436e-01,5.983854183764109047e-01,3.664617975757596957e-01,2.173550666732157188e-01,4.200706413950477947e-01,6.131474903100020413e-01,0.000000000000000000e+00,3.391352168914788523e-01,4.042345618212029312e-01,5.011761216839533128e-01,3.738562140407072909e-01,2.423831568959600724e-01,5.115356969832112188e-01,2.650836551703308341e-01,5.768830699821365648e-01,2.590618838698044990e-01,3.011644964729733864e-01,4.802534470719798665e-01,4.466135139566184686e-01,5.423031636011947931e-01,4.790855726753504573e-01,5.746895456027975024e-01,6.079974140416474215e-01,3.834283375339228028e-01,6.475401314801472186e-01,2.607019393756628833e-01,2.450915912131509944e-01,4.220272414436120056e-02,7.819145169113597693e-02,1.044418530800783895e-01,1.578146565915715949e-01,5.952978736717076114e-01,3.672194450857448889e-01,5.052958488793671821e-01,3.031317489838979973e-01,3.664660497393947836e-01,4.565265977447329759e-01,5.932579847979980725e-01,2.966912798079273661e-01,3.422851942855245078e-01,4.444058105608688081e-01,3.070828060398037018e-01,6.362622794075779575e-01,5.504999399697718676e-01,4.968359125856663394e-01,5.503034485637667839e-01,6.261691226960339751e-01,5.891028570292481392e-01,5.471891802020005802e-01,6.571483509129837364e-01,6.079590969200264761e-01,6.401972199342244041e-01,5.798606197959393915e-01,6.470064601605731713e-01,4.913539498470164690e-01,6.094636093792150655e-01,6.491952216452445690e-01,3.332805745802155939e-01,3.757040818944442084e-01,5.465702769426535879e-01,6.569039887884998707e-01,6.127032680976727264e-01,6.544400694078986724e-01,6.195398289718322404e-01,6.128186016711774098e-01,4.494845253889557801e-01,4.503894258504411718e-01,3.610006890232984600e-01,4.476756515376185130e-01,4.938361698171124803e-01,5.570892103954938612e-01,5.735926721472889289e-01,1.402326506777481774e-01,6.590944927478628035e-01,6.566245464636125684e-01,6.013078454445217602e-01,6.317390071567636767e-01,5.076440765022000035e-01,4.477331563896884137e-01,5.057285227532080096e-01,5.213442109284313064e-01,5.256659826141887315e-01,4.160772607360652686e-01,5.765831457189606324e-01,4.635673525322716593e-01,4.470955602793111328e-01,4.609861625138574892e-01,5.204072327210920168e-01,4.389125216328146339e-01,4.493284161508747099e-01,4.809623938303811963e-01,3.660881482325651359e-01,5.145027697307859027e-01,2.149752070009294802e-01,4.568719221715677459e-01,5.708319826598886593e-01,5.860508341673699162e-01,4.445698615874512094e-01,5.794702248843824899e-01,6.234153282892286319e-01,2.067731392701120940e-01,3.788718647255700511e-01,5.917771034034371436e-01,4.817455606674549418e-01,6.066897912323195863e-01,4.372945578934880340e-01,6.079314796747077310e-01,4.956160452165891406e-01,4.831963406471555533e-01,5.301193978199473245e-01,4.763916107940271982e-01,6.482452053710926476e-01,5.227105185709894908e-01,5.992908220009440790e-01,5.631947676708757289e-01,4.991456109488274784e-01,6.450925772343699682e-01,4.976899513068409053e-01,1.425988517334508821e-01,2.828811051938163179e-01,4.829442965497945939e-01,5.709378359935740610e-01,2.764473348506044093e-01,5.035180103187495426e-01,4.339165660703392935e-01,6.527701525973448327e-01,6.551836809132774997e-01,6.579345898917885460e-01,3.974954224677627046e-01,4.776616881425549965e-01,6.548604605441127324e-01,1.856439801557594194e-01,3.442864207828663647e-01,4.190350872339284050e-01,6.491756151193182056e-01,1.619540115059686924e-01,1.413611584849016056e-01,6.378107026399962298e-02,1.399117508963630963e-01,2.996985661818677427e-01,6.277899360004189910e-01,6.027709078924973207e-01,5.759031485520362814e-01,4.497177638477624084e-01,4.322743924969608686e-01,5.846693277714106740e-01,4.201975514802453460e-01,6.376507637645365545e-01,6.079419876462638372e-01,6.188824504278521710e-01,4.790307873958703500e-01,4.863126464050359088e-01,5.958007866127130736e-01,5.218981595582251609e-01,5.908356646096427633e-01,5.782790419023789985e-01,6.541996412337977018e-01,6.340605820440731177e-01,6.498439866908659601e-01,5.951523834024906590e-01,6.282535039405013899e-01,5.914779116893453814e-01,3.432569223924593071e-01,6.485140880054749424e-01,6.588460594776243129e-01,5.029459465581993527e-01,6.486218620588934947e-01,5.965363534536552992e-01,6.137528088704273799e-01,5.691899879461076450e-01,3.764986294377205556e-01,6.330241541586669740e-01,4.630737805001661211e-01,6.329824929610932127e-01,6.449274055076525958e-01,2.166524301894078575e-01,1.661444819769497261e-01,1.156073713957449234e-01,1.878837041260005558e-01,1.807513921045699745e-01,8.802121793680832418e-02,1.843904925531724415e-01,1.314138288696410917e-01,1.354741442932750339e-01,1.739912011781053758e-01,1.905169863421957155e-02,3.078180460359768861e-02,2.652090250433788987e-01,2.063364243408501997e-01,3.473095604154192162e-01,2.070967929520901307e-01,2.326557801661771896e-01,2.592185101392828761e-01,1.562162739578238924e-01,2.752406915390944731e-01,1.454427859458278516e-01,7.132223188972366956e-02,2.435879969899408248e-01,1.685723777331804840e-01,1.244205145670464335e-01,9.833543029980305883e-02,2.083214488594957101e-02,2.298554523529124094e-02,2.925561175266216951e-01,1.149295219874960500e-01,1.616923745701644710e-01,2.318039202054432146e-01
5.911540600460639672e-01,5.966951010739338646e-01,5.563863655909665473e-01,6.085746494525341443e-01,5.001155784990588549e-01,5.588160814914052699e-01,5.452750958467620368e-01,5.784653981944837264e-01,1.872927661641157482e-01,5.919800733095784695e-01,4.706829644089042808e-01,5.807287140823943483e-01,4.012012106298880054e-01,3.023909120899545555e-01,4.662996043192225715e-01,3.910630167058535278e-01,3.424834817113699414e-01,3.818520387491264878e-01,5.956326969834980778e-01,4.185498683520849084e-01,3.315062375262292638e-01,6.147632297499560083e-01,2.634579248772314086e-01,4.926116396087131255e-01,4.206627427365572935e-01,5.224354781748552501e-01,6.058526590253674460e-01,4.016161037918851706e-01,2.827894745866037507e-01,5.284718475929781611e-01,5.784843614009067547e-01,3.391352168914788523e-01,0.000000000000000000e+00,4.473288963690694731e-01,3.972091947471102502e-01,3.552757826236077610e-01,2.039609700035798501e-01,3.852591844411968891e-01,2.061411707807527249e-01,5.183657586092359493e-01,2.247383925794371184e-01,2.896223808338651562e-01,4.440648701237911444e-01,4.336792043357354243e-01,5.141982584508405507e-01,4.741802759919208077e-01,4.869662200966070054e-01,5.813358903559159296e-01,3.779859802922482803e-01,5.774111380802106064e-01,2.692132491633460467e-01,2.639625319333837594e-01,4.234925973163523871e-02,8.639749090322899894e-02,1.064027209553418118e-01,1.597673623494939299e-01,6.155338414047938356e-01,5.254581203148434021e-01,4.346628522794558913e-01,3.470550501731802240e-01,1.819021857137145814e-01,4.876072187435481209e-01,6.076674126377773488e-01,2.880625806072158457e-01,5.073206106745191679e-01,4.405904809202011441e-01,3.501669270179652571e-01,6.002960297067606588e-01,5.902291792710564478e-01,5.145228018672328707e-01,5.613654825212596178e-01,5.728089892066804412e-01,5.205392525557520633e-01,5.383047456657961138e-01,6.113857204326353934e-01,6.127555189138528258e-01,6.157439000406109697e-01,6.032265378499418462e-01,6.161632482550684076e-01,4.998839710747072229e-01,6.142211016436891491e-01,6.100282165936686818e-01,3.348157733442202466e-01,3.793678350495429119e-01,5.429254630019639816e-01,6.108731890170125967e-01,6.171702024961820410e-01,6.162323494290149473e-01,6.129543384234225067e-01,5.627407997822592156e-01,4.593401455013486068e-01,4.517319727632877480e-01,3.281566243881487432e-01,4.788590905196558611e-01,5.009949554423586138e-01,5.819346137902116078e-01,5.871960643311219252e-01,1.846472484863722063e-01,6.133088242459929784e-01,6.125670715458481075e-01,5.984756344997634869e-01,5.983188204443674607e-01,5.056227867474079041e-01,4.664102083186148495e-01,5.248286732778245645e-01,5.249847441154004146e-01,5.386905095714251690e-01,4.417567624749618171e-01,6.026637115549872137e-01,4.683336329075775128e-01,4.669981915342401035e-01,4.694289815137612232e-01,4.923664396145083777e-01,4.539090459096698504e-01,4.458704771095465813e-01,4.966660140306369819e-01,3.424765322071041118e-01,5.388476874189025434e-01,2.114531296733802856e-01,4.028881472176433776e-01,5.693242747988017660e-01,5.911987584335306467e-01,4.467244159175682294e-01,5.774976273560686879e-01,6.115737910756474660e-01,2.044276078032053190e-01,3.753392749051778221e-01,5.922903612636141180e-01,4.816587012162888981e-01,6.104364036418865602e-01,5.058012461201503163e-01,5.991038484034223455e-01,5.642196784475812521e-01,3.931837377718496729e-01,4.513108367672441501e-01,3.842898679394976535e-01,5.359742413982624409e-01,4.786982777546777146e-01,5.158639770403490310e-01,4.730666914423828362e-01,4.094109125045221065e-01,5.854288011289491278e-01,5.567515739809258957e-01,1.377161874289686005e-01,2.750811141888736544e-01,4.671722460596333115e-01,5.448880529472662770e-01,2.802338283165833333e-01,4.786492180509876460e-01,4.197233251380973473e-01,5.382314214505411476e-01,5.579494030186294973e-01,5.801608377874029054e-01,3.923534578092680025e-01,4.833621046529880672e-01,5.805688010262674004e-01,1.835355404143267644e-01,3.258435591191570779e-01,4.430832532523464318e-01,6.156197249625959822e-01,1.636035503405738334e-01,1.591299202960765602e-01,7.769412725872475167e-02,1.820628369643920719e-01,4.757204417379074513e-01,4.973224187650313599e-01,3.716030930762314610e-01,5.037246106431912951e-01,5.587721332314330436e-01,4.357931848585545054e-01,5.893854055429169625e-01,4.842507882752841719e-01,6.116849646818456332e-01,5.606796289466717820e-01,5.775095320731734594e-01,5.435756468045421785e-01,5.556128334019794224e-01,6.087890488042718706e-01,5.082976292413239339e-01,5.787493281586378879e-01,5.730571528799237591e-01,6.154475285129432649e-01,6.067866193421987964e-01,6.040106166229232132e-01,6.087526720236986488e-01,6.168544910441287055e-01,5.944437446768882083e-01,3.358551084141557230e-01,6.131445495426065539e-01,6.173468598596602019e-01,5.034692459811489496e-01,6.131837407541431695e-01,6.014492417648880096e-01,6.140734781496942629e-01,5.651451862645310298e-01,4.160234006204645008e-01,6.160847975213848970e-01,4.616459584425303686e-01,5.988530820071857885e-01,5.975035036992668580e-01,2.339300084026217086e-01,1.750112838914309188e-01,1.241524565692061904e-01,1.983340190102101941e-01,2.059795162926034151e-01,8.651394310165688717e-02,1.832840911647312387e-01,1.228324288881940535e-01,1.335300004768024962e-01,1.709344304858769759e-01,1.859871497186404987e-02,3.106825049476922423e-02,2.576585612287548566e-01,2.060596893257942985e-01,3.512899771168514484e-01,2.172476467758595597e-01,2.500309805562412335e-01,2.718712537287221731e-01,1.695932304272802782e-01,2.922150938118126540e-01,1.621717960425765048e-01,7.557876174657204849e-02,2.611174152161486739e-01,1.706603215737562684e-01,1.271831341896828838e-01,9.517993169821760413e-02,1.963692931280094922e-02,2.180371790724092151e-02,2.809078230549448829e-01,1.130611220969568870e-01,1.639639811569306993e-01,2.409633706889760252e-01
4.729950416933067503e-01,5.264544170010694302e-01,5.370101537061371388e-01,4.760851209170313125e-01,3.644119501321124721e-01,3.098859744673476135e-01,4.849192932186836003e-01,5.563134401627859438e-01,1.856834131708904045e-01,5.388422985411249755e-01,4.875526864686596795e-01,5.422691084551715113e-01,3.954359052913845596e-01,2.806884588425915261e-01,4.477661636698365699e-01,3.736520588333668846e-01,3.559214124277985669e-01,4.136112434484981448e-01,5.396615304840421956e-01,4.123862905895189224e-01,3.490593340751835250e-01,5.869679826318462412e-01,2.689395721273339923e-01,5.012801247315777919e-01,4.132383603047626863e-01,5.291602643016591889e-01,5.661348162294776998e-01,3.284927960842334849e-01,2.526505620688937470e-01,3.776077388280824620e-01,4.783040565506241903e-01,4.042345618212029312e-01,4.473288963690695286e-01,0.000000000000000000e+00,4.773571399256597569e-01,3.428204583450377707e-01,1.695799145406531316e-01,5.126364773941675113e-01,2.942170375759964873e-01,5.806403309133431057e-01,2.698848599392952297e-01,3.066242197462251684e-01,4.879057310959363236e-01,5.085956986078994380e-01,5.469931542834426397e-01,4.738133561042869868e-01,5.825597156719288794e-01,5.728636883965270155e-01,4.059625679571332024e-01,5.849698379912959822e-01,2.850635712606838235e-01,2.461410201615580606e-01,3.968578332232573086e-02,8.478422144205889632e-02,1.028418610405094080e-01,1.531148684915200897e-01,5.744322828452510521e-01,5.133731102322119932e-01,5.150230505353546873e-01,3.116709943133220695e-01,4.464338614091716284e-01,5.585313966882888836e-01,5.502996384737391944e-01,3.118940410178624445e-01,4.600248483409004607e-01,4.760005407742304850e-01,3.525294188090969394e-01,5.837615132103846083e-01,5.758532917061118805e-01,5.068947319297739673e-01,5.738227710401361259e-01,5.877022740968770309e-01,5.718416050544845586e-01,5.619115083565757729e-01,5.858335851103829706e-01,5.730936923414154949e-01,5.738381262507257219e-01,5.816397679709481849e-01,5.767587755564280716e-01,4.943631245326382539e-01,5.715644513974265095e-01,5.827370996283476323e-01,3.316936215389578724e-01,3.667353455362135639e-01,5.427853610806575579e-01,5.850657608616888217e-01,5.784159093092423598e-01,5.766202867732510562e-01,5.752662221492950145e-01,5.830816829683631575e-01,4.487823290199021709e-01,4.472493319159505654e-01,4.003272367911192564e-01,4.707929240576178564e-01,4.995588917792783690e-01,5.688615979638836917e-01,5.758385108933790075e-01,1.882474517861005836e-01,5.822584520038378564e-01,5.815152659619596820e-01,4.762574790311333017e-01,4.986692073286564386e-01,5.051951301020437546e-01,4.182694456510395731e-01,3.848092182993916310e-01,4.862026064361560374e-01,5.040092475393030957e-01,4.308918296740049114e-01,5.441513116904674874e-01,5.032528678617455009e-01,4.811056908722842751e-01,4.642325997845904162e-01,5.339270164622195169e-01,4.287451248470438014e-01,4.376683623124088540e-01,4.830560579913094066e-01,3.433697556360463254e-01,5.124839777680603170e-01,1.921522143493674950e-01,4.526837825690532280e-01,5.349641355455277969e-01,5.418279422673901724e-01,4.442317380492940559e-01,5.797620826214986423e-01,5.712937753778646321e-01,2.051272965222832312e-01,3.699821802345260591e-01,5.848852802015480634e-01,4.834955215341610879e-01,5.735711079063948725e-01,3.958234248355243512e-01,5.023886756429005729e-01,3.629915484123616976e-01,5.277764087518677094e-01,4.850827564238740508e-01,2.503467204920971634e-01,5.776931082574245924e-01,5.257368373659826455e-01,5.549395413221170914e-01,5.052623999010430467e-01,4.998495245514546492e-01,5.824888007481607843e-01,4.124371348972215023e-01,1.428422241072394294e-01,2.857203702724014915e-01,4.847809636316522952e-01,5.707315769271927852e-01,2.493778383868592574e-01,5.306649678833522676e-01,4.256424562206953532e-01,5.864897468924546997e-01,5.863108458766682629e-01,5.789561641926410651e-01,3.974879365490597283e-01,4.992461914218870866e-01,5.872772632001285187e-01,1.823098650231025908e-01,3.437767028098641653e-01,4.249753922052651456e-01,5.745480130373612493e-01,1.562855723411676612e-01,1.523849492629497926e-01,7.624071252660646891e-02,1.403645338763918338e-01,4.281211026439081802e-01,5.780369726307741374e-01,5.695749566883880899e-01,5.724213190191885792e-01,5.377046697953850041e-01,4.597937739497666709e-01,5.634719536118232286e-01,4.446457766423388414e-01,5.855623563846538149e-01,5.778127702895698992e-01,5.822551534019452246e-01,5.274410151091292187e-01,5.422339873720849468e-01,5.695079641968900930e-01,5.590364609802247475e-01,5.690880426432358696e-01,5.873776874584637486e-01,5.764739044028343029e-01,5.864665311412352589e-01,5.757293542328100200e-01,5.655776437361429432e-01,5.743947877855588580e-01,5.817684311393109819e-01,3.493084440658248413e-01,5.679661208981832132e-01,5.757816558977594257e-01,4.807957631101727469e-01,5.600284532520480862e-01,5.554479484624176289e-01,5.660056221590391567e-01,5.812618427601597970e-01,4.093667830631275151e-01,5.681348633948056781e-01,4.515728153038522374e-01,5.333499861514636731e-01,5.307662376046607955e-01,2.266892924679352328e-01,1.712247169250269985e-01,1.132988173616691491e-01,1.856407424578032372e-01,1.757989244891874359e-01,8.182170567432124619e-02,1.956426285502674001e-01,1.343012118433007940e-01,1.365241347968590702e-01,1.820842845630676610e-01,1.845364513569397458e-02,3.097479358734600910e-02,2.672367607645249610e-01,2.065498745037513684e-01,3.638406652255636309e-01,2.201105453481441154e-01,2.423443167450087810e-01,2.666809309128767014e-01,1.614685359120218155e-01,2.781365163390462358e-01,1.439102035412217206e-01,7.313603363452578221e-02,2.653566119505549326e-01,1.795639411458253565e-01,1.307347097773007838e-01,1.028055642210579795e-01,2.085467451721136414e-02,2.324151102288126922e-02,2.961097186476133181e-01,1.123158654403762086e-01,1.669006832944519569e-01,2.422456990955179079e-01
5.775988731659469355e-01,5.811334100423390936e-01,5.610748361447082111e-01,5.828606486858349811e-01,5.356328519561728285e-01,5.634765619183088603e-01,5.792622257710848821e-01,5.846446174212656111e-01,2.070327508823135987e-01,5.819117920371027486e-01,5.034570758593123196e-01,5.843257781946782359e-01,4.088883627575896074e-01,2.785432031756120419e-01,4.780435151787756909e-01,4.026571534807722452e-01,3.525059781223823241e-01,3.585833732729162837e-01,5.781376984476789271e-01,4.255673255769559238e-01,3.223808704722574414e-01,5.786547422107916061e-01,2.606051140732000837e-01,4.677862434758139898e-01,4.194207970344222547e-01,5.132781020929177984e-01,5.778945538014256256e-01,4.056762856125318839e-01,3.249770422875130627e-01,5.431852225299319548e-01,5.429644507139720355e-01,5.011761216839534239e-01,3.972091947471102502e-01,4.773571399256597569e-01,0.000000000000000000e+00,2.496953144382204892e-01,1.759161340286615471e-01,4.806752096267377650e-01,2.931411205457287172e-01,4.089727529840713749e-01,2.120342661205729673e-01,2.327959656925037701e-01,3.971631864080005236e-01,5.326267598182721219e-01,5.091422578895223872e-01,4.617177158605311749e-01,4.911656202916964697e-01,5.703628378729785897e-01,3.864405677590659338e-01,5.588631525453480187e-01,2.827402235766964811e-01,2.705418488511209807e-01,4.294438074569396219e-02,9.217496013857574833e-02,1.068798322143282437e-01,1.600990444298342474e-01,5.855245132684162579e-01,5.483594149239711113e-01,3.055508783243191528e-01,3.050792802598421560e-01,3.839013316838703060e-01,5.108146813013004772e-01,5.832561668312182812e-01,8.374319715930218788e-02,5.259611929910507078e-01,4.585102813993960913e-01,3.523417011353922601e-01,5.744363024502305848e-01,5.834455044126503065e-01,5.147113184909796191e-01,5.731736562979122818e-01,5.746045872213610961e-01,5.789941777619103114e-01,5.552207524389751736e-01,5.821982939213840025e-01,5.861889140044314050e-01,5.844885220881096410e-01,5.846030047000777552e-01,5.859173988180683690e-01,4.991749857907530896e-01,5.856282325323218796e-01,5.812630075310264433e-01,3.334255591165802279e-01,3.790563348829387724e-01,5.466086366254385709e-01,5.833660086877290318e-01,5.856570450391903604e-01,5.850830674524907238e-01,5.838220897760688644e-01,5.625815284067352540e-01,4.630125756583267083e-01,4.517167196046131816e-01,3.608728473411591531e-01,4.808394490358430251e-01,5.001226059684225067e-01,5.832985073559715516e-01,5.836386924201900639e-01,2.089525941439384360e-01,5.850694762815664696e-01,5.824266154778801052e-01,5.776345750577924765e-01,5.645423185000923993e-01,5.069186995027241682e-01,4.669182783045127128e-01,5.310237086825082553e-01,5.254367406222167913e-01,5.489680608278809659e-01,4.778414242211782570e-01,5.828524377981384452e-01,5.204776239277103533e-01,4.913697036467530865e-01,4.851972180280159641e-01,3.845199554948007803e-01,4.648740112253892387e-01,4.498420424799901562e-01,5.046106821325140324e-01,3.256268594663472293e-01,5.474390252224029529e-01,2.079865821655042524e-01,4.057157324898292838e-01,5.792784096779894920e-01,5.772025330151174805e-01,4.511664283609485571e-01,5.722967878622953197e-01,5.813014846093339516e-01,2.029086929107662696e-01,3.758498986967060973e-01,5.787504835229255740e-01,4.639318071867181148e-01,5.800932486633813001e-01,5.041931201703092613e-01,5.782808505069266802e-01,5.749330672252452867e-01,5.409092853514968491e-01,3.270436589224939850e-01,4.447846449149516213e-01,3.251240328572136962e-01,3.304151972710694385e-01,5.752485577993071697e-01,4.785688471048482051e-01,3.836551177686734482e-01,5.003595777092803010e-01,5.625674688583990335e-01,1.408393760165311814e-01,2.601707465878234649e-01,4.328838206241103492e-01,5.401800679573525166e-01,2.871724354981734506e-01,5.555378006917184308e-01,4.083730311879797958e-01,5.198029795222192107e-01,5.386684889689703493e-01,5.711651977537007818e-01,3.941783762679484382e-01,4.890638418562935907e-01,5.493695789521149120e-01,1.885904396584720810e-01,3.257592367262036603e-01,4.440782117248018301e-01,5.847327601394886054e-01,1.637213163045506126e-01,1.589976465470704092e-01,8.318759711634277076e-02,2.031892197544745149e-01,5.307212973549755297e-01,3.423776382419707054e-01,4.713084572997185973e-01,4.556686394442453492e-01,5.659129893942332901e-01,4.493536469863733673e-01,5.845887005712508966e-01,4.968945850547238918e-01,5.835300739968066752e-01,5.370063786891846602e-01,5.751321860112368345e-01,5.720544099391264847e-01,5.722390796781242628e-01,5.847918758522724358e-01,5.539344452437345856e-01,5.842989251539338902e-01,5.782989505407274411e-01,5.824721672202535228e-01,5.837110425681530934e-01,5.842956701093627858e-01,5.848977322392879818e-01,5.828923813575738189e-01,5.823732604365143839e-01,3.415581760522534704e-01,5.851732754161245165e-01,5.845246912059597344e-01,5.031560068225036098e-01,5.841932758762834466e-01,5.812105087865665487e-01,5.852276336687181058e-01,5.816259972730896122e-01,4.565594761271735136e-01,5.845875513718811201e-01,4.627378619938077309e-01,5.830539157634220260e-01,5.781963125639030254e-01,2.369627109110603036e-01,1.797730565080757348e-01,1.274327382875920234e-01,1.988556202907453829e-01,2.208788245064681466e-01,8.756979457166358394e-02,2.040177388964681537e-01,1.365344376484003974e-01,1.375885937312555929e-01,1.764879623894115845e-01,1.846112407038220937e-02,3.068764143233111003e-02,2.529014037308666696e-01,1.980477193547092174e-01,3.649357769046406852e-01,2.292807824214450896e-01,2.529407293072790663e-01,2.740419162677082410e-01,1.778349082483612342e-01,2.982686710504590666e-01,1.750141814755021563e-01,7.617867860453116091e-02,2.719710981057291699e-01,1.817281777537793075e-01,1.284959677969947367e-01,1.006020347440920309e-01,2.001844482884821558e-02,2.234307928131094509e-02,2.855829285790563166e-01,1.074494370706649549e-01,1.678907745889726966e-01,2.491548910416594154e-01
3.828741291095391630e-01,3.968955170047791525e-01,4.014279821801189918e-01,4.005169501070482974e-01,3.630942433941425351e-01,3.863965660571838656e-01,3.894154919315045982e-01,4.008072268637289381e-01,2.018589642434273079e-01,3.935080894743107072e-01,3.929899903776312153e-01,3.993641575441085334e-01,3.555940251705204114e-01,1.670827875348047109e-01,3.717033847759605991e-01,3.628705088493688891e-01,2.922493699284265944e-01,2.727816700219214963e-01,3.728213357386357396e-01,3.875207007428257411e-01,3.157677516325799183e-01,4.000403644792450142e-01,2.416962978492868674e-01,3.702893752020356977e-01,3.905061168877510536e-01,3.563047661813770195e-01,3.968623077328723436e-01,3.804776535487066069e-01,3.160857607923758250e-01,3.679944661100850167e-01,3.488618976022634932e-01,3.738562140407072909e-01,3.552757826236077610e-01,3.428204583450377707e-01,2.496953144382204892e-01,0.000000000000000000e+00,1.639640494293274631e-01,3.430949086109637558e-01,3.038426254916524738e-01,3.043261719963810674e-01,2.373587524445051888e-01,2.621171247521896785e-01,3.692927162790813900e-01,3.741493110452063231e-01,3.509656307240705542e-01,3.434333061914106588e-01,3.663491203198863677e-01,3.848774159619093305e-01,4.024676029063611882e-01,3.937181694314226266e-01,2.852476262446660416e-01,2.573411005434469434e-01,4.172268466616173982e-02,8.955995583401676896e-02,1.045526535394488282e-01,1.568854381734033909e-01,4.045012657178708726e-01,3.764085055248780898e-01,2.673373292057264483e-01,3.138226972207610044e-01,3.472073327654820463e-01,3.809256213896111132e-01,3.896361450305743102e-01,2.969330577910905822e-01,3.883422511500906893e-01,3.958342654967902385e-01,3.569099150130066733e-01,4.039532432737492629e-01,4.048092620896423521e-01,4.054505798399528071e-01,4.062438278775959977e-01,3.934527536212302223e-01,3.951441783149639009e-01,3.994162428311266999e-01,4.078024273791019949e-01,4.042392865706190275e-01,3.983964118336877913e-01,4.009406737906031082e-01,3.992332782043631623e-01,4.053934863602760008e-01,3.998468603219678119e-01,4.040781583915174502e-01,3.255661600184451276e-01,3.709225815621715050e-01,4.027454929695459263e-01,4.062296086994887645e-01,4.060434792572811258e-01,4.075060981459585618e-01,4.071765678560278490e-01,3.999526220015663380e-01,3.973126616803185907e-01,4.055263812011898339e-01,3.800454252360007668e-01,4.006674734407577598e-01,4.053691658999983294e-01,3.992509914707065288e-01,3.942995888090394252e-01,2.034932944960554102e-01,4.028740113560138059e-01,4.019795861572210693e-01,3.877583903501902185e-01,3.893083235921306895e-01,4.084379131281639652e-01,4.059697258943346654e-01,3.742376639089540769e-01,4.077005920795376825e-01,3.959045914650773379e-01,3.865581255794291460e-01,3.977134855260096025e-01,3.852229678627566711e-01,3.903860898018013392e-01,4.032404977330428242e-01,2.179137401223563975e-01,3.920912148387157847e-01,3.658420896815695045e-01,3.784333156700646628e-01,2.853224824206098686e-01,3.732658992213683247e-01,1.684318289132197277e-01,2.689957584152818382e-01,3.739036707150757421e-01,3.815952604664452630e-01,3.872285693664495043e-01,3.774185587097795280e-01,3.957345220143720921e-01,1.808666741578128512e-01,3.590856277787173312e-01,3.845685722381044225e-01,3.439499212175369247e-01,4.018001525498660076e-01,3.465492376712021039e-01,3.783439364347569445e-01,3.878695029869629329e-01,3.820587935075029362e-01,2.345555965649769037e-01,3.196906339525176777e-01,3.107745693154336242e-01,2.450075136381917595e-01,3.764963851140955553e-01,3.104856591365094398e-01,3.012297747399463876e-01,3.243894468193267988e-01,3.804353776850141200e-01,1.342748057509958182e-01,2.502729642855149317e-01,3.793854751984599427e-01,3.487589370334467365e-01,2.724713744696102835e-01,3.736352709568916408e-01,3.560322198745897726e-01,3.894366710768836781e-01,4.034275023582982178e-01,3.983304565680709786e-01,3.959246368815919626e-01,4.054555333924440008e-01,3.892148947798604319e-01,1.820340209612502369e-01,3.384271155457616587e-01,3.976019278028650183e-01,4.071764880531733577e-01,1.581405715736765027e-01,1.593014776057788684e-01,7.397812753050769796e-02,1.825908056098453358e-01,3.696779038339965684e-01,3.091959200407016772e-01,3.653729072712672554e-01,3.576468982247095751e-01,3.891012951938080944e-01,3.822287811223952780e-01,4.010317293151261508e-01,3.905326068095207326e-01,4.057937049658366102e-01,3.998312325870561068e-01,4.080909709877788560e-01,3.973971201011581855e-01,3.999545758524390981e-01,4.052730768589866139e-01,3.910197204934887094e-01,4.023238459787726873e-01,3.953172570630937299e-01,4.028617121216691577e-01,4.036146917291811298e-01,4.080047122646636160e-01,4.031527243841090957e-01,4.023379545138364155e-01,4.033214372391515923e-01,3.434276946164722677e-01,4.020106122940585447e-01,4.088665513782510641e-01,3.972303543453015728e-01,4.052792830806965507e-01,3.927608860148132930e-01,4.030332549257157893e-01,3.931457798434931372e-01,3.935020852666785141e-01,4.001536723553830166e-01,4.040217962538469876e-01,3.947637475191981271e-01,3.938368176960194700e-01,2.281320742753069064e-01,1.786032058123772359e-01,1.240301205195608047e-01,1.883037046684512550e-01,2.081242676212657627e-01,7.840044830958500799e-02,1.890347291316650802e-01,1.335617031019970535e-01,1.377838464433691346e-01,1.761873577332821461e-01,1.757143018632920800e-02,2.930447144634780801e-02,2.546671143573742135e-01,1.903362288730038321e-01,3.591704101962515661e-01,2.234150421039736711e-01,2.445146421397897118e-01,2.672828040539869665e-01,1.702921809367132500e-01,2.924523155316871570e-01,1.599038516981950153e-01,6.226155595311609614e-02,2.546997087194278198e-01,1.682263510629429804e-01,1.278292540178818937e-01,1.012925869214384433e-01,1.993802012938382037e-02,2.185734459566880672e-02,2.855315808449649939e-01,1.092942379538098668e-01,1.673306357590541582e-01,2.463502353870047346e-01
2.619521174183971901e-01,2.768769999030182838e-01,2.784752964273110587e-01,2.694143061685020379e-01,2.190748228724627988e-01,2.492589480454655559e-01,2.734989027652681703e-01,2.803164053540010414e-01,2.025164611098628220e-01,2.736634446721371017e-01,2.778194301419731893e-01,2.744951015784418136e-01,2.262870470239687348e-01,1.952104908440040476e-01,2.478180508413833083e-01,2.324004146445362295e-01,1.223868100553902605e-01,9.112791982073946417e-02,2.430812276875810030e-01,2.452983712266245675e-01,2.492893072589607573e-01,2.770962270507028591e-01,2.304211343304810033e-01,2.553707244965026657e-01,2.683967647134568590e-01,2.344687178702438701e-01,2.765085509841640476e-01,2.411224362706113900e-01,2.480635255207179479e-01,2.340576853052243333e-01,2.013354221804326827e-01,2.423831568959600169e-01,2.039609700035798501e-01,1.695799145406531594e-01,1.759161340286615194e-01,1.639640494293274631e-01,0.000000000000000000e+00,1.378558516284867641e-01,1.384047118240028240e-01,1.810734241461447180e-01,2.284473449928783317e-01,2.495075560982260021e-01,2.438114952230314991e-01,2.481735866447948025e-01,2.117135869796013259e-01,2.127122048712706548e-01,2.263368972373438204e-01,2.724700143297803523e-01,2.852002684665876919e-01,2.785389141886268627e-01,2.787873592509316767e-01,2.614954196148540078e-01,4.232831744910025423e-02,9.143975883624104462e-02,1.063430947378501967e-01,1.571409578409614649e-01,2.853813580880755207e-01,2.623678736540849821e-01,1.895503538910633667e-01,1.590193941987517734e-01,1.948920140410457247e-01,2.635703256941823724e-01,2.763033022568775476e-01,2.177048405923199537e-01,2.640690813336743492e-01,2.756814210145447919e-01,2.878314287285241302e-01,2.878202438239378380e-01,2.860060985897741603e-01,2.866614854431342452e-01,2.856693702419432213e-01,2.842371382917968092e-01,2.782643703751129793e-01,2.855255303589459004e-01,2.892254247108019816e-01,2.861561952528933195e-01,2.820861150170273501e-01,2.877078961392551260e-01,2.860181773199372834e-01,2.887571126558360346e-01,2.865459722295049527e-01,2.883169360230975475e-01,2.849442994162267873e-01,2.836983869899156185e-01,2.827295595759256042e-01,2.860424512789063178e-01,2.879755773439637290e-01,2.876841234749512588e-01,2.873179607539327329e-01,2.787270676071086917e-01,2.743276370933879771e-01,2.861356301424065607e-01,2.725872434412790479e-01,2.831199370644906232e-01,2.832475451422112322e-01,2.836509498423150366e-01,2.850418895991141954e-01,2.024093098567620874e-01,2.818516840029324233e-01,2.834246259878761554e-01,2.642580937403732344e-01,2.360192461335965664e-01,2.836051698943575228e-01,2.785273069960247372e-01,2.269807704959387329e-01,2.798000243086732897e-01,2.726192532841892335e-01,2.675187884801679128e-01,2.772802074820249207e-01,2.667587398641090846e-01,2.744309359813787985e-01,2.756597750516544543e-01,2.057279271402538412e-01,2.575099175496343706e-01,2.081360529244698776e-01,2.640436663976068465e-01,1.423906020403567507e-01,2.591119733957094606e-01,1.508586738012747119e-01,1.095714647506193518e-01,2.294302547386513347e-01,2.483100859428097329e-01,2.514742772816605521e-01,2.497954617939058819e-01,2.627893326279689967e-01,1.809357200607348282e-01,2.350359502692436764e-01,2.611123005599783609e-01,2.431675405292908210e-01,2.783100673864802865e-01,2.007759351260422209e-01,2.424802794948588136e-01,2.551638115470820090e-01,2.463295969183804113e-01,9.401981739435903707e-02,1.317809102793269793e-01,2.206893963957486104e-01,1.922015563693442730e-01,2.469520465053189062e-01,8.785781651418313187e-02,1.196727182973381376e-01,1.624927870676513564e-01,2.536786886271112373e-01,1.298347699299463309e-01,2.372334099307783495e-01,2.445406495069808450e-01,2.013921447240605844e-01,2.434288077731404654e-01,2.384845407887399849e-01,2.023656855583079728e-01,2.633788775592161291e-01,2.819571650213252290e-01,2.760626416490751245e-01,2.872437666091247066e-01,2.859235863814963974e-01,2.713756805111101067e-01,1.828597216307832063e-01,2.754305996239328480e-01,2.866111765324257377e-01,2.881749723180723755e-01,1.566089576625802615e-01,1.592295276760865574e-01,7.833563642055256515e-02,1.860026886058946671e-01,2.445448501929550489e-01,2.096763933141509995e-01,2.189597341687462562e-01,2.138629800261639957e-01,2.761403801297200311e-01,2.689463959519255432e-01,2.809341477914181762e-01,2.707080824968712829e-01,2.897111228627399226e-01,2.802699765423688483e-01,2.864995830190070758e-01,2.758824818204371754e-01,2.841316193268278445e-01,2.882533351695450996e-01,2.596216664555588416e-01,2.836114877932749412e-01,2.836572774857760160e-01,2.868725846817359315e-01,2.886599998546289236e-01,2.877644206861369458e-01,2.876434470722772363e-01,2.865477432804787727e-01,2.883603757298750514e-01,2.846444347799327312e-01,2.879238569407601145e-01,2.844463757049141006e-01,2.779486851695489036e-01,2.862556554821500399e-01,2.738261294815226288e-01,2.854562675269506355e-01,2.777889728289569260e-01,2.744005598826853021e-01,2.704623746491477965e-01,2.815628811136564047e-01,2.712986712050828308e-01,2.513603124763518215e-01,2.322897099274129074e-01,1.807664674580767017e-01,1.183594600988379514e-01,1.899569388176913787e-01,2.029633030607503608e-01,6.977234443446247991e-02,1.870164962163242406e-01,1.220633981489253062e-01,1.338632226804234993e-01,1.747951816356919097e-01,1.784115025125720955e-02,2.941465689612494591e-02,2.469653036735925955e-01,1.847758438966308203e-01,2.650419975775814563e-01,2.155761140370745510e-01,2.464430669886578662e-01,2.739647274768182705e-01,1.682204857150922384e-01,2.714785975878978297e-01,1.555917101310451411e-01,6.534479169183607383e-02,2.603853748748465868e-01,1.665194158810928693e-01,1.310998472157544614e-01,1.006526495777084612e-01,2.013333840488381807e-02,2.084128580645579210e-02,2.553370078394894827e-01,9.922508235559603096e-02,1.662577593738679971e-01,2.417434159563874863e-01
5.209497230997813810e-01,5.336877353712480287e-01,5.283454228669948183e-01,5.359462809488526602e-01,4.801564689936351771e-01,5.311722715468727429e-01,5.169953445520523161e-01,5.174363581118439637e-01,1.934653516939552065e-01,5.200090254067099016e-01,4.738490386697124523e-01,5.222675272968625437e-01,3.365540127342521171e-01,2.949977648755486292e-01,4.635131309523630727e-01,3.950175978013489297e-01,2.037794469397696262e-01,2.870688831822766351e-01,4.606871201036328300e-01,3.890092263983525589e-01,3.051949591494369507e-01,5.195635828615240426e-01,2.256448682305938758e-01,4.548389592402798942e-01,4.088519554227052488e-01,4.690444688604407664e-01,5.380635257623699319e-01,4.192285370471598438e-01,3.141908811777305299e-01,5.216072292931471788e-01,5.065164686261666160e-01,5.115356969832113299e-01,3.852591844411968891e-01,5.126364773941675113e-01,4.806752096267377650e-01,3.430949086109637003e-01,1.378558516284867919e-01,0.000000000000000000e+00,3.288857667805938911e-01,3.693595680638092627e-01,2.289195973784277638e-01,2.617638084284550359e-01,4.287539436906513401e-01,3.763724863863734393e-01,3.369869326568898371e-01,4.030033675175950791e-01,3.685397471200548281e-01,4.716434801643921704e-01,3.902688762793952715e-01,4.960213750364893537e-01,2.856584044669490674e-01,2.662558262228498229e-01,4.061108858281622935e-02,8.842812403219142692e-02,1.079396785601379333e-01,1.599988246272510406e-01,5.423908555553144106e-01,5.214883659574111041e-01,4.759801968180278342e-01,4.954645996103617667e-01,3.177856167715223390e-01,5.067383168110918268e-01,5.393121431865727233e-01,3.895557200876528237e-01,5.363777544941746855e-01,4.334425720647757108e-01,3.598878419921303085e-01,5.344478030232864274e-01,5.409552109157944599e-01,5.187823018402275554e-01,5.357106852366073646e-01,4.993613473622383614e-01,4.323895654134335409e-01,5.211607509445043140e-01,5.409152835558838079e-01,5.380402523507966661e-01,5.381855552187576608e-01,5.388139752987918252e-01,5.372945314911111714e-01,4.995156126575825417e-01,5.399861733292317112e-01,5.397820804110022852e-01,3.330941670037629865e-01,3.777607373452036565e-01,5.420991418248856109e-01,5.409203303521868955e-01,5.419964462826120100e-01,5.412469347409595288e-01,5.407248703180936866e-01,5.043230222896815107e-01,4.563534672136406178e-01,4.530294181271876108e-01,3.540649301694077655e-01,4.815323800890046746e-01,5.020663912072907964e-01,5.253201886555718403e-01,5.117911286903451540e-01,2.029530406171976553e-01,5.413967471611413895e-01,5.416520881075790328e-01,5.285014173209613420e-01,5.279938743698787684e-01,4.941178936774578423e-01,4.635254750372476695e-01,5.137598303057611115e-01,5.188985540293021836e-01,5.228182553309883573e-01,4.398517044838296530e-01,5.164934541001489077e-01,4.602425628919581957e-01,4.602040553068250106e-01,4.583266345600398584e-01,4.604191059622736448e-01,4.551245172055262689e-01,3.593464887327522672e-01,4.872921808225843532e-01,3.140226321013477873e-01,5.285782875904628808e-01,1.969945732897991075e-01,3.044553588942284783e-01,3.807646481164249641e-01,4.919261101571629768e-01,4.020676114159584813e-01,4.871337301770563566e-01,5.220311519256470856e-01,1.817884535169422555e-01,3.496274241442703934e-01,5.063194095044462051e-01,4.397500482109241160e-01,5.396350015134552258e-01,4.921709803841925468e-01,5.194485300901713343e-01,5.361258785447119424e-01,4.574820324455352583e-01,4.171016359681925523e-01,4.562805230674267243e-01,4.785878875803031285e-01,4.633887410098312398e-01,3.731130450477495586e-01,2.661758243626144438e-01,2.839080138752776983e-01,3.775698844415490973e-01,5.360241478866478726e-01,1.269370817812829344e-01,2.316674467955406602e-01,4.234383671150206419e-01,3.454373310432654054e-01,2.687343749529076953e-01,4.161107517966290970e-01,3.448532807938493039e-01,4.307054450996247730e-01,4.917713284664311790e-01,4.859222089348020357e-01,3.942591378259749368e-01,4.918637455467357311e-01,4.689625763249614665e-01,1.792571511143515040e-01,3.261214349907439192e-01,4.435697108805589095e-01,5.362476676614974513e-01,1.631004758884906924e-01,1.597675354701574291e-01,7.522050409262674708e-02,1.886611664543307310e-01,5.229601503461993595e-01,4.488119476685088483e-01,3.155789744517386031e-01,4.472189539523874768e-01,5.314584673173664564e-01,4.349915639868259798e-01,5.420741039600227573e-01,4.993337567266175614e-01,5.427479695759640510e-01,5.239183064941237422e-01,5.323869414241026998e-01,5.266929502956503306e-01,5.405345865867230426e-01,5.405400346878926898e-01,4.864704412543520706e-01,5.133809519558795165e-01,5.030660761749062848e-01,5.394114358740687010e-01,5.324444763422356841e-01,5.274540284179476402e-01,5.385098486332901002e-01,5.411795433199855232e-01,5.401345077978173537e-01,3.312486816021198988e-01,5.396264036395527208e-01,5.415995473129554538e-01,4.983683623919931138e-01,5.406012403908184716e-01,5.241999181792157403e-01,5.388918852770150369e-01,4.909018890717168349e-01,4.388453878357182480e-01,5.352889983565606302e-01,4.562054716732168447e-01,5.160700655418783978e-01,5.185377860828627172e-01,2.311303118924535882e-01,1.787268437595382897e-01,1.254283132596349659e-01,1.954427929141815679e-01,2.096995679007048752e-01,7.591425027776019241e-02,1.741837601899648147e-01,1.122305820313509034e-01,1.352552245056819757e-01,1.600419868273693647e-01,1.753940959917734896e-02,2.678459048576478652e-02,2.376203197492393893e-01,1.792937014481153224e-01,3.313249229849561384e-01,2.081841511710360582e-01,2.510338523371668518e-01,2.759792962513810677e-01,1.703498347289571224e-01,2.969061650526447771e-01,1.680347403091541625e-01,7.265951885977074698e-02,2.635314151028762542e-01,1.705220285443819761e-01,1.280271690346564128e-01,9.621629241505476327e-02,1.973559640310730209e-02,1.852149924813069684e-02,2.693826590667892096e-01,9.958774287699038996e-02,1.645366293447906303e-01,2.370726897952652457e-01
4.052992834673362355e-01,4.245988553819507461e-01,4.575525282515965908e-01,4.497920357571703609e-01,3.594562515622590215e-01,3.804635129819520789e-01,4.262491858260252231e-01,4.390967950660810137e-01,1.921791793700091400e-01,4.268347403265433382e-01,4.349202054228782921e-01,4.424335946645006068e-01,3.792052026369344131e-01,2.754878579731430133e-01,4.190338555108013563e-01,3.577203691886894354e-01,2.875187993267822040e-01,2.832320909194017133e-01,4.165916432911848100e-01,4.036938776207362745e-01,3.142486348117454753e-01,4.595742223157192052e-01,2.525439694941593594e-01,4.494363036570435677e-01,4.036016277771989347e-01,4.305043124563444068e-01,4.466802623992754961e-01,3.234516858880643886e-01,2.520022177189521484e-01,3.154298487029461584e-01,3.863453158718882507e-01,2.650836551703308341e-01,2.061411707807527249e-01,2.942170375759964873e-01,2.931411205457286617e-01,3.038426254916524738e-01,1.384047118240028518e-01,3.288857667805938911e-01,0.000000000000000000e+00,3.831573346406463854e-01,2.262578823528584859e-01,2.734614655457546228e-01,3.909557724167080361e-01,3.844226131396711321e-01,4.015395718560354488e-01,4.093281443094468619e-01,3.863181973438160055e-01,4.254284492595561407e-01,3.732317522863574655e-01,4.518253313626488521e-01,2.737204961727655039e-01,2.479825328472594348e-01,4.091005468141092200e-02,7.580837992729172470e-02,1.034465003717655318e-01,1.522330452256454303e-01,4.339850129511163002e-01,3.302692040238778270e-01,2.605665051340079197e-01,2.127979622559894035e-01,2.239423418981664471e-01,3.571640864727614328e-01,4.028557655506229684e-01,2.377756944667563377e-01,3.211640385578363177e-01,4.383037043510608632e-01,3.392269272085871590e-01,4.451846327404336279e-01,4.359443702249495844e-01,4.498985901028030310e-01,4.445034406753951561e-01,4.556990155019815525e-01,4.129225364680985111e-01,4.589800492943582055e-01,4.670219757329019394e-01,4.390928928423882271e-01,4.583368574958602837e-01,4.631629023592801486e-01,4.554010348335051916e-01,4.677012419992344627e-01,4.578163181445088492e-01,4.667838057625340320e-01,3.270623566126619197e-01,3.667756880111261442e-01,4.564564379312850417e-01,4.614255617138056653e-01,4.482436973493253984e-01,4.626754385703074068e-01,4.580672910282647114e-01,4.193896404384566123e-01,4.195556228535878285e-01,4.474832108707225697e-01,3.637945487121408417e-01,4.311833722415172598e-01,4.276063382760638687e-01,4.237099482639167802e-01,4.420776365871978975e-01,1.892583252124440396e-01,4.526809116575246650e-01,4.556763287109298899e-01,4.317205011507579404e-01,4.369300978923205681e-01,4.659454899918500925e-01,4.515061026930293764e-01,4.035632607746003075e-01,4.644182710419569315e-01,4.449654540229773247e-01,4.237431272508403457e-01,4.349750206616243564e-01,4.134227469451207115e-01,4.405543044804436370e-01,4.580321340747572356e-01,3.741429366550553803e-01,4.269930325322233156e-01,4.047160185402401966e-01,4.357528018916494994e-01,3.203572926338432159e-01,4.235814704951484932e-01,1.890383045652638261e-01,2.950103003893573272e-01,3.996444378726731195e-01,4.204164130119767973e-01,4.245091244248648255e-01,4.344198734160205078e-01,4.457457077295058911e-01,1.897606697946619125e-01,3.497625507215469942e-01,4.623199268513892846e-01,4.414661218172445389e-01,4.571341187098027503e-01,3.314511702248912339e-01,4.192043666717880090e-01,4.021676058257669384e-01,3.814191082707688030e-01,3.197076015685879069e-01,2.702245738541348419e-01,4.051657298229013326e-01,3.780058882942772813e-01,3.817870878263006085e-01,3.540126724557081661e-01,3.219199877520324549e-01,4.180252528769516918e-01,3.853439586561152597e-01,1.350957900393968958e-01,2.568255570101234397e-01,4.381371281020093877e-01,4.117380073057220757e-01,2.628594636291138875e-01,3.881935168497811506e-01,3.756710506979308861e-01,4.292313473926808731e-01,4.440597128632894353e-01,4.498083279081934172e-01,3.984801024476288256e-01,4.424354184191187089e-01,4.486532733604975398e-01,1.757329816686102608e-01,3.362337981847099422e-01,4.388174724148809491e-01,4.645126141372206141e-01,1.583293705617263014e-01,1.437342928350257842e-01,7.685432790461967090e-02,1.670762197320596609e-01,3.224348882854879972e-01,3.502148224646978170e-01,3.128809733294193318e-01,3.576506546442720369e-01,3.749324688188210852e-01,4.214479715180901587e-01,4.535132004712787990e-01,4.181657050348078775e-01,4.611886746954562133e-01,4.219926245946060694e-01,4.292006528558936496e-01,3.632357591729896140e-01,4.282404741687499961e-01,4.467932132126905542e-01,3.704465461616601174e-01,4.279267218505972692e-01,4.579493950660245560e-01,4.620802886894962991e-01,4.680566332192666601e-01,4.492891612671455759e-01,4.451508493714622094e-01,4.621071326047830330e-01,4.670934672230204199e-01,3.426794509333470629e-01,4.623895173432841510e-01,4.615421447837579350e-01,4.514095276066904527e-01,4.592501405953641758e-01,4.245648061372126469e-01,4.477921446003476080e-01,4.378869784525681319e-01,4.353479797369256277e-01,4.537648123345673357e-01,4.535110570895076187e-01,4.300763761076243918e-01,4.294274133102629065e-01,2.256388043157577239e-01,1.764702615387836182e-01,1.160180537745441748e-01,1.918453336017578170e-01,1.889386884480980244e-01,7.042401621510636922e-02,1.672950757803793598e-01,1.047749951371811927e-01,1.350314394639787752e-01,1.703218687764363748e-01,1.821645658869892187e-02,2.987865265676770826e-02,2.497239216944487639e-01,1.921850674227240097e-01,3.324411297388793485e-01,1.945687956483389547e-01,2.395940701711811727e-01,2.692147693395592900e-01,1.591844730943723363e-01,2.836210506746903448e-01,1.399042602603090546e-01,6.615742967549298470e-02,2.356169371490817732e-01,1.441638033047182299e-01,1.265153168466211508e-01,9.579372453511546259e-02,2.053339022094996524e-02,2.126491257613242689e-02,2.543771655450025038e-01,9.985513882702935773e-02,1.594517387355548210e-01,2.185973726097674985e-01
5.778419599834504483e-01,5.839383410156699927e-01,5.570469577882388723e-01,5.842734857279433536e-01,5.627307922212317903e-01,5.844624266268193535e-01,5.804692269829816453e-01,5.730547286399233498e-01,2.117693610987704811e-01,5.746837481972180139e-01,4.938573311654625986e-01,5.756920958731398530e-01,3.880611842993489935e-01,2.786103909188842875e-01,4.831415714120920746e-01,4.157756473234904271e-01,2.655007416343177495e-01,3.290455385905081132e-01,5.807349123602114638e-01,4.081404078655034851e-01,1.934895371931544261e-01,5.325349079538075348e-01,1.875655966696528620e-01,2.990499569609543773e-01,3.852700650796546666e-01,4.077687889467025428e-01,5.812636946727535170e-01,4.167778600176649806e-01,3.350670507409695964e-01,5.752784597089833918e-01,5.547626484940638703e-01,5.768830699821366759e-01,5.183657586092359493e-01,5.806403309133433277e-01,4.089727529840713749e-01,3.043261719963810119e-01,1.810734241461446903e-01,3.693595680638092071e-01,3.831573346406463854e-01,0.000000000000000000e+00,1.352962218029951647e-01,1.180324565562825972e-01,2.352497561794774372e-01,5.237913011506543093e-01,3.172592946283957493e-01,3.753524460369435101e-01,2.615981321510225666e-01,5.801884031744106718e-01,3.787667002195005961e-01,5.373635281766795391e-01,2.964503149522206837e-01,2.727236812644533992e-01,4.433785270257301070e-02,1.004215128341064550e-01,1.076329376780987973e-01,1.586802275930129513e-01,5.818660817297838239e-01,5.795058813266193987e-01,5.281456277407351463e-01,5.320916748089873360e-01,4.620397897802632214e-01,5.387611100905926875e-01,5.831342013527758272e-01,3.209606085799153186e-01,5.506210662686862323e-01,4.607013337404683440e-01,3.589924636520994139e-01,5.816163893554480158e-01,5.768120254226825061e-01,5.137582684553991808e-01,5.789633598835030037e-01,5.620275755039902954e-01,5.827725618877551694e-01,5.590850126657427310e-01,5.703007136369191432e-01,5.727514689957893257e-01,5.814149522788389923e-01,5.782418251650530694e-01,5.786539942175573659e-01,4.934595248734147122e-01,5.758609531876373033e-01,5.841661633505239593e-01,3.325562764108176417e-01,3.750741672893398437e-01,5.473111220904894880e-01,5.814793699289182438e-01,5.739848747875374579e-01,5.729718188896091302e-01,5.709135048775438870e-01,5.660416859611756557e-01,4.629034809819441154e-01,4.539491545453991361e-01,3.711972808560049519e-01,4.829027795072437512e-01,5.006862501534896648e-01,5.831638231826606900e-01,5.818283864196731603e-01,2.182707458927335142e-01,5.849486286747299646e-01,5.810545887230866846e-01,5.796965927739435864e-01,5.778671006196696158e-01,5.084155736820036298e-01,4.672994158041524071e-01,5.756306005242307622e-01,5.255659032528048336e-01,5.414305897038652615e-01,4.737994857673263893e-01,5.741058806772653123e-01,5.077483763721044596e-01,4.835261415330982526e-01,4.791970045556766533e-01,4.054741950580826315e-01,4.580065806859339728e-01,4.156700752220859330e-01,5.029795416357197846e-01,2.909313674129185290e-01,5.574836932407615242e-01,1.939778294940511794e-01,3.619955705512893918e-01,5.608536550331498782e-01,5.808199084795989675e-01,4.352631658002665827e-01,4.953091207630891946e-01,5.622621211308643785e-01,1.565581318439778769e-01,3.337855904425798825e-01,4.387623864136626639e-01,3.546758182702611228e-01,5.816263083578901982e-01,5.624559593076700059e-01,5.831288172546789106e-01,5.845488150408115757e-01,5.598396818404671738e-01,4.304414408266246106e-01,5.533715987445966267e-01,3.867234357573159920e-01,4.080175179946314845e-01,5.652282693103957145e-01,4.106333807642605360e-01,3.052604341178203340e-01,2.083676046674325377e-01,5.808739165997107712e-01,1.007109254409480070e-01,1.608812380809936937e-01,2.728788865056200330e-01,3.413354452524058336e-01,2.866739206936915196e-01,5.241782287543914620e-01,3.251365702470711549e-01,4.703316643012189213e-01,5.354570562651034260e-01,5.750112621381792133e-01,3.977062705756457262e-01,4.896870162719994535e-01,4.968158704740621712e-01,2.006692557664186694e-01,3.330446488423611795e-01,4.367057843618812329e-01,5.715885342900263177e-01,1.650876353218595494e-01,1.696749703242835250e-01,8.356094309521890084e-02,2.109033486252765710e-01,5.799888064232073814e-01,4.302740648580439253e-01,4.640013277120031976e-01,4.088969701991379546e-01,5.835262347962174578e-01,4.612877951360929152e-01,5.769606858835202301e-01,5.017827196643693810e-01,5.723158310878867505e-01,5.787171487425785132e-01,5.841184823673093440e-01,5.845251187315242403e-01,5.799921486203634124e-01,5.758585742462302148e-01,5.670233096520661542e-01,5.808483316547101705e-01,5.683639933770497921e-01,5.729556766701111581e-01,5.831681184519910133e-01,5.796899149117211714e-01,5.681076428117024513e-01,5.727469628432367843e-01,5.840041593792617558e-01,3.413284307574551146e-01,5.760059459887080235e-01,5.778414855270112005e-01,5.013212694727348095e-01,5.582309321398580826e-01,5.845621115371131271e-01,5.743374637335492139e-01,5.757840093985995278e-01,4.592822630484039159e-01,5.846092243084122231e-01,4.634140513166360442e-01,5.840911072846862728e-01,5.820524849299634207e-01,2.331197796260169042e-01,1.824520884870663995e-01,1.287734370219023872e-01,2.018415062868389731e-01,2.296433699601804213e-01,8.702765149576431603e-02,1.931422688876047178e-01,1.396042846690738193e-01,1.375157076580356130e-01,1.715452880734558982e-01,1.721580476742403526e-02,2.739107669606156634e-02,2.273416793692122628e-01,1.639318204159589398e-01,3.611482818365960301e-01,2.302463417218756081e-01,2.505017519700103446e-01,2.745919645347024152e-01,1.831417382196998123e-01,3.065769896670368366e-01,1.789528391428563958e-01,7.078006267003365826e-02,2.669371094245598930e-01,1.819484007398915193e-01,1.315044053917997224e-01,1.029487341656750155e-01,1.923402196580314971e-02,1.894214055431589494e-02,2.702739898023200915e-01,9.018187468856486699e-02,1.714861850614247951e-01,2.507046419866567621e-01
2.785044690734750916e-01,2.817322287110213264e-01,2.796258856305718909e-01,2.825682910642530743e-01,2.512336013431955561e-01,2.776233348182702287e-01,2.665207086864627151e-01,2.656293560768406836e-01,1.938018922482612205e-01,2.580088481212456930e-01,2.467372471941026713e-01,2.441707678792536251e-01,2.133022073112351702e-01,2.388884974967942776e-01,2.552696826381641304e-01,2.680435828070455440e-01,2.243062417546104192e-01,2.320339894884658472e-01,2.767648347402389408e-01,2.652980024050204388e-01,1.657693494377932009e-01,2.687586912861146815e-01,1.823878906218860119e-01,1.516499286101026522e-01,2.741370259433599244e-01,2.332919345850047455e-01,2.753105774627354063e-01,2.561876592683462461e-01,2.618014539540453045e-01,2.710476863815564075e-01,2.710028193816648168e-01,2.590618838698045545e-01,2.247383925794370629e-01,2.698848599392952297e-01,2.120342661205729395e-01,2.373587524445051888e-01,2.284473449928783317e-01,2.289195973784277915e-01,2.262578823528584304e-01,1.352962218029951924e-01,0.000000000000000000e+00,1.293489476593371601e-01,1.184920590329543860e-01,2.213407623997949714e-01,1.647491505805274425e-01,2.294496415353203256e-01,1.122724489390764940e-01,2.589270501775178812e-01,2.035166741438300952e-01,1.854855486615877014e-01,2.622812275757572809e-01,2.712950302548473025e-01,4.263792437219478260e-02,9.910078664278472449e-02,1.011291251537417279e-01,1.407078635739192063e-01,2.838709890876349173e-01,2.592923217695249360e-01,2.235757925155627546e-01,2.407800148588920552e-01,2.181026801762091794e-01,1.833213790286543632e-01,2.850681902068737950e-01,2.354336833117156302e-01,2.799218543643203216e-01,2.568261246792892250e-01,2.795947896133907373e-01,2.745756771208687219e-01,2.843223876992033161e-01,2.808459137947561524e-01,2.734355015319512305e-01,2.435420648729614834e-01,2.701002716475630616e-01,2.800320695691682626e-01,2.820971555257362207e-01,2.849778138930603166e-01,2.845764031412509332e-01,2.820684181976321203e-01,2.846111803888218827e-01,2.711371016935954503e-01,2.837232709337075276e-01,2.460269651256056789e-01,2.836849474445135577e-01,2.840947331009278098e-01,2.797211288188606315e-01,2.768278245493651646e-01,2.791538738068913839e-01,2.798546552043421065e-01,2.831782582040044960e-01,2.023093448515385917e-01,2.801278594784515907e-01,2.587693283734566196e-01,2.090227996978317460e-01,2.743749307070903476e-01,2.681520581440586803e-01,2.792462656783885055e-01,2.547788176918485137e-01,1.965087662573396510e-01,2.809192086024056012e-01,2.755094112700930964e-01,2.709848748746654934e-01,2.815948027291497180e-01,2.765182345709372158e-01,2.843552572864150862e-01,2.608920851402215524e-01,2.816013768423610841e-01,2.648621832911869922e-01,2.488638857365392254e-01,2.654808645677704249e-01,2.304702128455065335e-01,2.514271078579413676e-01,2.605789558522098592e-01,2.045209706364746194e-01,2.462754710682640569e-01,2.284048634851001125e-01,2.618975563465725798e-01,2.246148031452089022e-01,2.628493678822227397e-01,2.041335075735015159e-01,2.150421638427843785e-01,2.554664770558976450e-01,2.771574283522541537e-01,2.632951498160587267e-01,2.378474165717394673e-01,2.794580006254702709e-01,1.392644524133594963e-01,2.561390005128308944e-01,2.082392810471130895e-01,2.079232877190700379e-01,2.800653222026377454e-01,2.577154460425821747e-01,2.775573332424597917e-01,2.779970605605511236e-01,2.452639667584048111e-01,2.230444760570173823e-01,2.532264447167046351e-01,2.067835893228382460e-01,2.292564783637004444e-01,2.653140573155690074e-01,2.423608805287301160e-01,2.009587028414016041e-01,1.928173239175133835e-01,2.720829469086133434e-01,8.259930041594103212e-02,1.288406869903563345e-01,1.257786675032888379e-01,1.461981232339919223e-01,2.425879348815202508e-01,2.051040667229439285e-01,2.278360401274341362e-01,1.551680905478611816e-01,1.794480956473840927e-01,2.425716502081006476e-01,2.343238862507502074e-01,2.547500121244642424e-01,1.293962954087513328e-01,1.978125334913223565e-01,2.127815444000594192e-01,2.792812121784570834e-01,2.791850043253030211e-01,1.565326790656860756e-01,1.673427470288795516e-01,7.466406807169041759e-02,2.016911553376566635e-01,2.634766929447088235e-01,2.096296367522640369e-01,2.099106248298579225e-01,1.593795730175834591e-01,2.704289484105896757e-01,2.366788679224732794e-01,2.855134525898142539e-01,2.740605963118973309e-01,2.839373115147942328e-01,2.500337174116697980e-01,2.781384522106852275e-01,2.779176019955879595e-01,2.733301909174763455e-01,2.845488134537252911e-01,2.132926980681146278e-01,2.819502328034165228e-01,2.533833963590691463e-01,2.822248663800517865e-01,2.739330258546383567e-01,2.762985081465279547e-01,2.834342000466614220e-01,2.840290797424646629e-01,2.518870565830534924e-01,2.299066622966179363e-01,2.746998510961131124e-01,2.837510538644055225e-01,2.827733854884640352e-01,2.822221750169549570e-01,2.563521841025277470e-01,2.824629898996877109e-01,2.632557238033910729e-01,2.629733365660635869e-01,2.856505146491979397e-01,2.795243890560707434e-01,2.765829893950418894e-01,2.766881673842999656e-01,2.330527182546607290e-01,1.711361033128553644e-01,1.184174797745433383e-01,1.928190363404565233e-01,2.075344396728933949e-01,6.885564281503341044e-02,1.547340637701502541e-01,1.295496560836836841e-01,1.305318536025530940e-01,1.577019699390190821e-01,1.798362946897890183e-02,2.841869305314275937e-02,2.152532760655452571e-01,1.722873333894840986e-01,2.462090440260996382e-01,2.207923889889724101e-01,2.479198607714878100e-01,2.603738782631656590e-01,1.598977449615690272e-01,2.626130220104080926e-01,1.599865937863346188e-01,5.169653656390790775e-02,2.174054421325638808e-01,1.693611148646678444e-01,1.262419374619470624e-01,1.020666361625512247e-01,1.870995046055830627e-02,2.010714805461552568e-02,2.339709603736177257e-01,8.782804150964947099e-02,1.638838312936247432e-01,2.399973034034421082e-01
3.061057830840959171e-01,3.074837603886054205e-01,3.075343417689088699e-01,3.074759324067451449e-01,2.977836513041528521e-01,3.074016676138170423e-01,3.053256490972202086e-01,3.026927486728401284e-01,2.049923810625889631e-01,3.013002340513204480e-01,2.966529884435393782e-01,3.028481573197910892e-01,2.825119780810301240e-01,2.739987440747243541e-01,2.904522306506890361e-01,2.936551547785406502e-01,2.471839473802606157e-01,2.449322321123322266e-01,3.054071292426489559e-01,2.697005946872034210e-01,2.273016322449711302e-01,2.944811061627657933e-01,1.746163196598395639e-01,7.874340211566512038e-02,3.001557232909491391e-01,2.507778014877550810e-01,2.804316441781652403e-01,2.787556553523490854e-01,2.979367313946269524e-01,3.062603013981992639e-01,3.035199386359486162e-01,3.011644964729733864e-01,2.896223808338651562e-01,3.066242197462252239e-01,2.327959656925036869e-01,2.621171247521896785e-01,2.495075560982260021e-01,2.617638084284550359e-01,2.734614655457546228e-01,1.180324565562827221e-01,1.293489476593371601e-01,0.000000000000000000e+00,1.147573145528114763e-01,2.884906652469022004e-01,1.876430917743566462e-01,2.065757998290078667e-01,1.842050214385662354e-01,3.076092984418102305e-01,2.627158382284107141e-01,2.802328298219428082e-01,2.966711901966107012e-01,2.728974338405463773e-01,4.343856280335559039e-02,1.015112908010658566e-01,1.061249347348646316e-01,1.552282745803367503e-01,3.098503213802623613e-01,3.008322017113168600e-01,2.730261085899389761e-01,2.840865347589243139e-01,2.765498536929739126e-01,2.589735274829039757e-01,3.081476201715077634e-01,2.579866767076695599e-01,3.061828833287509322e-01,3.031167762287335643e-01,3.098015525093141820e-01,3.093979923236716001e-01,3.081196946504199952e-01,3.087619651074722249e-01,3.086800380262799126e-01,2.961318282430277504e-01,3.094618600725561608e-01,3.074208808353866007e-01,2.991479363162427019e-01,3.080599906461319315e-01,3.087740961006316676e-01,3.051612053634164545e-01,3.047431971567866049e-01,3.084828965857100980e-01,3.080297526314852430e-01,3.081973588534281938e-01,3.072477662828146938e-01,3.042875857210757817e-01,3.076719519093243371e-01,3.011815513974795411e-01,3.065857098252272039e-01,3.054428564007900526e-01,3.037935057338733147e-01,2.819390755451249286e-01,3.087377272068539957e-01,3.092686680776224883e-01,2.719184841058125968e-01,3.074863735415486743e-01,3.053364610966046722e-01,3.090152419978103304e-01,3.020723271578533708e-01,2.157158568305368729e-01,3.069161585851497565e-01,3.050928957410017905e-01,3.064139381311157817e-01,3.087663932879419204e-01,3.044772944643553414e-01,3.090740984002418035e-01,3.055257001324572785e-01,3.083779614653358037e-01,3.027202268513891625e-01,2.944605031314738164e-01,3.034946950444721292e-01,2.886420651094782075e-01,2.965214213851288250e-01,3.034918311559193782e-01,2.388944982753356816e-01,2.525411607657208624e-01,2.691312036407831898e-01,2.947775454113897298e-01,2.660177845082128401e-01,2.913689624225390129e-01,2.042916336013928802e-01,2.399733648205589764e-01,2.971960846436242920e-01,3.031419333562818674e-01,2.679070608348798066e-01,2.634899543865647509e-01,3.060733577640708525e-01,1.214069335694399204e-01,2.879609463295348393e-01,1.066475537634701265e-01,1.730553699485392061e-01,2.790003873346393881e-01,2.980071924301607722e-01,3.075194794469961468e-01,3.092000445607337999e-01,3.014318966507879005e-01,2.626317632296631954e-01,3.013403244695622707e-01,1.909902064743582706e-01,2.430452534353671201e-01,3.026056733102018281e-01,2.745737015466505615e-01,2.208877338562561521e-01,1.657023902244247338e-01,3.038133217969667954e-01,1.088438043325360149e-01,1.559887412564765208e-01,9.286353544476756705e-02,1.689501548169562439e-01,2.914303345566163772e-01,2.805862295752192259e-01,2.419654956342194851e-01,2.388598179688747880e-01,2.626479205436866859e-01,3.040292577029252152e-01,3.060682341451259614e-01,2.977372455061683132e-01,2.293649615037816891e-01,2.005536340069770107e-01,2.898482577003231309e-01,3.086908198387091629e-01,2.982564910040164108e-01,1.618861471515039563e-01,1.701423002727342759e-01,8.315457519209655535e-02,2.098157639599319280e-01,3.003502821715652304e-01,2.406744179302857112e-01,2.574875974050913063e-01,1.916981185306564084e-01,3.042159287412208313e-01,3.009792294801648116e-01,3.043470692636345842e-01,3.096949718015196140e-01,3.071298264210712281e-01,3.024296146907132776e-01,3.099701239209586845e-01,3.097397593658012815e-01,3.096383669252964488e-01,3.078802158472687123e-01,2.866646709088801481e-01,3.101842505879638390e-01,2.998578948649165410e-01,3.014368119450763772e-01,3.041468595360088956e-01,3.080544248145987707e-01,3.039206250975104440e-01,3.076831927637256325e-01,3.087490744103533191e-01,3.005534962388810016e-01,3.070921480719167596e-01,3.043411074596207300e-01,3.091437709446823168e-01,3.014926483406383251e-01,3.080256960704852442e-01,3.069161800389479944e-01,3.025233798722208878e-01,3.043423669937462273e-01,3.087534540941199168e-01,3.093935181790134492e-01,3.090399143124037962e-01,3.076359252206060102e-01,2.367151060721393863e-01,1.822609549584611188e-01,1.240732226082608414e-01,2.011035425727105419e-01,2.251042565327444622e-01,7.692075344966170514e-02,1.683434862630333040e-01,1.396788701832483159e-01,1.371363058458361650e-01,1.716411986462142991e-01,1.661131648532862548e-02,2.305525767900241246e-02,2.145303272820701934e-01,1.501343697217822348e-01,2.875711423530170063e-01,2.275207793490723884e-01,2.528617508489693355e-01,2.760242812600378626e-01,1.793838189852869081e-01,3.061252491382304153e-01,1.776626426118169955e-01,6.327995456759953619e-02,2.428004234869061140e-01,1.768410206899863057e-01,1.334327436132545230e-01,1.043473828773274908e-01,1.920063248110651100e-02,2.030526126991770777e-02,2.636087726296021949e-01,8.017185130267012738e-02,1.680811017650803707e-01,2.474405158871762767e-01
4.909996694736403766e-01,4.885989105830492729e-01,4.901878048953204892e-01,4.885787751362073439e-01,4.838358196441427950e-01,4.903305093144753046e-01,4.902401336684976685e-01,4.845260768582061450e-01,2.100721904920732352e-01,4.847814532439657098e-01,4.806380439598668119e-01,4.832288776204667902e-01,3.852962761709193273e-01,3.110749831205692484e-01,4.741902530180739372e-01,4.127906340056694545e-01,3.231157144238053225e-01,3.846827138678537983e-01,4.858037420823541064e-01,4.008625535389003236e-01,2.511162159044656450e-01,4.795183406084180811e-01,2.177915831446951833e-01,2.976674224003970082e-01,4.180157586134808367e-01,4.405470808012254547e-01,4.821906705448738006e-01,3.974772350887057493e-01,3.483186143827681769e-01,4.862057461383642587e-01,4.849193233487748556e-01,4.802534470719798665e-01,4.440648701237911444e-01,4.879057310959363236e-01,3.971631864080005236e-01,3.692927162790814455e-01,2.438114952230314991e-01,4.287539436906514512e-01,3.909557724167080361e-01,2.352497561794774095e-01,1.184920590329543583e-01,1.147573145528114763e-01,0.000000000000000000e+00,4.638903021425054285e-01,3.134219441433905295e-01,3.176631202694701339e-01,1.937014998181932346e-01,4.795207413995591916e-01,3.195609251236207760e-01,4.198275036368260826e-01,2.937327134305542375e-01,2.728280475298209828e-01,4.310526421745442677e-02,1.011216999789521370e-01,1.069514461103225622e-01,1.578832736799482550e-01,4.897851968373316822e-01,4.771176598877202024e-01,4.351513016729600114e-01,4.530764996226008257e-01,4.332187078226545363e-01,4.000881234298537259e-01,4.899907323967354067e-01,3.315529205263654244e-01,4.845736108231517014e-01,4.569132215304136935e-01,3.604031045894124929e-01,4.885190231246606118e-01,4.893211020867649363e-01,4.898637228074257388e-01,4.889269121878411783e-01,4.701409337735679150e-01,4.883657802380874102e-01,4.894346916191151808e-01,4.764538850843364481e-01,4.769780956437916775e-01,4.857002900121928923e-01,4.876917597842576613e-01,4.812551956273058429e-01,4.890009810851150829e-01,4.882001952234439890e-01,4.867003431763140542e-01,3.334519508112016584e-01,3.675857448602825039e-01,4.828036241370982085e-01,4.776488093219161679e-01,4.874757111411154309e-01,4.875827219005930968e-01,4.858044786634589385e-01,3.971028541035453996e-01,4.488874680137700524e-01,4.468528297629251744e-01,3.576692238581148930e-01,4.741381793282307688e-01,4.630427372110636486e-01,4.896368936726651633e-01,4.892928270795435242e-01,2.185542758611662972e-01,4.830050480194231777e-01,4.800260905809533574e-01,4.901837686746107203e-01,4.894013237642866332e-01,4.834021755823743605e-01,4.667133106557369571e-01,4.889248114765866737e-01,4.848389678660889879e-01,4.871277207057297942e-01,4.777706688463883022e-01,4.864498695416814567e-01,4.707861643829151510e-01,4.820042776054629385e-01,4.800135012207797369e-01,4.180452550436574155e-01,4.464725796492008958e-01,4.083035437530371237e-01,4.804324695932192246e-01,3.474198072956284911e-01,4.809360271640203965e-01,2.176532924933390067e-01,3.880177199450406955e-01,4.725788669394232477e-01,4.849605692424335257e-01,4.248344351424074294e-01,4.574025899469883472e-01,4.881812744673967863e-01,1.633241170908310558e-01,3.645330870236501708e-01,3.742159855257572998e-01,3.898619792206931001e-01,4.835237541443019316e-01,4.838979043511012490e-01,4.897750202892830473e-01,4.893073452911452792e-01,4.752489890788493265e-01,4.394303123812922651e-01,4.787597576678366829e-01,3.706569786510579556e-01,4.132999522861537378e-01,4.820721286832388430e-01,4.466701778387423549e-01,3.529519418637079853e-01,3.383056010378135414e-01,4.843025927090877092e-01,9.453788026658918597e-02,1.769628056332673560e-01,1.899787078477058744e-01,2.978446708861735570e-01,2.846597235708878681e-01,4.484405236568291819e-01,3.240371948331149388e-01,3.323157159619875012e-01,3.841032689939521960e-01,4.619034971907643450e-01,3.742498721062054723e-01,4.587528618659901247e-01,3.448134254104324170e-01,2.004920972222044018e-01,3.129973441769584586e-01,4.401839346283769050e-01,4.761194130830654347e-01,1.631080881630758428e-01,1.679771121642250897e-01,8.481458647772960324e-02,2.146209375755477322e-01,4.826464478831468674e-01,3.835957483429791037e-01,3.858726814388936388e-01,2.675549482947519042e-01,4.837172412629961449e-01,4.528158152176273155e-01,4.738311654823654795e-01,4.901272477058008503e-01,4.874520390264769354e-01,4.707551000183600731e-01,4.894451813079582769e-01,4.876460896990407745e-01,4.905933212239071417e-01,4.855667836679686822e-01,4.171790969615432054e-01,4.896475763332682751e-01,4.800570694877994704e-01,4.750602391381525957e-01,4.889173751671401225e-01,4.899643287277391512e-01,4.742655528825966971e-01,4.791271821571903566e-01,4.881187301503732145e-01,3.340080712463763812e-01,4.877856716732849041e-01,4.890049549457393119e-01,4.889075314056816612e-01,4.743079844322223293e-01,4.789700954688278500e-01,4.694779220370873252e-01,4.868007832023713011e-01,4.641135977950463509e-01,4.890759714702601069e-01,4.587008766837576412e-01,4.898638399623738704e-01,4.874394679806601793e-01,2.356780318202581492e-01,1.817181298883954743e-01,1.268348820263769106e-01,2.022621272576304863e-01,2.332908844804596205e-01,8.350798976619917824e-02,1.884289754135361483e-01,1.475785542121586802e-01,1.379154315205053938e-01,1.683783009810267406e-01,1.799458131321808249e-02,2.391729619067918533e-02,2.133150968905852540e-01,1.590989618941602290e-01,3.494879588726560460e-01,2.259657920854395707e-01,2.525398013178933310e-01,2.760403345527288055e-01,1.820177628736815989e-01,3.040339237732794242e-01,1.803814347547745833e-01,7.538939685935783230e-02,2.668260927816540340e-01,1.870539893608574866e-01,1.326304635476951155e-01,1.037639060057528456e-01,1.923963333031167636e-02,1.798286417138835955e-02,2.605825506142149250e-01,8.749870876625492899e-02,1.685345701164932264e-01,2.489216678706384911e-01
4.869935870898939867e-01,5.333313679403345331e-01,5.253668153238640892e-01,5.199216993043195290e-01,4.018635555865943676e-01,4.614329167459867986e-01,3.830401490690232835e-01,4.490921881962214313e-01,1.199535353058539255e-01,4.060172732784288474e-01,2.653140420796770149e-01,3.785549787446089165e-01,2.996377132762270135e-01,2.853853572903670699e-01,4.226927439139049336e-01,3.722028344162856550e-01,3.154131466450180721e-01,4.316482692449163383e-01,4.614412481096043517e-01,3.884368350962693617e-01,3.051922111156677442e-01,5.459682952180602289e-01,2.511016491540989937e-01,4.929337274780307143e-01,4.067130965412285026e-01,5.127208065996007313e-01,5.426343955999193280e-01,3.959776585426025841e-01,2.508682685571283488e-01,4.618564728309772494e-01,5.229275517694702557e-01,4.466135139566183576e-01,4.336792043357354243e-01,5.085956986078993269e-01,5.326267598182721219e-01,3.741493110452063231e-01,2.481735866447948025e-01,3.763724863863734393e-01,3.844226131396711321e-01,5.237913011506543093e-01,2.213407623997949158e-01,2.884906652469022004e-01,4.638903021425054285e-01,0.000000000000000000e+00,4.225533902777308670e-01,4.627140261268959387e-01,4.804959394655743399e-01,3.940773429933232541e-01,3.609523887088608163e-01,4.383591300249790046e-01,2.477604833741023360e-01,2.387690969457851309e-01,4.038664713126710604e-02,7.684875056404477656e-02,1.060220862330803621e-01,1.541968878251872566e-01,5.385545659916557426e-01,4.755644726602049066e-01,5.118766638672304081e-01,5.039066635722876386e-01,3.781060334415765056e-01,4.718665264055488251e-01,5.295409855371590035e-01,3.948048818929940640e-01,5.216565910100765535e-01,3.686249884827474954e-01,3.466865693330121179e-01,5.115570446753145983e-01,5.354184434095754508e-01,5.090456021357008254e-01,4.965796089781872591e-01,4.124451676796313526e-01,2.681310809630326752e-01,4.527557997140320700e-01,5.446155934310892288e-01,4.883162452287269084e-01,4.854865273865211495e-01,4.586659270116372755e-01,4.847006900673434537e-01,4.362114569486590931e-01,4.988146927084624593e-01,4.550165388350040918e-01,3.332689342774496910e-01,3.683191907490854788e-01,5.463790390908396244e-01,5.468603711555626301e-01,5.284795082716334802e-01,5.104920593267111562e-01,5.495766102959280808e-01,4.483909346630274850e-01,4.570605587654010815e-01,4.361137004978262177e-01,3.022862582091398465e-01,4.507093829187615586e-01,5.017778716480872925e-01,3.955972903483180314e-01,2.834767811090552203e-01,8.656699216636799810e-02,5.511799711294392834e-01,5.500667619481369730e-01,4.788382739540995026e-01,5.332013048038971581e-01,4.979302046402752091e-01,4.677675154878311314e-01,4.608041152416534891e-01,5.047950794305167133e-01,4.589055716315473821e-01,2.881871194606165920e-01,4.732162020108273692e-01,2.524873019439094479e-01,3.258073417943480599e-01,3.698526705404587833e-01,5.177716826516106652e-01,4.069780386746666978e-01,3.392139069214751834e-01,4.528958739459206240e-01,3.309548812126907880e-01,4.886209826619151153e-01,1.817108662314335099e-01,4.281171226147353348e-01,3.441293244346515512e-01,4.941232298028799819e-01,4.081493968238605330e-01,5.212293264047163088e-01,5.401059484640541308e-01,1.974383978357920344e-01,3.638705188727093254e-01,5.486079636945947469e-01,4.727698833974193215e-01,5.468669179706383554e-01,4.502265150748062661e-01,4.596980226314287821e-01,4.655931916873232712e-01,3.706238166649781229e-01,5.076347734420487701e-01,4.563609074734484850e-01,5.419588619540229857e-01,5.336437062284435928e-01,2.869537907046038616e-01,4.963369886721955559e-01,4.715655173948054002e-01,5.198041653900765668e-01,4.953889455384194451e-01,1.234947555550260090e-01,2.362501901964937923e-01,4.503131128356618884e-01,4.431686778525413817e-01,2.055312862260950391e-01,1.777760731115751724e-01,4.080737151583496702e-01,4.705400206680249164e-01,5.049572543435256744e-01,4.528194482270462284e-01,3.694403095562264205e-01,4.774159464513711426e-01,4.384513746539988599e-01,1.794956139181983767e-01,3.058954890017535622e-01,3.707930616679274149e-01,5.243049954157731340e-01,1.642102794702063329e-01,1.510324413521860476e-01,5.875870698117889590e-02,1.262391761637889354e-01,4.553986271111491457e-01,5.361223477531905646e-01,4.533950793214113761e-01,4.944446449363523732e-01,4.859703586405293985e-01,3.455019101756732769e-01,5.466198282488680116e-01,4.531761780678635332e-01,5.324171628878486828e-01,5.193270238734489785e-01,5.265305311991317350e-01,4.684734361437427053e-01,5.170428999837823891e-01,5.134154368265589907e-01,4.447821481389456766e-01,4.395788900178970171e-01,3.801133022809933815e-01,5.144604242909888159e-01,4.831695102253932839e-01,4.848752089042471791e-01,4.826306496745234043e-01,4.989177213149283419e-01,4.819186875233560929e-01,2.644000744533564484e-01,4.662854919795587638e-01,5.496086877532494475e-01,4.920642395683920145e-01,5.462111783709103774e-01,4.728173064160881567e-01,4.855952386198910120e-01,3.152180057123203927e-01,2.783042317598011794e-01,5.426969575483919783e-01,4.520082166471524610e-01,4.513726700010661785e-01,4.924434493378925248e-01,1.919537872013160063e-01,1.332948327620526174e-01,1.130551174402684711e-01,1.835720573568704883e-01,1.599141503099534012e-01,7.240653534380712963e-02,1.448908159925123007e-01,9.511753204037731724e-02,1.303701726566242058e-01,1.453548575191039582e-01,1.658103082576237175e-02,2.915491459275557085e-02,2.423641984878166511e-01,1.886051321732084562e-01,3.214157322244713955e-01,2.098619329458656924e-01,2.120916134909384410e-01,2.355554460899942637e-01,1.552025076699063699e-01,2.565718839323783418e-01,1.345881760285364825e-01,6.056017931593423581e-02,2.213074945094576085e-01,1.423530649737089482e-01,1.091108395580934892e-01,8.485052696273320816e-02,2.076799429183094278e-02,2.065153555720838571e-02,2.596851449966089409e-01,1.072390852204709449e-01,1.557363821208537780e-01,2.247914481701896172e-01
5.290975167623087616e-01,5.401705669079145400e-01,5.332801015453265681e-01,5.466518421945405493e-01,5.333599558567355681e-01,5.476290199069289155e-01,5.371772376648374925e-01,5.227746321665825979e-01,1.943289537610320694e-01,5.165493770385336525e-01,4.526488586169095107e-01,5.114838173690512413e-01,2.764739926604750098e-01,2.808714265625558149e-01,4.462593966447066518e-01,3.869858811099132212e-01,2.299723679229190298e-01,3.300589790547498459e-01,5.149499479771314503e-01,3.547797345625602894e-01,2.421087087997738641e-01,5.229667724314315258e-01,1.806921379994597676e-01,3.709617732672635393e-01,4.080986149444777444e-01,4.431176744289077596e-01,5.438198632245039299e-01,4.074522723988144857e-01,3.251104238461222651e-01,5.428493385745070121e-01,5.404125608474359410e-01,5.423031636011947931e-01,5.141982584508405507e-01,5.469931542834427507e-01,5.091422578895223872e-01,3.509656307240704987e-01,2.117135869796012704e-01,3.369869326568897816e-01,4.015395718560354488e-01,3.172592946283957493e-01,1.647491505805274425e-01,1.876430917743567017e-01,3.134219441433904740e-01,4.225533902777308670e-01,0.000000000000000000e+00,3.048564380182634537e-01,3.369331446027783450e-01,4.780975519316068012e-01,3.506124607577919550e-01,3.533481024891059197e-01,2.764803948859492766e-01,2.681388995040556722e-01,4.263441165398336452e-02,9.059019935477195806e-02,1.081175128406427211e-01,1.561249552631550908e-01,5.483733632296770022e-01,5.273559518569423954e-01,5.150348085426553757e-01,5.321327621266667141e-01,4.540542172496442319e-01,4.909494325612560606e-01,5.449478191605987565e-01,3.877769410824536411e-01,5.438711023333695493e-01,3.024222786586980294e-01,3.575952538480637877e-01,5.428244146413200300e-01,5.489604615944547739e-01,5.199087986561933272e-01,5.379633940979994255e-01,4.796689059719028148e-01,5.161604801948629362e-01,4.572829559816370959e-01,5.491110179072166142e-01,5.501864775827779441e-01,5.427436365030327003e-01,5.180421269270140128e-01,5.481942777712475179e-01,4.874571450039607012e-01,5.470485535977233083e-01,5.113589410700780657e-01,3.328377878385079258e-01,3.769475436398421198e-01,5.473141937189478501e-01,5.491526226781949793e-01,5.481524761924668754e-01,5.372557117457722464e-01,5.494929934476573408e-01,4.427830252296324764e-01,4.441974169656439098e-01,4.400534524871224096e-01,3.282802374757294861e-01,4.660517348726688214e-01,4.886132876959574656e-01,5.433012618016820339e-01,5.110909580812760256e-01,2.020361052972628468e-01,5.495823521556997271e-01,5.486359648721440552e-01,5.433159993567322488e-01,5.477325511867531249e-01,5.054210778365744172e-01,4.674649892843384946e-01,5.420620852528459377e-01,5.247583106318584045e-01,5.321768442996048787e-01,4.461867733609060083e-01,5.275105390933922944e-01,4.586900217856939022e-01,4.380051048387000323e-01,4.476200885300948840e-01,4.463807236236753129e-01,4.306632487013986599e-01,2.987392961184673346e-01,4.703410312659215831e-01,3.088880025919450989e-01,5.178675652456115053e-01,1.807695012952587332e-01,3.341681013070289530e-01,4.335983580438607099e-01,5.054859271598024506e-01,3.765009746161765980e-01,4.659044259749102190e-01,5.400115251126195171e-01,1.367617129725281211e-01,3.272517973436883110e-01,4.110680610919948408e-01,3.849076192873797098e-01,5.449369551247861265e-01,5.256634600593346196e-01,5.436558335479866333e-01,5.489641295889348127e-01,5.069219877766562021e-01,4.761171602199167907e-01,5.323194495680895200e-01,4.731683653423698344e-01,4.710001951634740225e-01,5.010767263216449052e-01,4.190472617129971100e-01,3.450041867808819052e-01,3.561502748183251188e-01,5.438120436324264118e-01,1.093845100744912369e-01,1.603530173144495086e-01,2.700020104216853123e-01,1.577246644248773283e-02,2.498130722063389986e-01,4.181902865507298173e-01,2.615794857965617060e-01,4.334577744989104864e-01,4.770746785330073902e-01,4.812453940345954306e-01,3.757096896639464112e-01,4.780372532104927297e-01,3.116326162763075613e-01,1.942636848506889002e-01,3.121381863792373479e-01,4.403266967863803116e-01,5.512700087048123532e-01,1.667614077528931371e-01,1.678917568672776417e-01,7.850815883412784468e-02,2.004479444574186475e-01,5.415603970834421688e-01,4.725962883899573752e-01,4.493022984646005136e-01,4.226152316527831410e-01,5.442505185024903991e-01,3.409779858743015035e-01,5.491173177433297248e-01,4.993330040759076938e-01,5.510923005642019978e-01,5.401220808424477271e-01,5.489813875057004688e-01,5.446616106217450071e-01,5.485919762634491326e-01,5.499425824352819347e-01,4.753615016782175573e-01,5.491606631692631524e-01,4.936851057253721087e-01,5.499879051730269808e-01,4.980117815839156803e-01,5.473704061318548364e-01,5.495858148971941581e-01,5.483175680715236533e-01,5.272497474555923880e-01,2.757339020447874822e-01,5.419434706542474167e-01,5.488788023168775787e-01,5.019716201660350263e-01,5.436444662043482534e-01,5.304231388209859066e-01,5.494264402682346171e-01,5.092315784919673183e-01,4.507695656084888536e-01,5.473425846665334049e-01,4.608465682148823461e-01,5.418650995920968327e-01,5.425305388938914675e-01,2.346459437613535037e-01,1.764335315275102067e-01,1.264488889067758026e-01,1.987547282559344042e-01,2.164766546778287282e-01,7.232106812193141165e-02,1.532520990720340204e-01,1.243290195506817769e-01,1.285020503341273435e-01,1.513082813736365828e-01,1.788002156342346355e-02,2.443238632919152512e-02,1.908246738908254969e-01,1.323836404354743757e-01,3.143756640515861234e-01,2.087715677040713202e-01,2.493526993287588367e-01,2.700314878175265609e-01,1.750476842790137377e-01,2.850330196611581823e-01,1.589584431863491076e-01,5.030467678555284455e-02,2.326256492230973083e-01,1.484592262109001581e-01,1.266670707846822563e-01,9.298649496071657861e-02,1.960323630644660378e-02,1.633895428118753781e-02,2.248557785060160685e-01,8.403770235799512545e-02,1.622855091947573991e-01,2.379620617878236144e-01
4.614391208404682310e-01,4.507585642146691995e-01,4.688282213999404036e-01,4.746329636000494179e-01,4.747575421710468757e-01,4.788898822261837274e-01,4.817600430001653389e-01,4.746368064876429482e-01,2.099529547402452789e-01,4.684585748833890451e-01,4.708989885987361901e-01,4.765743821616130194e-01,3.228285649620906694e-01,2.522140231566911694e-01,3.990330489041759021e-01,3.207624442244522145e-01,2.083958744976779909e-01,2.787176916317749553e-01,3.753003465959543483e-01,2.548834354373867295e-01,2.821513330022042410e-01,4.565532287109179133e-01,1.859406659856560895e-01,3.734173986957232128e-01,3.775665226982004574e-01,3.698740018390163642e-01,4.271330242164884106e-01,3.115406357503278101e-01,3.299463908391810918e-01,4.624530081484202748e-01,4.563807122825510598e-01,4.790855726753504573e-01,4.741802759919208077e-01,4.738133561042870978e-01,4.617177158605311749e-01,3.434333061914106588e-01,2.127122048712706548e-01,4.030033675175950791e-01,4.093281443094468619e-01,3.753524460369435101e-01,2.294496415353203256e-01,2.065757998290078667e-01,3.176631202694701339e-01,4.627140261268959942e-01,3.048564380182634537e-01,0.000000000000000000e+00,4.125667851962862009e-01,4.748371499160683462e-01,3.988482141719973395e-01,4.792896729121726707e-01,2.982609991273469374e-01,2.697125034207348837e-01,4.416754162411743595e-02,9.790874684263783934e-02,1.064102031779537022e-01,1.520125657638720096e-01,4.762044172804835163e-01,4.682604816481679144e-01,4.637548067226588411e-01,4.670273839461008270e-01,4.682698650900137260e-01,4.726097085809635723e-01,4.458796575911558313e-01,3.752162918429192140e-01,4.580006039610762247e-01,4.712997638028723069e-01,3.600833368746041430e-01,4.832493697053023562e-01,4.828850573169030658e-01,4.840044541621231766e-01,4.835882024338574170e-01,4.843734272884019920e-01,4.830683321290755172e-01,4.817979704870997137e-01,4.843194707025451073e-01,4.822388601002429165e-01,4.728214093398370177e-01,4.833700036318771542e-01,4.814185560713891698e-01,4.794654451198033795e-01,4.830494657330369201e-01,4.786915806014109265e-01,3.289016652950061403e-01,3.756177359202709787e-01,4.634326476154406738e-01,4.714659632281864021e-01,4.777953756233482285e-01,4.799112428662956620e-01,4.791989052954643835e-01,4.754024244148998823e-01,3.876674715577124175e-01,4.537771950314687386e-01,4.107542941626316502e-01,4.554764635951610297e-01,4.521208299970142508e-01,4.841200448547496316e-01,4.799428471520556516e-01,2.165520799490760206e-01,4.613262809630794825e-01,4.664705518369973714e-01,4.707905761060942051e-01,4.688357209424546257e-01,4.797715000720330081e-01,4.578485709380594182e-01,4.831915079952693315e-01,4.810271804581361943e-01,4.715032941296534164e-01,4.679763027505258188e-01,4.691658958334279372e-01,4.582488999381796879e-01,4.676586806024006782e-01,4.767072119092482518e-01,4.207689466885825014e-01,3.856934955780235708e-01,2.590275683367087578e-01,4.225560931131792097e-01,3.103752320680379095e-01,4.075096350851850069e-01,1.676824608378713055e-01,3.265033870365676161e-01,3.797432247007043182e-01,3.558538140376800163e-01,2.834997004891910422e-01,4.018175636181954280e-01,4.498911843879925820e-01,1.345500908918118022e-01,3.145922807511563057e-01,3.447128262258886688e-01,3.694900224469618855e-01,4.386530284671733004e-01,4.577083234026506076e-01,4.683926061038575228e-01,4.837010845178083551e-01,4.809351280252892602e-01,4.454082478752490193e-01,4.758541120197324892e-01,4.512363435355457031e-01,4.350317234109996600e-01,4.585818274504682157e-01,3.995253734869784190e-01,3.872419987153278287e-01,3.514157482706551372e-01,4.549554494446628738e-01,1.206033917896957852e-01,1.974236126287907400e-01,3.411222713308514343e-01,2.901948308139563615e-01,2.433319688775059386e-01,4.580363895929129847e-01,1.712288061634845426e-01,4.659527851125986331e-01,4.849571946102046449e-01,4.839420419830220421e-01,3.986864579054333890e-01,4.770193104360554437e-01,4.604046844981564690e-01,1.973145734959862174e-01,3.541223574285658482e-01,4.436141383343394362e-01,4.846048965230671524e-01,1.605512621604254508e-01,1.637768692423470229e-01,7.856906122524712210e-02,2.016220350993665200e-01,4.767485959559976116e-01,4.444471780228395064e-01,4.556768000510153516e-01,3.888536064440520357e-01,4.734158811516558374e-01,4.599532640505889503e-01,4.784842828784515723e-01,4.767875730394108280e-01,4.820839828228403179e-01,4.838211688826277168e-01,4.826841158930594844e-01,4.788663912500386033e-01,4.842890325964036013e-01,4.829081081134549147e-01,4.493189474585267962e-01,4.837413538570106697e-01,4.810936936645022755e-01,4.818070688977800220e-01,4.845302780478301652e-01,4.846532232836046061e-01,4.843158637860632276e-01,4.787010034797266611e-01,4.818965447337473229e-01,3.495531020492484986e-01,4.831582022039161983e-01,4.779202338512765214e-01,4.749920102556421941e-01,4.823528507123965303e-01,4.713286498871597230e-01,4.845119322046794186e-01,4.779770808014924266e-01,4.624197666932295392e-01,4.507144668912883567e-01,4.506899698935951104e-01,4.717339592415277783e-01,4.570222530741566702e-01,2.363776502778968669e-01,1.827216171681926016e-01,1.204390945480926095e-01,1.913231894639247921e-01,2.186138996976018933e-01,6.787261410652303817e-02,1.620427757073649444e-01,1.252490015540242141e-01,1.367731871009937039e-01,1.741735608478283959e-01,1.524978542946578072e-02,2.267319866085864416e-02,1.915392757633360699e-01,1.046306576137595729e-01,3.416433477224285475e-01,2.093371558171896185e-01,2.510087102938335368e-01,2.763142714817476975e-01,1.755421735861408261e-01,2.921196196262658695e-01,1.594176421650803366e-01,6.106224907447550809e-02,2.494776539850692698e-01,1.602778759921913432e-01,1.325438326910854114e-01,1.055079038943674552e-01,1.674657756375444798e-02,1.916008926441446769e-02,2.399330273954324300e-01,5.732664212339947524e-02,1.693826048448912880e-01,2.401284195090561957e-01
5.830804060657206467e-01,5.825636705498704604e-01,5.596667421773563467e-01,5.809708139123789250e-01,5.584831152806148946e-01,5.834392648024300243e-01,5.787279051406080121e-01,5.712834462326282781e-01,2.101880333436094428e-01,5.763818996454342924e-01,4.870057899528431045e-01,5.671212299671548607e-01,3.663249523018582976e-01,3.110339539053420532e-01,4.830621138545100335e-01,4.185861171626977240e-01,3.019861636588330178e-01,3.836365325291682948e-01,5.780418638496572781e-01,4.169064007592134247e-01,2.351305222703962416e-01,5.583112701890702301e-01,2.235274735300908644e-01,4.015554325641826905e-01,3.889237104079847906e-01,4.752296299030379645e-01,5.834460562860697141e-01,4.246912344842095899e-01,3.409532096079954666e-01,5.739108182627122856e-01,5.542181848795137977e-01,5.746895456027975024e-01,4.869662200966068943e-01,5.825597156719288794e-01,4.911656202916964697e-01,3.663491203198863122e-01,2.263368972373438204e-01,3.685397471200548281e-01,3.863181973438160055e-01,2.615981321510226221e-01,1.122724489390765495e-01,1.842050214385662354e-01,1.937014998181933179e-01,4.804959394655743399e-01,3.369331446027783450e-01,4.125667851962862009e-01,0.000000000000000000e+00,5.561413135967442356e-01,3.453945534230807857e-01,4.854286384228380102e-01,2.853210175796864756e-01,2.719454389286029561e-01,4.269325455119160617e-02,9.980057717487875180e-02,1.080384114836775988e-01,1.597691866574383612e-01,5.827536343110404360e-01,5.728343971834058967e-01,5.149618350554068247e-01,5.414749969291801079e-01,4.243350136196866185e-01,4.718124665298091824e-01,5.820155127057392574e-01,3.701309445162268563e-01,5.513759326072665834e-01,4.407638244233069158e-01,3.603449450035810520e-01,5.709878298376535044e-01,5.797730955394024832e-01,5.206089826517048547e-01,5.780302047562040357e-01,5.430148107064285412e-01,5.634994724092883267e-01,5.497741605595679593e-01,5.662991022936300078e-01,5.729209724744016574e-01,5.680633339222312950e-01,5.794811108826868340e-01,5.736529903867030322e-01,4.988521994889168476e-01,5.759763315432462338e-01,5.767230590852816530e-01,3.327918323112100119e-01,3.679184358045615721e-01,5.374151410526742945e-01,5.673311487812098264e-01,5.822632232869285884e-01,5.766468749929944959e-01,5.704573249442070892e-01,5.067851966823493370e-01,4.626380146367982671e-01,4.493293480410111562e-01,3.225956167027463906e-01,4.805731913641489994e-01,4.902946402688478922e-01,5.813123113318554580e-01,5.773790326301333486e-01,2.162407553629468460e-01,5.740769397091707305e-01,5.639295480449191267e-01,5.831809285650774166e-01,5.786639545200478185e-01,5.074588609361877500e-01,4.632078821455728468e-01,5.760245149853107094e-01,5.259366790631299082e-01,5.448591995094327345e-01,4.741364972786285548e-01,5.749103236208038537e-01,4.961797649810275601e-01,4.826016818438940148e-01,4.697107637567606853e-01,4.884812310050162254e-01,4.674600676996320536e-01,4.035199578384691121e-01,5.079558290931910358e-01,3.085621589158794031e-01,5.585701129721653002e-01,2.097324946737534612e-01,3.952299914504934786e-01,5.495495379801954572e-01,5.805338767268674038e-01,4.455675641604990855e-01,5.386862569190823402e-01,5.684281063598424222e-01,1.877492667414363270e-01,3.440268502667993000e-01,5.242853670168011737e-01,4.464852348887123346e-01,5.823026665284664061e-01,5.662789734182274159e-01,5.785186084336395584e-01,5.820942852529501499e-01,5.306307475801704809e-01,4.745878543753598855e-01,5.537449773228152461e-01,4.963991341281392966e-01,4.920970839083279036e-01,5.473549277862848061e-01,4.697722624470805353e-01,3.566177327592741642e-01,3.692721807480531804e-01,5.820747546595572697e-01,1.036890107384818016e-01,1.785791681327733860e-01,2.991240700459844581e-01,3.549439817402779140e-01,2.779697838267758958e-01,4.706068550438380904e-01,3.396509455978832803e-01,2.640848889515189923e-01,4.241543051215845850e-01,5.302184561999344625e-01,3.779531684226655752e-01,4.742027003622371617e-01,4.249871530591656787e-01,1.983207829646619347e-01,3.058362796356262625e-01,4.402878403344344660e-01,5.714906829905356256e-01,1.670621207901225591e-01,1.702418292474394412e-01,8.027508024575019663e-02,2.120592528948200550e-01,5.749202068065820681e-01,4.626133910694044116e-01,3.864297384578480044e-01,3.149555244788921349e-01,5.707560526800243839e-01,4.388622960024807784e-01,5.687227082519515919e-01,5.031698875814519800e-01,5.800694831625312631e-01,5.370862032307824885e-01,5.763130303010455258e-01,5.770720101779672762e-01,5.799733815029877171e-01,5.777061325676162706e-01,5.045552090285293501e-01,5.816932331295021630e-01,5.570047282695018698e-01,5.624067381094459694e-01,5.767817914797047640e-01,5.682989008120102881e-01,5.722772273075472649e-01,5.596539163858202937e-01,5.783888367954340692e-01,3.168156191233073016e-01,5.823210037796830996e-01,5.817740031076458207e-01,5.023988178219985778e-01,5.513744176220580773e-01,5.668254889591402002e-01,5.705449682810307399e-01,5.656902914047204911e-01,4.567250592333514381e-01,5.839661971710075061e-01,4.585945470568263405e-01,5.782328317677216667e-01,5.651628501827420381e-01,2.356343129817265736e-01,1.812687613112550500e-01,1.276736152205045216e-01,2.013488912136480180e-01,2.281402717341183550e-01,8.700671951699055773e-02,1.876895116522770968e-01,1.392250426124817808e-01,1.369965205337928815e-01,1.652048797358837140e-01,1.807465447477337936e-02,2.546397398852634497e-02,2.177545060534484822e-01,1.697953221327740680e-01,3.438283825177802511e-01,2.267978712006602504e-01,2.502425656298271073e-01,2.764133089189179104e-01,1.808615569059662809e-01,3.053922874365125884e-01,1.773105973359093424e-01,6.946980734355778786e-02,2.644907872088985701e-01,1.833055104939279034e-01,1.312711800403130458e-01,9.902920326660320793e-02,1.939405652167956046e-02,1.828570956695392546e-02,2.593710518937598630e-01,9.948708539460386635e-02,1.664251811740432851e-01,2.446337562283707467e-01
6.133638060826437366e-01,6.013718360227680026e-01,5.581331132667107786e-01,6.260359225370901726e-01,6.115995008985292136e-01,6.175152823987921646e-01,5.737480817208960859e-01,5.914195793999623696e-01,1.803573415738211616e-01,6.083961764087534307e-01,4.591985296210265854e-01,5.767245820214457197e-01,2.988573053948949121e-01,3.071089268279729723e-01,4.306697121973763198e-01,3.833575796975949856e-01,3.646246573815221659e-01,4.421542486947951933e-01,5.741378312319097565e-01,4.025347842801920706e-01,3.364880315180397430e-01,6.205292525231568268e-01,2.636866707515895247e-01,5.007701389526162394e-01,4.198602871728429053e-01,5.255837463579825508e-01,6.071707103545398443e-01,4.098283013608816638e-01,3.404968692481860071e-01,6.178495591574053591e-01,6.145075951130494207e-01,6.079974140416474215e-01,5.813358903559159296e-01,5.728636883965269044e-01,5.703628378729785897e-01,3.848774159619093305e-01,2.724700143297803523e-01,4.716434801643921704e-01,4.254284492595561407e-01,5.801884031744106718e-01,2.589270501775178812e-01,3.076092984418102305e-01,4.795207413995591916e-01,3.940773429933232541e-01,4.780975519316068012e-01,4.748371499160684572e-01,5.561413135967442356e-01,0.000000000000000000e+00,3.670578591448290240e-01,4.513757393104556592e-01,1.916086281607727593e-01,2.059907661574469639e-01,3.702932270782486462e-02,5.863686699892690923e-02,1.024258812906029270e-01,1.578644738516123136e-01,6.084898120197448357e-01,5.979215633392528373e-01,5.821760855820832248e-01,5.625721388459014038e-01,4.210234607467818746e-01,5.162706592700312402e-01,6.196535449031822518e-01,3.981162321880220567e-01,5.440566049937973769e-01,3.521157961228848499e-01,3.202908056388331093e-01,4.474092244061644297e-01,4.974201144401571018e-01,4.259711211468267256e-01,3.958873459544195450e-01,5.394078537034578957e-01,3.316941449929706187e-01,4.380251241805412366e-01,5.338427602783054615e-01,4.780834266160601809e-01,5.482925934446793992e-01,4.457888408945364089e-01,4.510661643896107798e-01,3.838781248507920352e-01,4.877885799866645278e-01,4.418079925010192088e-01,2.978607665142961602e-01,2.925710761166978591e-01,5.429536662581445627e-01,6.139114815149996351e-01,5.006926406807654661e-01,4.259430001130846133e-01,5.644213791462903140e-01,4.418486830396461396e-01,4.290746029549422635e-01,3.749860728824729872e-01,2.502010521408217225e-01,4.545054548643246983e-01,4.715670688819553757e-01,4.947228597745297329e-01,5.237343846801295610e-01,1.771369269278877390e-01,6.232556123606197707e-01,6.052330851972383963e-01,6.232190381263703616e-01,6.222640900681332132e-01,5.037846341591961652e-01,4.661334258364077110e-01,6.197083744108959902e-01,5.257584505556808230e-01,5.487425517963271382e-01,4.517288459739404183e-01,6.105670736043726787e-01,4.926032258294488764e-01,4.447007943148362230e-01,4.509924362444084345e-01,5.202975395698304917e-01,4.486919604195573341e-01,4.088842899670347419e-01,4.571242529404525579e-01,3.620754797163021621e-01,5.185927597211190676e-01,2.218361377166660486e-01,4.634292948386414257e-01,5.290075481979487071e-01,5.658565320856867586e-01,4.071734266002332014e-01,5.682003080822486396e-01,6.171110591553882196e-01,2.060746242931260630e-01,3.754568142653569307e-01,5.918166339595605230e-01,4.825407902900483159e-01,6.187415340176315448e-01,5.903603108310344627e-01,6.067607106269808925e-01,6.238286920716461514e-01,5.715885473840620623e-01,5.782259650636147885e-01,6.072975052411236918e-01,6.201619564850612276e-01,5.363158784144017588e-01,4.524289619612947844e-01,5.712246628696957540e-01,5.048927695233036417e-01,6.233052394574900568e-01,5.856220357553822975e-01,1.443379971307769960e-01,2.717535473215448860e-01,4.744766364139513248e-01,5.257855822878099161e-01,2.399073758263125800e-01,4.813982898433432633e-01,4.224064778089120509e-01,5.715002685696752849e-01,5.371907945292753173e-01,3.563979035186420341e-01,3.270062498486228098e-01,4.869173010086402797e-01,4.964693160231706814e-01,1.484262953915429228e-01,2.694930652070045562e-01,3.618605926647058824e-01,5.288879376521969933e-01,1.691046999060125400e-01,1.338373108330828398e-01,7.343035823262705764e-02,1.935005694611108829e-01,6.126382424230221169e-01,6.182788586985125123e-01,5.744728581756524122e-01,5.974737655905721923e-01,6.133379964751809466e-01,2.997364054037151004e-01,5.537769951226026999e-01,4.482654184299769140e-01,5.710376895702435895e-01,5.960828147190261328e-01,5.578283757009518951e-01,5.807363065087187692e-01,5.290785850644776911e-01,5.766584658235470728e-01,4.826192091924764727e-01,5.097332175577288238e-01,5.680908689295829372e-01,5.234812958887256062e-01,5.013744050311482736e-01,5.047910299363282949e-01,5.423534953682498383e-01,5.657780063028954309e-01,4.561336992869136076e-01,2.368730091456545395e-01,4.266531822952246977e-01,5.866931997094136930e-01,4.787700987081480175e-01,5.748502840555170801e-01,5.440523388862689158e-01,5.902523774904658849e-01,5.669813722849034177e-01,4.463777961517995108e-01,6.183712546685437017e-01,4.321168666327271923e-01,5.865952916412817686e-01,6.021108170205839993e-01,2.157571444816855921e-01,1.637093014586565587e-01,1.256807871461539938e-01,2.006597148569670142e-01,2.146280290749865982e-01,9.014316576982801810e-02,1.906357722419840528e-01,1.288103062299915669e-01,1.257662807223791368e-01,1.504344373513536726e-01,1.883847124469894413e-02,3.018804501209929742e-02,2.568406715745278346e-01,2.027387388140157176e-01,3.141183418017747808e-01,2.068220808877713202e-01,2.191287745380925134e-01,2.459690608669184431e-01,1.651630099481068703e-01,2.691972318985916268e-01,1.505012049672749264e-01,7.674286354944238886e-02,2.554304921495370029e-01,1.666167788080314682e-01,9.522010072052657093e-02,7.480690865630140740e-02,2.106359685849776980e-02,1.824498255097695490e-02,2.671053082223801001e-01,1.124649642647258807e-01,1.410574087602985693e-01,2.127568858987875511e-01
4.061430577787284446e-01,4.055014834952316294e-01,4.058944520591925009e-01,4.033884337207906956e-01,4.063223628374085794e-01,4.054690947813081592e-01,4.017157269566504207e-01,4.008786991069515637e-01,1.908873955078596585e-01,3.973275578975736244e-01,3.718217397822959347e-01,3.925093199592792903e-01,3.879045151892515086e-01,3.310911555843553677e-01,3.957578663790011775e-01,4.007777434933871841e-01,3.820199869743198806e-01,3.930914565794675353e-01,4.049233306435982560e-01,3.975696435705229348e-01,3.143168862699020627e-01,4.043607885306929606e-01,2.585891705190159207e-01,3.824726241769157431e-01,4.059630083037348847e-01,3.992529652832055853e-01,4.053586127287863716e-01,4.045988434309598647e-01,3.535357885721175375e-01,4.063540521939534300e-01,4.003309807366961515e-01,3.834283375339228028e-01,3.779859802922482803e-01,4.059625679571330914e-01,3.864405677590659893e-01,4.024676029063611882e-01,2.852002684665876919e-01,3.902688762793952715e-01,3.732317522863574655e-01,3.787667002195005961e-01,2.035166741438300952e-01,2.627158382284107141e-01,3.195609251236207760e-01,3.609523887088608163e-01,3.506124607577919550e-01,3.988482141719975060e-01,3.453945534230807857e-01,3.670578591448290795e-01,0.000000000000000000e+00,2.562684400943500695e-01,2.531036825763911535e-01,2.727413366562698172e-01,4.244875975503524523e-02,9.957511516961950471e-02,1.067861599650877930e-01,1.602216868506996239e-01,4.055209016184602167e-01,3.378351970253625769e-01,3.430179068645597407e-01,3.797098790440162630e-01,3.540059046477539995e-01,2.810837750877149266e-01,4.061749576053225175e-01,3.729709434259708689e-01,3.907680057484068104e-01,3.693640347118535838e-01,3.347077221514664913e-01,2.894710710537058418e-01,3.816688427076496692e-01,3.769953823361992251e-01,2.951356620956011034e-01,2.876859294255356692e-01,3.877682694258673957e-01,3.779114472064119545e-01,3.974760700934473201e-01,4.053099509758831265e-01,4.069793895737077727e-01,3.851404267762709721e-01,4.059460636105848286e-01,3.814082750359882867e-01,3.994349595439734002e-01,3.207597874601055277e-01,3.307960210078964014e-01,3.750904995506925133e-01,3.830585740403630313e-01,3.966069892750810344e-01,4.022103008575719230e-01,3.868886873159204653e-01,4.052651149498458505e-01,7.693968025766391439e-02,3.996214892194223656e-01,3.650149460245639133e-01,2.553053279397241027e-01,3.510764965930575077e-01,3.454072596779448334e-01,3.917819468085533829e-01,3.680385460138151932e-01,2.037540824222754954e-01,3.846203540005752597e-01,3.946430242214697959e-01,4.055438942395797608e-01,3.971686265751855904e-01,3.887376211185865071e-01,3.951062461532380277e-01,4.058829323229717345e-01,3.965563977536283313e-01,4.032464021142866950e-01,3.854475559873507540e-01,4.037979786805646620e-01,3.767425060158687833e-01,3.808804862271469860e-01,3.949615445539830239e-01,3.880130184295311202e-01,4.005655186277328750e-01,3.915690975884210667e-01,4.015409712012427135e-01,3.824122219728453564e-01,3.990836616920309665e-01,2.370811462099812195e-01,3.877338419928108570e-01,3.936227696613588400e-01,4.031068619624323945e-01,3.962268383320555198e-01,3.991579266203351128e-01,4.058209384559494093e-01,2.009618810348890727e-01,3.826466409573665017e-01,3.971026282779036021e-01,3.998414879930942689e-01,4.049544704085852875e-01,4.059689729675387548e-01,3.991169114883343916e-01,4.036995854325992616e-01,3.636915676437447731e-01,4.000969129175468431e-01,4.056623899767917707e-01,3.842993246991986966e-01,3.942761424258996450e-01,4.014108496787037739e-01,4.004237827820467666e-01,3.883912523095168767e-01,4.000516588844337806e-01,4.056736453347889459e-01,1.299464275063830776e-01,2.501176068045554146e-01,3.088504630818467711e-01,3.515374030560340368e-01,2.970198317425337686e-01,3.688808245192105040e-01,4.014790486095112798e-01,3.342621291354164192e-01,2.838537839304514643e-01,3.485226758563174654e-01,3.141798699601866529e-01,1.896814723002483716e-01,2.262959227631536618e-01,1.996486983725844766e-01,3.094321940890492062e-01,3.980625351868603001e-01,4.055154836627308801e-01,1.688611359417401814e-01,1.685573031829895319e-01,8.092867122545296943e-02,2.142117299993992197e-01,3.949381509623225428e-01,3.704117936471856831e-01,3.580173769270191819e-01,3.661651893806856517e-01,3.871418333814446999e-01,3.489544598601964087e-01,3.979426248456621740e-01,4.020358001878130416e-01,3.683565409010390868e-01,3.280431522744432504e-01,3.303606847714270489e-01,3.621890766962856389e-01,3.669559582569902889e-01,3.922717767988917470e-01,2.699995053347137852e-01,3.961608453803946439e-01,3.333352366840195979e-01,4.023012046417850929e-01,3.707124086994555978e-01,3.984326067100691371e-01,4.032931861310503074e-01,4.059169808465416529e-01,3.315052342968447530e-01,2.761747362292957253e-01,3.849975853357140432e-01,4.048821173098915982e-01,3.981011529168383967e-01,4.000996042889130577e-01,3.768979712854265141e-01,4.043505837852831575e-01,3.823562058441389300e-01,3.995514926732588457e-01,3.961132133416702117e-01,4.071975444955049928e-01,4.034734043123568981e-01,4.055389004522161889e-01,2.340154837198623050e-01,1.763106453213233726e-01,1.309852617191571422e-01,1.999474957131517905e-01,2.294945799067906189e-01,9.106713635193978973e-02,1.939939901845283698e-01,1.454713704035333344e-01,1.327020775905508598e-01,1.516728824460517322e-01,1.870533466122046434e-02,2.603445365345621876e-02,2.368453358656984198e-01,1.902261210479546105e-01,3.039307887716510836e-01,2.066909729207046242e-01,2.490756062053743058e-01,2.648123184555921661e-01,1.862907375822872025e-01,2.965841241198557965e-01,1.804183778764609503e-01,7.519019106901682348e-02,2.551475554436465343e-01,1.865016773612145629e-01,1.211515993228201721e-01,9.163559805921980828e-02,2.109016187627980182e-02,1.640363317227130566e-02,2.668433473964606506e-01,1.054083192714625056e-01,1.466850833571389234e-01,2.318827980739035510e-01
6.838541376810408634e-01,6.615059196912477235e-01,5.599730655294093973e-01,6.326258229468476602e-01,6.812883541068651683e-01,6.922882265281158354e-01,5.750044517285380907e-01,5.869768007253632902e-01,1.745165105880567558e-01,6.463505909147891915e-01,4.463684751796446193e-01,5.606785435982891697e-01,3.207245132235556628e-01,3.182906771047421257e-01,4.590190785334258283e-01,4.097984880496791105e-01,3.702153897690080298e-01,4.614942351579188751e-01,6.593565181182630131e-01,4.142109879565467057e-01,3.187667898097473751e-01,6.476146221975492834e-01,2.477867411643595585e-01,4.759574495916371051e-01,4.256956094751710440e-01,5.276311349265282447e-01,6.156498892414674629e-01,4.299860936807844980e-01,3.495081416894793569e-01,6.912580614447931815e-01,6.859724049775931531e-01,6.475401314801472186e-01,5.774111380802106064e-01,5.849698379912962043e-01,5.588631525453481297e-01,3.937181694314226266e-01,2.785389141886268627e-01,4.960213750364892427e-01,4.518253313626488521e-01,5.373635281766796501e-01,1.854855486615877014e-01,2.802328298219428082e-01,4.198275036368260826e-01,4.383591300249790046e-01,3.533481024891059197e-01,4.792896729121727262e-01,4.854286384228380102e-01,4.513757393104557147e-01,2.562684400943500695e-01,0.000000000000000000e+00,2.085311336074323618e-01,2.680539617443249978e-01,4.062310371096369138e-02,9.090650855053640511e-02,1.074096105507227616e-01,1.593137546007361571e-01,6.714623920029197945e-01,6.780475954122656690e-01,6.222921190334920194e-01,5.626126780857672038e-01,4.614850264650465772e-01,4.999985336448246609e-01,6.504550692608357387e-01,3.982084755954858335e-01,5.462561315317446820e-01,1.467206864128282606e-01,3.442963029169771039e-01,6.033648163392471009e-01,5.940935394186025453e-01,5.111479245373967695e-01,5.126532936285586040e-01,5.069375938551539118e-01,6.215994019589541342e-01,3.616994752609188346e-01,6.912876242327881116e-01,6.536483789437077530e-01,6.727114627135911684e-01,4.827083793135324985e-01,6.760095606954251712e-01,3.529389826700948807e-01,5.797189607673930434e-01,2.693592318566928601e-01,3.331672396263570812e-01,3.778725794365268564e-01,4.959564877491640100e-01,6.495686202781655316e-01,6.187892859897617948e-01,5.850428521614841060e-01,6.197580586077995335e-01,3.278627958485044180e-01,4.624685983059561578e-01,3.721568753987996581e-01,1.770341051992358472e-01,4.757510240959010317e-01,4.969390488078594958e-01,6.824999855497861923e-01,5.612477220737990269e-01,1.891541521279562488e-01,6.291371584895902869e-01,6.260074111941872355e-01,6.886063184270112547e-01,6.895702232065755721e-01,5.000790346326601243e-01,4.616788862362308232e-01,6.380704042966875988e-01,5.249162202810900846e-01,5.501916686084714625e-01,4.413870677991236779e-01,6.099847168025993582e-01,4.850832119126902153e-01,4.387768609388901231e-01,4.354168417493023968e-01,5.150154034535546765e-01,4.509481687308249942e-01,4.240885959428247753e-01,4.846920179176250620e-01,3.531124280756591793e-01,5.427869171834123208e-01,2.219144022559675911e-01,4.783721836803996874e-01,5.672279530906375600e-01,6.036283531660973090e-01,4.349718171782967491e-01,5.747925593139330269e-01,6.245369383066212698e-01,1.960327678712756871e-01,3.802743257408829347e-01,5.868146377222409615e-01,4.793931275116954382e-01,6.195035460748888889e-01,6.068983781589213367e-01,6.908792457284548272e-01,6.919251788720767182e-01,5.533901491072216183e-01,5.673469164673722309e-01,6.791144993840708688e-01,6.626017796715590880e-01,5.273123449456459388e-01,6.716245604179823525e-01,5.763051792297361198e-01,4.959029957081647622e-01,6.296551950281255028e-01,5.955400856614464500e-01,1.151574996158437753e-01,2.372356714766986618e-01,3.892157444589900428e-01,4.397240613024055444e-01,2.614742668558392436e-01,4.571006375437135505e-01,4.217989478130743097e-01,5.477983704803343068e-01,4.836222244999908160e-01,4.713129367400625824e-01,2.566517683491260637e-01,4.565468699374634065e-01,4.819731050140493162e-02,1.961860639456686761e-01,2.113382637957229859e-01,3.957675594330964386e-01,6.597481271975511596e-01,1.706018478246778547e-01,1.693511530463245873e-01,7.834809033702568037e-02,2.098685530975648306e-01,6.831841431315500701e-01,6.500353991291545341e-01,6.244221007007584312e-01,5.780361437787064904e-01,6.390732232926601419e-01,2.075565191070301019e-01,5.734174153401417895e-01,5.001521654600852296e-01,6.740723849104122145e-01,6.415046243753725896e-01,6.727523614405479524e-01,6.780492405707414516e-01,5.635035278191805608e-01,6.905835463756430093e-01,4.759978137009956423e-01,6.832492864776421593e-01,5.060969469514985386e-01,6.865884440153647850e-01,4.105435711592067549e-01,6.765712957328865462e-01,6.918007399574807037e-01,6.906869852651400521e-01,3.442364681956586736e-01,6.337010034539930503e-02,5.998209832108989392e-01,6.836410070892490198e-01,4.985429553117084467e-01,6.746337450086727916e-01,6.147833196288158275e-01,6.762681013752287473e-01,5.865111438013810297e-01,4.472480929444442310e-01,6.217392885970447480e-01,4.622817744658448968e-01,6.921923044303526229e-01,6.693806235952366457e-01,2.248510410400506310e-01,1.480891891006951566e-01,1.276234517245781741e-01,1.998095085818814565e-01,2.215348551911333064e-01,9.413867442176969413e-02,1.926498587002752338e-01,1.434504597588791008e-01,1.230883172016533356e-01,1.173204644658810969e-01,1.890777019757554356e-02,2.881038326539682448e-02,2.324203175145393985e-01,1.948287236126844402e-01,3.148130465800284550e-01,2.308925516597423178e-01,2.346032082585107481e-01,2.379439237813161800e-01,1.739035595490761865e-01,2.686347635488718355e-01,1.723370236166224811e-01,7.583140170916793932e-02,2.681459330729515367e-01,1.873275836793315274e-01,1.030834389904280307e-01,8.041880085958794111e-02,2.086057074301854442e-02,1.627455766371792983e-02,2.638350232177409382e-01,1.140959553451095509e-01,1.513927410926289852e-01,2.488923743744479999e-01
2.863377644576181047e-01,2.796819271668213869e-01,2.952919083777209019e-01,2.930980891860028303e-01,2.870280146381183339e-01,2.878160208070564274e-01,2.875744433939022016e-01,2.895888711310191654e-01,1.876951261293484663e-01,2.945177014397273862e-01,2.808471331063373544e-01,2.758712634973003452e-01,2.569951483380022439e-01,2.875708484995890823e-01,2.702720700261263542e-01,2.714598054949516337e-01,2.909456746224268198e-01,2.924090476755643042e-01,2.800288312345546315e-01,2.891072112450742138e-01,2.928734369979213992e-01,2.977344078628897384e-01,2.738808098032349814e-01,2.978777742038428711e-01,2.957350320671296440e-01,2.942468770536038614e-01,2.977071514768938609e-01,2.894588759287127222e-01,2.807156627374680080e-01,2.875334496554111108e-01,2.937465577929094240e-01,2.607019393756628833e-01,2.692132491633460467e-01,2.850635712606838235e-01,2.827402235766964256e-01,2.852476262446660971e-01,2.787873592509316767e-01,2.856584044669490674e-01,2.737204961727655039e-01,2.964503149522206837e-01,2.622812275757572809e-01,2.966711901966107012e-01,2.937327134305542931e-01,2.477604833741022528e-01,2.764803948859492766e-01,2.982609991273469374e-01,2.853210175796865311e-01,1.916086281607727593e-01,2.531036825763910980e-01,2.085311336074323063e-01,0.000000000000000000e+00,1.857653319613530585e-01,3.123540166106660715e-02,5.658105102238113887e-02,9.483214762461013303e-02,1.585949263949502364e-01,2.826464194543512609e-01,2.332678448311972796e-01,2.326645201062695067e-01,2.659454484843774003e-01,2.601444891704078888e-01,2.112787405593485879e-01,2.991578253718893410e-01,2.842458082519565554e-01,2.834584343015575381e-01,2.032171438084205972e-01,2.021422648742704220e-01,1.602598506405692735e-01,2.244270424734456926e-01,1.915559525350847836e-01,2.158212880066741612e-01,2.555842326405175502e-01,2.358155598761211835e-01,2.325293233394256642e-01,2.562460708220843375e-01,2.578976404201049899e-01,2.856518101751211458e-01,1.904409397615577371e-01,2.673722477941565256e-01,2.105676143106146592e-01,1.588569743063498185e-01,1.875054228662644262e-01,2.771497359638191993e-01,2.436556151016061600e-01,2.906437398187236010e-01,2.972082384898664942e-01,2.719159036401742613e-01,2.020263115470423698e-01,2.700670345777650416e-01,1.758430253349932693e-01,2.875647388780905866e-01,2.305991546007831738e-01,1.589565468190299868e-01,2.640052110216359882e-01,2.748188920164599258e-01,2.496142053197638044e-01,2.683674351175466821e-01,1.832236699399092394e-01,2.955975994247947436e-01,2.982725295451024716e-01,2.943231854584403284e-01,2.932395208427652777e-01,2.945735240547484590e-01,2.972371884303166567e-01,2.882121906194333172e-01,2.978902514160040593e-01,2.971957650175217069e-01,2.843146238475203202e-01,2.975239158427871455e-01,2.901543718280170658e-01,2.744113595727438737e-01,2.685620329255161143e-01,2.821063646837952965e-01,2.849733534341863939e-01,2.870242595693636711e-01,2.676213967724360154e-01,2.847052659978314137e-01,2.710696446420213790e-01,2.304161973221897086e-01,2.868928529511413084e-01,2.677944698201364382e-01,2.848223580052378079e-01,2.850083079007439957e-01,2.938266306062497502e-01,2.959980168900933628e-01,2.120298656027137241e-01,2.923607896462218081e-01,2.977552230588401683e-01,2.981942748917694175e-01,2.985548607900154749e-01,2.721706917652094715e-01,2.961918818917679275e-01,2.907671022379041958e-01,2.474851609076212933e-01,2.856118992188267369e-01,2.783812793741463620e-01,2.936148246163297060e-01,2.884820558906583954e-01,2.687909703072597911e-01,2.924226745077540546e-01,2.924432345497260388e-01,2.977440929535066227e-01,2.940106167089594491e-01,1.410824741968300655e-01,2.816098677953831619e-01,2.931945446709749992e-01,2.848826194893402386e-01,2.671486312571387800e-01,2.620892089964848570e-01,2.979201284325839749e-01,2.736380494665355267e-01,2.565388612302864635e-01,2.419773088275253003e-01,2.570188965355889588e-01,2.769162643577993688e-01,2.536135988766574090e-01,1.384602724437488941e-01,1.912434987113506846e-01,2.246884459586297456e-01,2.429239553204797786e-01,1.687465350098367733e-01,1.256668320592881083e-01,6.354206595409651881e-02,1.895649770777093901e-01,2.704362967802599327e-01,2.849357543199129150e-01,2.851647805309135419e-01,2.942672979959941038e-01,2.870369798438722753e-01,1.837410640663806327e-01,2.857637218366580467e-01,2.554825464265311208e-01,2.356469239483931222e-01,2.376996936828627283e-01,2.514856906122939773e-01,2.539102519225607812e-01,2.213988784809233779e-01,2.731335261189031804e-01,2.457426453482261242e-01,2.698821261289621742e-01,2.647036578554022856e-01,2.829426378969822076e-01,2.294692487855180540e-01,2.687413054619434138e-01,2.670657406023888014e-01,2.750439726536691443e-01,2.122149893800797937e-01,2.354236266084340778e-01,2.265128631783036306e-01,2.918815647395263668e-01,2.944168862464198178e-01,2.853229095486889966e-01,2.655913822193718410e-01,2.922367715057473392e-01,2.897071776159193535e-01,2.913095567338819802e-01,2.981469548216831300e-01,2.959002159897205497e-01,2.958161228299616141e-01,2.910722947884796241e-01,2.098292075807698942e-01,1.672886583722076603e-01,1.228964169141964907e-01,1.848061083679475580e-01,2.147232872513139823e-01,9.328572302563303831e-02,2.084460835163864656e-01,1.463686039603429856e-01,1.239645871992136467e-01,1.574454790936770376e-01,1.806369295187590721e-02,3.122921354840465721e-02,2.656006720170533963e-01,2.085546502795601331e-01,2.690693602208320545e-01,2.141257906649777776e-01,1.994320025710617783e-01,2.498735961569954200e-01,1.478777716645703066e-01,2.210199861408621846e-01,1.565600191621950577e-01,7.950846681419006245e-02,2.750331115064063581e-01,1.896445557556027950e-01,8.175899920658177833e-02,6.602856173373297666e-02,2.048901713685546619e-02,2.052112274800863001e-02,2.737895442067373453e-01,1.180185962200947097e-01,1.418300381167263702e-01,2.395331543729802282e-01
2.290812570010658245e-01,2.368304090568831843e-01,2.632839067239198805e-01,2.529090084508673342e-01,2.507370198000498651e-01,2.410060866696814574e-01,2.498839418734644935e-01,2.621117370787363066e-01,1.786220107680251412e-01,2.596402863076859857e-01,2.559142025046411972e-01,2.499901728176717741e-01,2.447008621509158821e-01,2.414014574294681970e-01,2.298649082917039732e-01,2.309629835359557348e-01,2.587684014382108932e-01,2.625945374115546405e-01,2.450887905094450425e-01,2.497958572958733636e-01,2.715888063635628624e-01,2.699530563753921864e-01,2.677922590291486049e-01,2.724935477581673648e-01,2.648566871764249653e-01,2.642590349179441134e-01,2.476259004493932270e-01,2.370802105989408548e-01,2.389011171042597081e-01,2.323964870408725125e-01,2.302265589497944354e-01,2.450915912131509389e-01,2.639625319333837594e-01,2.461410201615581439e-01,2.705418488511209807e-01,2.573411005434469434e-01,2.614954196148540078e-01,2.662558262228498229e-01,2.479825328472594348e-01,2.727236812644533992e-01,2.712950302548473025e-01,2.728974338405463773e-01,2.728280475298209828e-01,2.387690969457851031e-01,2.681388995040556167e-01,2.697125034207348837e-01,2.719454389286029561e-01,2.059907661574468252e-01,2.727413366562698172e-01,2.680539617443249423e-01,1.857653319613530585e-01,0.000000000000000000e+00,3.732034925012265442e-02,5.344851637931268690e-02,8.839417132712440450e-02,1.487883775654728069e-01,2.192165949868733754e-01,2.206630637407623052e-01,2.522165830885927940e-01,2.531845859039688063e-01,2.592017570638353585e-01,2.495919614054171731e-01,2.352519073489711399e-01,2.681112576856346519e-01,2.271083581518018868e-01,2.492861423597844128e-01,2.227026629833155913e-01,2.283936699524443947e-01,1.875926166068115630e-01,2.010761472313903897e-01,2.442269169572363063e-01,2.672601502193387990e-01,2.182652635388019624e-01,2.599332355198226696e-01,2.005162363317459784e-01,1.718409339677270664e-01,1.719860088564493794e-01,2.050154194286111786e-01,1.798615158486690513e-01,2.095480572973102695e-01,8.333284006161972846e-02,2.345295249262407955e-01,2.233835811374022262e-01,1.650805354565016703e-01,2.535177529643174998e-01,2.391493544660103499e-01,2.285492669247255748e-01,1.672012369194172121e-01,1.795034784319932686e-01,2.594885708824302695e-01,2.534687026734784854e-01,2.292833613208379029e-01,2.464629801927601116e-01,2.171146023552927296e-01,2.517993801412027888e-01,1.958647416806142683e-01,2.360400206555699487e-01,1.844031493029563706e-01,2.553253986820490096e-01,2.173493103072721144e-01,2.545236596605711665e-01,2.495192566107070353e-01,2.562239841184048017e-01,2.450966217648269108e-01,2.621284271468266036e-01,2.700758825141969521e-01,2.690397616355305610e-01,2.450458355836032109e-01,2.664558046646397504e-01,2.631370107701420658e-01,2.529370382075192825e-01,2.505759937866106624e-01,2.606956426150121020e-01,2.459374778780209492e-01,2.508720546018444741e-01,2.382734786964171292e-01,2.580847250237205959e-01,2.366059359663593153e-01,2.222065899208793271e-01,2.533183141516126557e-01,2.286708579012987630e-01,2.394907420923755859e-01,2.424586042990307944e-01,2.623335827636668616e-01,2.536720633794859459e-01,2.054477306185308050e-01,2.672980023583536591e-01,2.726804586968059052e-01,2.675537970860651371e-01,2.593021780379593522e-01,2.267117035849846307e-01,2.251846774869084578e-01,2.497533754490229296e-01,2.577589365489058593e-01,2.646843764683017297e-01,2.555849973832905464e-01,2.729592080691455869e-01,2.669187338315342495e-01,2.154009557007402487e-01,2.649032857033787880e-01,2.687345870584483265e-01,2.721260750891700830e-01,2.425608985929700590e-01,1.467121732949726032e-01,2.693650070523374573e-01,2.719090176872250297e-01,2.704129161153940308e-01,2.298973522340599374e-01,2.521540937594937137e-01,2.706157527636248727e-01,2.721692421506425874e-01,2.724439360876332317e-01,2.609345450568252844e-01,2.717596053296639225e-01,2.725541100879189660e-01,2.730548449259627142e-01,9.384294729245899747e-02,2.286387099912365051e-01,1.358966990016186038e-01,1.616576211366702043e-01,1.499582857462498919e-01,1.017360860335319583e-01,5.722248669643453800e-02,1.546920345874496505e-01,2.361691000919924344e-01,2.729874417835594369e-01,2.723352887198721706e-01,2.734492347921660405e-01,2.401365327739130584e-01,2.286305995290326687e-01,1.849868077367279873e-01,1.886329632735993522e-01,2.257771592367442404e-01,2.636908207737041487e-01,2.650081842319780834e-01,2.231436045562267545e-01,2.058583586402480403e-01,1.977171653988888944e-01,2.579151550596825992e-01,2.310609145290967448e-01,2.633370420444119953e-01,1.708183572719236820e-01,2.605147318838278991e-01,2.480927243499609913e-01,1.840007126577213326e-01,1.704965492374005132e-01,2.419949381822382450e-01,2.637249620021239194e-01,1.912936509544625185e-01,2.407655876852970167e-01,2.251708328576386420e-01,1.745650889363895841e-01,2.244496623111876532e-01,1.965101260043937703e-01,2.557874060589952481e-01,2.605584540186798859e-01,2.604681701056747456e-01,2.598405638379777116e-01,2.442114990703087019e-01,2.524191115334331603e-01,1.976509343762175019e-01,1.680696859423718437e-01,1.058610485958100672e-01,1.759625322954325166e-01,1.906066807452857226e-01,8.969686671305207581e-02,2.052497953998816127e-01,1.426145853514531048e-01,1.335426216805646604e-01,1.772627447664380518e-01,1.828357040678333864e-02,3.085807539472767980e-02,2.694748530120597563e-01,2.062555542528596575e-01,2.568184177041150096e-01,2.132390756198442039e-01,1.859540986034043664e-01,2.444894023907904501e-01,1.422039212895825355e-01,2.043399762143008891e-01,1.390937464254218547e-01,7.316315120400915251e-02,2.586453744697047030e-01,1.878203408257325402e-01,1.037582210595790477e-01,8.630035228641221023e-02,2.070561235650368592e-02,2.223165478685391189e-02,2.575465843196873550e-01,1.163842701951320335e-01,1.510489561299683536e-01,2.309865130010153311e-01
4.179657592346799899e-02,4.172989166414134421e-02,4.353197820039249322e-02,4.389226311047454004e-02,4.133879261937892929e-02,4.184241675643081415e-02,4.097063484257184446e-02,4.131709228246768784e-02,3.800678772755158863e-02,4.229507271261333939e-02,4.184026520852879988e-02,4.068814190903287387e-02,4.146315288073437050e-02,4.396013113812659995e-02,4.049310840414865192e-02,4.163639681113827373e-02,4.293321612680729010e-02,4.235543512580378783e-02,4.084860207431703638e-02,4.353281638362849898e-02,4.323065645525935724e-02,4.361576140296263143e-02,4.276043626612310855e-02,4.371778344674183414e-02,4.129897794620062540e-02,4.359257221629194573e-02,4.340874503731186052e-02,4.040340085991311891e-02,4.229253720005833606e-02,4.108014991560289542e-02,4.308069026634794851e-02,4.220272414436120056e-02,4.234925973163523871e-02,3.968578332232573086e-02,4.294438074569396219e-02,4.172268466616173982e-02,4.232831744910025423e-02,4.061108858281622935e-02,4.091005468141092200e-02,4.433785270257301070e-02,4.263792437219478260e-02,4.343856280335559039e-02,4.310526421745442677e-02,4.038664713126710604e-02,4.263441165398336452e-02,4.416754162411743595e-02,4.269325455119160617e-02,3.702932270782486462e-02,4.244875975503524523e-02,4.062310371096369138e-02,3.123540166106660715e-02,3.732034925012265442e-02,0.000000000000000000e+00,3.446523236687943498e-02,2.286148918865806012e-02,3.872506836144842812e-02,4.282648008922243510e-02,4.206294860454845574e-02,3.856411185090419941e-02,3.954633972196060915e-02,4.034231113648219236e-02,3.757764555289202363e-02,4.384115123964275884e-02,4.337954658516823825e-02,4.285463959642242526e-02,4.131160803323380426e-02,4.256395648757274608e-02,3.900396756065430126e-02,4.042393934849519699e-02,4.166736049338214121e-02,4.279102829047199547e-02,4.169331416455770989e-02,3.890595129954912967e-02,4.124791986979694375e-02,4.047508960818152479e-02,4.103602540238681512e-02,4.290807992085687167e-02,4.182571731078302268e-02,4.137114003505258653e-02,3.879760288665626278e-02,3.509594355608391253e-02,4.014638154730053310e-02,3.488873639197407478e-02,3.837712637834789914e-02,4.405050695295762569e-02,4.419460178315672699e-02,4.051628323607231463e-02,4.015961436164628556e-02,4.405892539160697480e-02,4.014798928609231848e-02,4.393706147718354910e-02,3.980088020692432171e-02,3.886192531351419233e-02,4.326851326670003162e-02,4.388840196697241236e-02,3.913369835901860799e-02,4.240416707661918277e-02,3.688188576214966596e-02,4.392847010943012886e-02,4.421292877881058403e-02,4.077684176247101111e-02,4.387965106837061341e-02,4.449908202008177882e-02,4.276959205378359080e-02,4.268955701741927039e-02,4.228150618223059515e-02,4.039366137338572249e-02,3.695178662575929196e-02,4.300345981825443725e-02,4.250354389935762783e-02,4.124613454369269183e-02,3.877094445606796974e-02,4.250372798515926476e-02,4.007879644494289489e-02,4.228079154981567722e-02,4.215928044755379994e-02,4.306719678304399973e-02,4.251960800086273390e-02,4.265770149821149215e-02,4.217629240533617846e-02,4.005047533452554126e-02,4.137943737248971771e-02,4.166028735249539816e-02,4.103495127617153015e-02,4.300199166622569596e-02,4.392839894345532820e-02,4.370073719868088763e-02,4.483007490728463384e-02,4.382656694893644761e-02,4.559673961225568090e-02,3.858277473437940475e-02,4.286679844876828405e-02,4.173738239804470479e-02,4.032242935056740141e-02,4.186992608237379704e-02,4.304993702056195831e-02,4.393868580216087061e-02,4.247364431699775233e-02,3.791289031435753076e-02,4.331367121027379641e-02,4.335865815017918290e-02,4.379745353786390627e-02,4.069856871311228197e-02,3.967512554159861871e-02,3.823634323419197040e-02,4.185842032252951733e-02,4.191212690214899533e-02,4.038235753310109866e-02,4.021419556699753345e-02,4.355686109565841402e-02,3.979474931629231604e-02,3.938319248279746609e-02,3.838040179316972583e-02,4.233879892774686238e-02,4.397349708945236940e-02,3.984644724144759120e-02,3.705527359462049836e-02,3.334097207191906442e-02,3.854789945979037596e-02,3.517065039015838251e-02,3.180862799036957012e-02,2.711959437997786201e-02,3.117743368615471730e-02,3.525125242463614250e-02,4.191381170639819909e-02,4.250710990652278171e-02,4.154318668416355498e-02,4.267332295087142291e-02,4.360847277910688546e-02,3.925462884969237176e-02,4.081261399655775751e-02,3.975704346253551569e-02,3.858192365072811436e-02,3.697409054317803145e-02,4.131910061734680312e-02,4.042283414512225226e-02,3.899449123491847274e-02,4.308484848930155958e-02,3.836150662373969539e-02,3.914165001982744529e-02,4.261609335673801485e-02,4.269348294739164912e-02,4.191629245608784887e-02,3.867854718112051504e-02,4.113633206038701945e-02,4.127316222427988152e-02,3.835472641672339755e-02,3.914051683038049373e-02,3.716730853105812415e-02,4.345061458151617401e-02,4.150305448963946542e-02,4.359868766813995711e-02,3.844652712885375523e-02,4.334372322456010729e-02,4.270069732876794616e-02,3.691290755736131857e-02,4.369098678563215765e-02,4.329540299511993456e-02,4.259978922189441852e-02,4.261857461647533540e-02,3.103642247736090876e-02,3.948614411132236879e-02,3.279787907054717427e-02,4.041801373248807977e-02,3.936214738170071281e-02,4.335581981383362232e-02,4.311061708886029797e-02,4.433196249171960507e-02,4.430297232073915348e-02,3.982055423284033835e-02,1.851416116899541608e-02,2.938667764706371158e-02,4.271575764187774543e-02,4.223529973950210237e-02,4.006441135007601795e-02,4.068241031571060567e-02,3.100028422422317770e-02,4.210888394969928422e-02,3.437011025484178889e-02,3.831544897558630813e-02,3.936690327884586477e-02,4.114098016946723252e-02,4.376357951860614798e-02,4.229070824934504091e-02,4.265644867037992477e-02,4.197091348318371384e-02,1.995935089246338168e-02,2.250131401931505792e-02,4.291668336244549437e-02,4.357317610677999276e-02,4.117992028769383583e-02,4.431587125338835170e-02
8.120014591279826888e-02,8.777634385527936789e-02,9.410861576253685967e-02,9.432103687357870636e-02,8.853907567296098735e-02,8.619437661123509342e-02,8.911224501853007296e-02,9.053135392111237578e-02,9.173750980970478419e-02,8.889305949057337009e-02,9.424699053751112166e-02,8.930115392494225590e-02,8.369690641458633895e-02,8.845739160247352573e-02,8.177490978175007419e-02,8.238287925869856865e-02,9.162497532765111197e-02,8.807522724677592507e-02,7.935777978310575020e-02,9.297663082393543832e-02,1.001553858295665539e-01,1.006664139673080355e-01,1.010080923815259990e-01,1.015992855416113227e-01,9.762224519202630790e-02,9.872730642301454085e-02,9.800648738412133520e-02,8.810219427503308831e-02,7.444177393749529248e-02,7.777987881509382251e-02,8.096677153213803491e-02,7.819145169113597693e-02,8.639749090322899894e-02,8.478422144205889632e-02,9.217496013857576220e-02,8.955995583401676896e-02,9.143975883624104462e-02,8.842812403219142692e-02,7.580837992729172470e-02,1.004215128341064828e-01,9.910078664278472449e-02,1.015112908010658566e-01,1.011216999789521370e-01,7.684875056404477656e-02,9.059019935477195806e-02,9.790874684263783934e-02,9.980057717487875180e-02,5.863686699892690923e-02,9.957511516961950471e-02,9.090650855053640511e-02,5.658105102238113887e-02,5.344851637931268690e-02,3.446523236687943498e-02,0.000000000000000000e+00,9.140544179555468163e-02,9.700718247026887675e-02,7.474425616846584741e-02,7.355323901315442836e-02,7.883547352721562151e-02,8.298928780604181155e-02,8.378090076439827227e-02,7.646811365965858198e-02,8.539012075878615882e-02,8.836250632203063171e-02,8.082226995702038175e-02,8.346586414726601955e-02,7.204619370569834147e-02,8.212913113185382752e-02,6.356791192827918047e-02,7.291663788774459254e-02,9.001868462214041022e-02,9.765544987632823748e-02,6.156632140630045880e-02,8.983992315724924349e-02,8.420082555580456207e-02,6.172734641632011271e-02,7.883003690985988798e-02,7.021709507536003092e-02,6.865076169771687498e-02,8.567758421122133317e-02,5.729014478102897184e-02,9.135758059383344842e-02,7.564094250296082844e-02,4.367280450913610390e-02,9.542653833546126119e-02,9.036723451709324784e-02,8.620970456025631168e-02,7.663666582280710682e-02,7.153902080285631793e-02,8.723636704764450855e-02,9.242201433945639033e-02,9.444172180715149079e-02,7.916807849606868897e-02,8.085152032926999632e-02,9.355282966167602354e-02,5.995817325611120518e-02,8.870279161587517336e-02,7.557060121815897813e-02,9.442613131245201907e-02,8.517405630615880463e-02,9.058454573870779181e-02,9.638326824499063306e-02,9.375912663996713303e-02,9.405932403507516470e-02,9.453036477985456154e-02,9.881069478437935760e-02,9.654355411008275212e-02,8.915850271482775313e-02,9.387735958632449640e-02,9.268800004193353259e-02,9.122348542012478911e-02,8.886791103551643090e-02,9.063941769297803597e-02,8.778811238449475696e-02,9.101101965024342710e-02,8.686252716953235531e-02,9.371695088432759058e-02,8.372569177539979091e-02,9.302546982815675103e-02,8.632658661278526380e-02,7.506976021278667643e-02,8.458788821729411322e-02,8.534915775644613678e-02,9.821635545277285217e-02,9.753887191738329354e-02,1.002276082466152657e-01,1.008435874472829175e-01,1.015045044779962907e-01,9.899327709568918332e-02,9.916351961478463151e-02,6.893098784830578585e-02,8.650322854026565311e-02,9.346365902998005071e-02,8.452402766155892033e-02,9.370777896780979610e-02,8.797153937486545949e-02,9.885709149268691320e-02,9.483913402179683372e-02,6.037886471507789704e-02,8.923202048751367743e-02,9.673486544576995194e-02,1.011070077915422333e-01,9.118553927962003147e-02,9.674907399013384091e-02,9.849521642792744003e-02,1.013619927722701763e-01,9.456195420279282782e-02,8.634277775595448901e-02,8.516031726132876345e-02,9.978321083473615238e-02,9.796518805053544554e-02,9.905345989719438471e-02,8.900688060916431277e-02,9.874033987888147790e-02,1.004388881286495394e-01,9.907707407998984916e-02,7.656205008246241839e-02,8.087389602816785761e-02,7.504960819144848583e-02,4.973651791234254271e-02,9.642917294410506546e-02,6.271379861277502632e-02,5.466374904412182184e-02,7.254082902094448337e-02,7.863510631028054754e-02,9.818364740785255618e-02,9.183545218112655617e-02,9.611892397275893785e-02,8.123500137026500034e-02,7.333621961492932384e-02,7.136326079282907797e-02,6.211981481302406016e-02,8.228058624048771585e-02,9.151814238741509677e-02,8.836798469063597561e-02,7.207577971628860436e-02,7.160275862277064307e-02,8.265902222352905504e-02,8.451986860330736040e-02,7.357922710971033509e-02,9.559007620745774148e-02,7.181684423818691931e-02,8.986649507846695972e-02,8.793083813641466850e-02,6.368731455043731560e-02,7.369547352554199626e-02,8.777854972593800154e-02,8.922122799670727245e-02,7.216638291056036436e-02,8.763159846904040873e-02,8.640874958418522100e-02,7.146057239466896416e-02,8.043435354200274834e-02,7.456280494368494605e-02,9.171830694401585105e-02,8.994271382508965684e-02,9.595671092817409376e-02,9.604505540367545835e-02,8.949735515029366706e-02,9.418374984171209996e-02,8.539923480554847957e-02,9.255816827855427309e-02,9.181264351803253287e-02,9.100657639330050896e-02,8.582243592979849067e-02,9.539224320865799522e-02,9.545867541129789136e-02,9.215146446651782675e-02,1.007198017752786584e-01,9.275914019421294121e-02,1.839671041897116693e-02,3.073520617449214745e-02,1.002254507122619931e-01,1.015856778646112568e-01,9.447063199339561512e-02,9.152823466460850710e-02,7.242672043066422649e-02,8.952280808059392969e-02,7.862844287056830472e-02,7.087905958272092133e-02,8.288820094945900663e-02,8.268367256517070163e-02,9.942047425822926610e-02,8.942205798738322997e-02,8.676262792132057033e-02,9.031581670393561134e-02,2.010676758095307839e-02,2.223433136918582034e-02,9.282430511689961083e-02,1.008305349595024908e-01,9.171429252165563817e-02,9.239323137146153442e-02
1.025988954991778751e-01,1.034897369160124175e-01,1.052743238529557784e-01,1.048190478910945994e-01,1.010717037783496197e-01,1.007696926080319799e-01,1.018964211617970628e-01,1.063526249826186459e-01,1.028935055763015027e-01,1.043886993827123355e-01,1.045292661853873400e-01,1.016831550367178483e-01,9.877846791590885744e-02,1.024073164154139098e-01,9.609810208975533286e-02,9.603231015433633111e-02,1.052989901243075455e-01,1.063199343874304537e-01,1.039708144156701181e-01,9.853787159584181943e-02,1.059486708942620897e-01,1.072797956786250423e-01,1.065275379851480658e-01,1.066414668012947153e-01,1.057224474141664483e-01,1.073155668912609134e-01,1.059337012561843011e-01,9.755037823925938323e-02,1.018375262779761814e-01,1.022508828619411031e-01,1.021896502755541419e-01,1.044418530800784312e-01,1.064027209553418118e-01,1.028418610405094080e-01,1.068798322143282437e-01,1.045526535394488282e-01,1.063430947378501967e-01,1.079396785601379333e-01,1.034465003717655318e-01,1.076329376780987973e-01,1.011291251537417279e-01,1.061249347348646316e-01,1.069514461103225622e-01,1.060220862330803482e-01,1.081175128406427211e-01,1.064102031779537022e-01,1.080384114836775988e-01,1.024258812906029270e-01,1.067861599650877930e-01,1.074096105507227616e-01,9.483214762461013303e-02,8.839417132712440450e-02,2.286148918865806012e-02,9.140544179555468163e-02,0.000000000000000000e+00,8.860161480129291611e-02,1.011749287951377724e-01,1.016880427713208468e-01,1.035649639502890657e-01,1.063617022226033271e-01,1.049797514937360898e-01,1.016079524325076977e-01,1.059539971133399844e-01,1.065338277218323415e-01,1.048851547962975223e-01,1.057219229970777913e-01,1.005856394990920916e-01,1.024897137431013683e-01,1.004504880607721140e-01,1.024552594113898457e-01,1.052779715694787122e-01,1.083625030430228897e-01,1.056815489486208071e-01,1.080089131339829478e-01,1.015141322509043043e-01,1.040090552721719686e-01,1.028322084062164993e-01,1.041897156637677929e-01,1.017431610493778754e-01,9.831503905299170121e-02,8.482566710948770405e-02,1.023634058170794919e-01,7.349932766425328057e-02,9.036336257735998190e-02,1.017076212642982064e-01,1.005186618537581011e-01,9.748927928693630618e-02,9.326754430354353143e-02,9.680789217689408921e-02,1.070650755942494092e-01,1.025717454036009363e-01,9.189247698294630839e-02,1.067151373324978225e-01,9.627189750071724061e-02,1.006074203339480944e-01,1.019941205048618960e-01,1.038928135470233854e-01,9.534081139755737344e-02,1.046777717311128536e-01,1.036027641384099918e-01,1.018804105926147813e-01,1.025675187295549129e-01,1.083967967881931116e-01,1.061336051732298669e-01,1.075254039799254518e-01,1.059399062141389292e-01,1.038688376061576574e-01,1.008882946231710320e-01,1.052847271826387043e-01,1.045956619703985319e-01,1.034542657458806941e-01,1.025187479660596146e-01,1.043480642546376763e-01,1.012411414639472762e-01,1.019703459923278072e-01,9.846078485245811363e-02,1.063550481362334071e-01,9.845664282022444092e-02,1.060844322133130957e-01,1.040250512679148226e-01,9.952048585271379422e-02,1.006999234850656233e-01,9.913852963224267789e-02,1.049949786062578244e-01,1.044418802804873148e-01,1.040984370486101873e-01,1.049815396094073844e-01,1.046763290216709691e-01,1.045002944168701431e-01,1.063692477252413948e-01,9.933580901550972952e-02,1.019374985830305558e-01,1.057331157554090711e-01,1.079398828679035416e-01,1.084536349025709279e-01,1.072733917321289504e-01,1.083351887609111108e-01,1.067952866435520065e-01,1.063305984683189653e-01,1.075826355105770071e-01,1.085028933976495413e-01,1.081952867481069391e-01,1.025078050073307129e-01,1.044122385224858091e-01,1.051105977291896254e-01,1.069029279602729116e-01,1.074316943158450943e-01,1.002502285584997294e-01,1.058003211871679228e-01,1.068188553002861474e-01,1.075827617672422409e-01,1.080465036587979766e-01,1.080262443270014333e-01,1.051310163748603588e-01,1.084527172490434982e-01,1.078578225022872872e-01,8.922517953229720800e-02,9.841432651375563168e-02,8.844036059582255360e-02,9.612411268301455924e-02,7.411310208110218067e-02,8.576506004815154238e-02,6.838724519644846789e-02,9.671675643783383958e-02,1.045601079893430096e-01,1.086621061661793564e-01,1.083094411175317823e-01,1.078422457217024094e-01,1.053456852352935014e-01,9.804321817570720021e-02,8.867650950220860862e-02,9.567164279029810592e-02,1.053668745129732048e-01,1.066745520220592075e-01,1.084277928975774935e-01,1.058930623981936547e-01,1.043763665142015962e-01,1.050781899488817395e-01,1.050768044201937784e-01,1.067151889627266925e-01,1.082791101681028628e-01,1.017222397198597750e-01,1.083377272246136003e-01,1.052552361247365981e-01,1.058667709284279584e-01,1.004672343501802623e-01,1.029887983444561644e-01,1.065188595975043312e-01,9.703590616013522963e-02,9.845889257338528988e-02,7.796256740997069279e-02,9.480427852788517185e-02,9.136397054950702590e-02,1.038309846684513649e-01,1.071183602597355344e-01,1.028249162287552532e-01,1.023502245667223393e-01,1.024881384279098112e-01,1.024341427422495177e-01,1.029757505389896494e-01,8.892159233352799064e-02,1.019748165826484948e-01,8.659475166827564074e-02,9.831666804711600149e-02,9.574116350479254522e-02,9.629691481575000656e-02,9.900100041482835789e-02,1.063313324259676507e-01,1.061892378945907406e-01,1.045871137297630232e-01,1.816934998651392047e-02,3.073414565544825908e-02,1.058340414110763295e-01,1.041093060084097299e-01,1.027864374350648119e-01,1.021621856135282863e-01,8.330721976740128321e-02,9.317277250344438433e-02,7.421650928279588388e-02,9.032111323413775927e-02,8.991819627756665601e-02,8.191746761641989505e-02,9.699121875457164532e-02,9.829775437823118356e-02,1.048899556171337399e-01,9.829748804865570677e-02,2.066183290924063568e-02,2.199112507134793476e-02,1.016042212060373623e-01,1.024558607837074697e-01,1.068602644677496133e-01,1.036204346057972570e-01
1.471494307118741962e-01,1.493934086943272954e-01,1.450990727827966009e-01,1.533378976150624462e-01,1.473063673082195546e-01,1.467511940448547603e-01,1.512938454529104970e-01,1.529269505127858197e-01,1.472480018509696453e-01,1.456535084148140868e-01,1.550771088227949901e-01,1.516632055529286427e-01,1.348841901528804732e-01,1.484011431764985789e-01,1.475215863584803389e-01,1.505378018342032609e-01,1.497866267817451191e-01,1.554904011960991372e-01,1.509462466776242129e-01,1.552159524162759485e-01,1.302973525454394210e-01,1.448863199996398010e-01,1.529372091476873530e-01,1.529718202514626368e-01,1.405850582833584050e-01,1.450844518559729901e-01,1.552834005180279975e-01,1.421110582987651361e-01,1.413315846436957735e-01,1.458476216286526683e-01,1.321737003561423152e-01,1.578146565915715949e-01,1.597673623494939299e-01,1.531148684915201175e-01,1.600990444298342474e-01,1.568854381734033909e-01,1.571409578409614649e-01,1.599988246272510684e-01,1.522330452256454303e-01,1.586802275930129513e-01,1.407078635739192063e-01,1.552282745803367503e-01,1.578832736799482550e-01,1.541968878251872566e-01,1.561249552631551185e-01,1.520125657638720096e-01,1.597691866574383612e-01,1.578644738516122858e-01,1.602216868506996239e-01,1.593137546007361571e-01,1.585949263949502364e-01,1.487883775654728069e-01,3.872506836144842812e-02,9.700718247026887675e-02,8.860161480129291611e-02,0.000000000000000000e+00,1.455828526156804914e-01,1.557693417094961619e-01,1.612922606243826773e-01,1.584459143260374958e-01,1.584711157916135760e-01,1.572169377597827655e-01,1.407064908257520119e-01,1.597026348171719790e-01,1.474125645710550603e-01,1.595201774814508922e-01,1.590572238843152852e-01,1.601153947087999019e-01,1.542426336089089689e-01,1.597858292134503311e-01,1.601560382982177011e-01,1.599559415763456005e-01,1.562362434652470045e-01,1.609135948541074446e-01,1.535040213304788292e-01,1.528443335784177848e-01,1.385507681923784651e-01,1.575909342109663158e-01,1.479247331268005450e-01,1.496061272891033855e-01,1.530051089546084486e-01,1.559537800810857355e-01,1.258749815569211727e-01,1.359893010280342762e-01,1.094893937815789170e-01,1.342166205979125337e-01,1.427824773473648778e-01,1.389058316542373384e-01,1.388372295642235354e-01,1.601132469110541634e-01,1.409914621512468047e-01,1.221629552007188757e-01,1.598793953722975059e-01,1.290848313982779494e-01,1.333410513910177897e-01,1.569557479625538765e-01,1.518642447480938462e-01,1.429248610123405594e-01,1.283937958682352942e-01,1.364336829903775861e-01,1.413064916154568584e-01,1.500345979488566517e-01,1.597326336927465118e-01,1.541376560171145715e-01,1.554418813652791997e-01,1.503257481944031970e-01,1.546315644978096260e-01,1.493753953948616930e-01,1.515087135368505533e-01,1.518591274485134590e-01,1.548319231331109214e-01,1.559771198773939604e-01,1.565986569875812973e-01,1.462799163547640890e-01,1.409995546303677849e-01,1.491572127517910851e-01,1.569353279225390863e-01,1.479739207917858124e-01,1.562964500660616873e-01,1.552090960293926181e-01,1.489043099251020075e-01,1.504005842871677379e-01,1.538205943710177492e-01,1.320114535868535388e-01,1.307722407587171287e-01,1.411196401090162589e-01,1.312104994758788445e-01,1.524015551786263856e-01,1.473402346049630940e-01,1.555041965833649509e-01,1.487001657008193145e-01,1.303655203030461007e-01,1.457517703348041593e-01,1.599380355772357376e-01,1.577110785698430939e-01,1.563550132312989671e-01,1.604128843563920603e-01,1.589865835450677278e-01,1.518383713116737144e-01,1.586834478528988956e-01,1.598524504480385300e-01,1.560595742770814753e-01,1.374723411747007518e-01,1.406099502401914614e-01,1.422312236359637161e-01,1.578901465540491766e-01,1.515122969924730667e-01,1.410369810262693535e-01,1.509157119480238618e-01,1.465583296999073415e-01,1.592312724554772740e-01,1.584198587257561464e-01,1.609150479116214505e-01,1.545134255989114025e-01,1.600910131354589816e-01,1.586633104197061050e-01,1.542002905278842539e-01,1.543402019029287142e-01,1.453186914132906793e-01,1.565266473884720233e-01,1.451530600750516320e-01,1.400067653412636615e-01,6.514634288538365126e-02,1.484920294016074394e-01,1.568189879992565317e-01,1.603642178094137061e-01,1.597667262757881679e-01,1.576460613228117813e-01,1.495248751751902250e-01,1.548474824746589873e-01,1.188321536046004490e-01,1.399814372621075442e-01,1.597610144510487884e-01,1.608563534171219278e-01,1.596629996662958795e-01,1.573045213266157649e-01,1.565055880335791683e-01,1.574783596081527348e-01,1.580246596436381823e-01,1.595919637899204102e-01,1.603388572333451778e-01,1.407634891081642747e-01,1.600233137652505300e-01,1.556973818615500771e-01,1.561648349943830227e-01,1.440721894281421500e-01,1.572799549611776371e-01,1.583710395386963288e-01,1.457003309757695098e-01,1.358042413609623356e-01,1.058403776580249811e-01,1.344294447140322313e-01,1.381870021897583511e-01,1.416637300679198797e-01,1.577954545331584357e-01,1.573650682774145881e-01,1.267116578914592451e-01,1.384369630097996573e-01,1.355831962973327309e-01,1.367197233710505111e-01,1.450956915508594680e-01,1.427548024448585251e-01,1.052392214033716078e-01,1.303979586611993535e-01,1.298250557871994115e-01,7.727187347093919523e-02,1.426696394367481524e-01,1.406988048637766442e-01,1.364281790551801765e-01,1.606268339562976211e-01,1.915750660326395391e-02,3.078722233743647757e-02,1.548301761994997916e-01,1.440161643110178247e-01,1.517584762905020979e-01,1.488621681665582563e-01,1.284873254788514718e-01,1.297598802653396610e-01,1.267633278821691800e-01,1.431985675990141704e-01,1.092651529611562145e-01,5.756565205569926652e-02,1.293832936791700639e-01,1.469046200996496077e-01,1.323470723651300751e-01,1.051983069096852630e-01,2.109804797847456004e-02,2.237222716249503626e-02,1.545134988977834856e-01,1.094339717624955161e-01,1.551917903516725483e-01,1.504404941043903376e-01
6.718731502818831025e-01,6.335561795895964243e-01,5.541325892617566806e-01,6.288850278812977423e-01,6.827640206783202048e-01,6.753336153901813299e-01,5.853258003030861190e-01,5.953930478197119180e-01,2.060208036793416131e-01,6.409202585191502433e-01,4.987346658937163446e-01,6.031205472965099901e-01,4.198149272063898541e-01,3.192022249234878206e-01,4.647813008938657675e-01,3.822625748520803168e-01,3.835845024881536780e-01,4.646389904376093671e-01,6.263180112691791868e-01,4.153589607554600271e-01,3.495581590968145913e-01,6.465776301434474904e-01,2.737575600721517954e-01,5.022786879976695040e-01,4.172821370299000798e-01,5.304243912814975426e-01,5.910371736777146889e-01,3.977424615227114213e-01,3.168395361161637225e-01,5.931413400213929599e-01,6.123838338297489248e-01,5.952978736717075003e-01,6.155338414047938356e-01,5.744322828452510521e-01,5.855245132684163689e-01,4.045012657178707616e-01,2.853813580880754652e-01,5.423908555553144106e-01,4.339850129511163002e-01,5.818660817297838239e-01,2.838709890876349728e-01,3.098503213802623613e-01,4.897851968373316822e-01,5.385545659916557426e-01,5.483733632296770022e-01,4.762044172804833497e-01,5.827536343110405470e-01,6.084898120197448357e-01,4.055209016184602167e-01,6.714623920029197945e-01,2.826464194543512054e-01,2.192165949868733754e-01,4.282648008922245592e-02,7.474425616846584741e-02,1.011749287951377724e-01,1.455828526156804914e-01,0.000000000000000000e+00,5.492478011038428587e-01,6.301758175257752281e-01,5.653008414781336421e-01,5.158917568232109785e-01,5.078468980569572633e-01,4.326412182928929262e-01,3.981136019776830293e-01,3.414666789131210467e-01,4.722323688639055717e-01,2.505245515557809610e-01,6.281210219808247563e-01,3.317926700072069690e-01,3.788663306847073198e-01,5.416091060525786149e-01,6.881587571254516034e-01,6.607489436259736948e-01,5.605188683243830239e-01,5.632973089504733633e-01,4.793327938207070926e-01,6.100817306569413789e-01,5.812651567998138313e-01,6.057600147853628991e-01,4.986260415556921788e-01,6.026498432011794248e-01,6.817688406241464438e-01,2.970170255067363096e-01,3.113516023389540366e-01,4.572154163690962947e-01,5.209413408983308846e-01,4.254431495624942938e-01,6.728682037328024279e-01,4.070133588346590003e-01,6.801032603336283344e-01,4.045103340853682949e-01,4.420449900832128520e-01,4.074705662626649794e-01,2.602966070117385677e-01,3.820381796037112809e-01,5.029835006234631978e-01,6.121402073923634113e-01,1.983657906101093660e-01,5.380497577523507546e-01,4.490914979136096941e-01,6.743123002108027952e-01,6.840540230834556423e-01,5.071309615310144459e-01,4.569522533266043851e-01,6.475057986320263970e-01,5.251761959815330894e-01,5.513026238450529082e-01,4.819263027339121264e-01,6.060702140906988333e-01,5.275366660450631073e-01,4.838363041890064720e-01,4.849643179092131273e-01,5.513792298653469315e-01,4.627186112925734118e-01,4.496164657016711863e-01,4.956334314850724398e-01,3.884152796429742871e-01,5.359805261949073252e-01,2.343509489958302827e-01,4.942062183304587464e-01,6.024271354360100084e-01,5.688995922161794727e-01,4.402473336002172832e-01,5.761072765861825484e-01,5.990708063064468236e-01,2.077528081286936223e-01,3.768724241881296066e-01,5.908799593558570207e-01,4.838509866613897592e-01,5.942184089448860895e-01,5.817578362206339282e-01,6.409108150220299560e-01,6.730729848491963097e-01,6.340799224639576126e-01,5.876682862573970878e-01,6.874358750960881670e-01,6.839118928153599120e-01,5.474276635116054335e-01,6.612288610119190224e-01,5.923360251459306447e-01,5.213438846847323616e-01,6.421562116904432349e-01,5.735990544006469571e-01,1.504901175505389543e-01,2.882486409939653549e-01,4.837740402091471603e-01,5.742950993374096313e-01,2.933903011393028670e-01,5.835467947357492191e-01,4.331277342705576183e-01,6.846216255059667244e-01,6.838555156676416891e-01,6.856670008456002829e-01,3.982647091493159985e-01,4.826588231800538753e-01,6.576837242816799822e-01,1.812349116981662733e-01,3.548363698431898361e-01,4.320894141137140432e-01,6.184041086315361646e-01,1.655829577129978303e-01,1.346177399174732225e-01,7.668449760823746464e-02,2.002632926360524424e-01,6.342243297827189208e-01,6.876965097968079643e-01,6.804816466322355373e-01,6.058879869429653064e-01,5.128073056006052788e-01,4.574169484049679379e-01,4.806310842410110307e-01,3.569898343923616491e-01,6.418610661436900955e-01,6.656711359227066582e-01,6.590053884707787191e-01,5.679609240587072394e-01,4.941026305651287642e-01,5.619979036331231859e-01,5.595897124610633711e-01,6.143341874083528831e-01,6.224277586289889141e-01,6.179431749086841119e-01,6.382973686024021598e-01,6.464405537524118284e-01,5.677966822738886865e-01,6.351477313100261091e-01,5.976594426299722818e-01,3.485009266225199687e-01,6.709348432871186096e-01,5.921369726880197915e-01,4.699505396832513449e-01,5.714423812354962884e-01,5.664516703129445219e-01,5.476514330079622628e-01,6.188414620171575065e-01,4.618803270831933205e-01,5.980039942507128226e-01,4.415822902747858492e-01,6.534723806671476343e-01,6.542091043742809253e-01,2.304489536441586273e-01,1.791349273758671978e-01,1.216140181561364553e-01,1.986463207946034815e-01,2.171151072710220120e-01,8.976317442253621548e-02,2.027006393058006228e-01,1.434144293436291628e-01,1.372195933668767243e-01,1.857952257550834485e-01,1.853343008452282628e-02,3.051281438075613764e-02,2.696140868668101542e-01,2.013350522213987470e-01,3.529953121063462151e-01,1.945155606418793592e-01,2.366341260961588866e-01,2.633115960514569864e-01,1.681784826242387898e-01,2.893538337670602534e-01,1.499015109044449234e-01,7.629617435587761343e-02,2.566754200208028469e-01,1.812200168644311771e-01,1.286496828389058489e-01,1.044521621040909731e-01,2.116913744578736989e-02,2.303336718231925248e-02,2.912308120178384030e-01,1.103395112007691525e-01,1.526249918852128629e-01,1.975191677540834856e-01
6.338266201226339103e-01,6.269746506713448353e-01,5.557768278188796041e-01,6.168781748808839227e-01,6.316624957996769263e-01,6.272471831182563351e-01,5.320770598871379375e-01,5.663737490198115232e-01,1.698484062525042471e-01,6.074385642596443757e-01,4.246688258441537189e-01,5.575156780365807530e-01,4.099640800304095722e-01,2.939348620520897404e-01,4.422078166483783823e-01,3.612910050247829519e-01,3.579768617603938385e-01,4.426858611797104270e-01,6.157468855573418054e-01,4.037029571510430959e-01,3.461758069265742366e-01,6.487678984597546883e-01,2.647525260811827152e-01,4.969376617818992425e-01,4.192801865410169526e-01,5.254112513891557867e-01,5.956748996429622744e-01,3.757488937325711986e-01,2.496183897134870433e-01,5.294274173478007439e-01,6.696893236158627527e-01,3.672194450857448333e-01,5.254581203148434021e-01,5.133731102322119932e-01,5.483594149239711113e-01,3.764085055248782563e-01,2.623678736540849266e-01,5.214883659574111041e-01,3.302692040238778270e-01,5.795058813266193987e-01,2.592923217695249360e-01,3.008322017113168600e-01,4.771176598877202024e-01,4.755644726602048511e-01,5.273559518569423954e-01,4.682604816481679144e-01,5.728343971834058967e-01,5.979215633392528373e-01,3.378351970253624659e-01,6.780475954122657800e-01,2.332678448311972796e-01,2.206630637407623052e-01,4.206294860454845574e-02,7.355323901315445612e-02,1.016880427713208468e-01,1.557693417094961619e-01,5.492478011038428587e-01,0.000000000000000000e+00,4.904386865640220083e-01,3.792131713550795369e-01,4.609659004889676281e-01,4.148862097912048297e-01,5.821852875611116529e-01,3.539243862230755933e-01,2.549579027205474135e-01,4.304105061370473995e-01,2.405167214440788737e-01,5.727493983120367504e-01,4.121901696381099489e-01,4.125097278808326773e-01,4.530251333925829904e-01,5.875705423994295185e-01,6.316534132280794411e-01,5.090670408067426989e-01,6.225250436949583133e-01,5.660285264053742660e-01,6.214151569082692061e-01,5.232953741450543372e-01,6.211328669139466463e-01,4.825027318588556158e-01,5.717442677469065648e-01,6.859076573922577857e-01,3.340601745757620922e-01,3.637434935799110369e-01,5.478156397765735486e-01,7.005223560832245511e-01,5.836128065637066209e-01,6.818968709447549292e-01,5.853770421906671073e-01,5.833935550447422180e-01,4.380619877592135114e-01,4.427440855504541917e-01,3.563840390343647191e-01,3.849571142150650105e-01,4.663555664394459233e-01,5.874625961806771990e-01,5.603342439037560796e-01,1.655581629477723138e-01,7.006741722567578767e-01,6.716612595141332465e-01,6.633583208606510517e-01,6.917308201985251648e-01,5.081784157763736820e-01,4.624331752452941480e-01,6.084348731449111813e-01,5.256141330550209156e-01,5.357329223485494119e-01,4.404154390918559869e-01,5.902124537841859642e-01,4.833902347645944175e-01,4.276854633875360467e-01,4.529540949554157758e-01,5.205636671338258470e-01,4.499663065158067132e-01,4.415249079901768514e-01,4.820959723761670257e-01,3.763007151764620750e-01,5.138614222921898955e-01,2.196138999042942797e-01,4.662579015367754875e-01,5.540841937340880152e-01,5.680549673462340632e-01,4.324348137054340180e-01,5.731103774977566179e-01,6.251843147682755175e-01,2.021723169200415893e-01,3.778202242182638892e-01,5.897153888167747660e-01,4.794850556697500266e-01,6.091761838037469401e-01,5.248048024190187233e-01,6.618649537227190294e-01,6.422427634223617510e-01,5.143304875215259919e-01,5.530105945607605156e-01,6.466771490515943466e-01,6.993541310710235104e-01,5.289438553758134542e-01,6.396817599984674363e-01,5.788703198510636305e-01,5.052234928631340605e-01,6.436513786959932037e-01,5.450212184683090877e-01,1.432324526627848094e-01,2.773812949834099095e-01,4.789496225273446317e-01,5.629823877940054455e-01,2.806259095382847013e-01,5.217851454022280899e-01,4.323291508753681622e-01,6.960683068083837188e-01,6.904251960361927898e-01,6.871470317452088583e-01,3.963744161756478923e-01,4.440670935803956998e-01,6.703459241106537458e-01,1.736731516827206279e-01,3.467305846268491920e-01,4.112142248534567113e-01,6.371148281340230923e-01,1.668376297979479450e-01,1.404056800055130116e-01,6.693390798039031142e-02,1.645335910381077460e-01,4.782683805564902357e-01,6.697063564846624795e-01,6.572581512636571643e-01,5.887041060007278670e-01,4.716665636335632406e-01,4.108814563490857941e-01,5.696527498374297505e-01,3.894729754024262580e-01,5.843405855788879055e-01,6.215584054560072680e-01,6.085174986641127548e-01,4.460981690446312320e-01,4.533208127590638292e-01,5.437141401732462631e-01,5.020803262533909406e-01,6.263145700808219196e-01,5.362539926729370521e-01,6.669825794372390426e-01,6.101756485213553072e-01,6.787085984256922000e-01,5.933015749486475476e-01,6.295551098283320712e-01,5.839999749731369372e-01,3.422784660384641797e-01,6.831095249643190925e-01,6.984321166705912409e-01,5.037681843248553726e-01,6.719505628818502885e-01,5.919029896577334693e-01,6.206332727193900611e-01,5.809024154993712719e-01,4.277099607619593846e-01,6.352328482571294455e-01,4.634630309927500469e-01,6.830448728131793823e-01,6.599879724011402660e-01,2.196056276173865285e-01,1.651540945224205525e-01,1.182862715975134538e-01,1.923209119333211536e-01,1.918737614334043162e-01,8.142079541066189752e-02,1.825721777277458102e-01,1.381676829486869207e-01,1.368912746599336705e-01,1.717313368683011932e-01,1.830409878798492512e-02,2.890360589605412561e-02,2.638233701492417871e-01,2.024065186575536857e-01,3.321888526974239308e-01,1.967314783344993045e-01,2.228941661335085977e-01,2.446554493760091653e-01,1.623496387870835833e-01,2.614425130829382549e-01,1.373944652510918074e-01,6.975724207634068086e-02,2.397457687082265587e-01,1.671564580525041477e-01,1.219992092727453237e-01,9.427511351043829646e-02,2.061248273221008565e-02,2.217961465109529601e-02,2.863652964436863568e-01,1.118846360329187328e-01,1.535899847213835212e-01,2.188014236934121282e-01
6.582155231207352797e-01,6.448642049461046355e-01,5.607124022119180928e-01,6.324309396582186160e-01,6.320253394923502910e-01,6.521816924041603514e-01,5.783118096657663409e-01,5.957739984585659343e-01,1.990201444091934946e-01,6.547849100783886822e-01,4.949926228736641898e-01,6.026041888352865472e-01,4.074096658314982911e-01,2.907951575451875326e-01,4.679515373159897629e-01,3.872548654572263716e-01,3.470996853682483674e-01,3.708209480915278800e-01,6.351747729368421025e-01,4.239006592447200350e-01,3.320890528513567586e-01,6.452051376784423420e-01,2.615707201817217831e-01,4.923703445191993655e-01,4.198546923712787038e-01,5.166013100306561245e-01,6.088999058830173450e-01,4.109189304042492608e-01,3.043801777383566276e-01,6.010830180997621675e-01,6.268187762792060136e-01,5.052958488793672931e-01,4.346628522794558913e-01,5.150230505353546873e-01,3.055508783243192084e-01,2.673373292057263928e-01,1.895503538910633667e-01,4.759801968180278342e-01,2.605665051340079197e-01,5.281456277407351463e-01,2.235757925155627546e-01,2.730261085899390872e-01,4.351513016729601224e-01,5.118766638672304081e-01,5.150348085426553757e-01,4.637548067226588411e-01,5.149618350554068247e-01,5.821760855820832248e-01,3.430179068645597407e-01,6.222921190334920194e-01,2.326645201062694235e-01,2.522165830885928495e-01,3.856411185090419941e-02,7.883547352721562151e-02,1.035649639502890657e-01,1.612922606243826495e-01,6.301758175257752281e-01,4.904386865640220083e-01,0.000000000000000000e+00,2.685474829713819789e-01,3.491835715466164447e-01,3.980964198880359572e-01,6.594031571009506543e-01,1.979893079671653511e-01,4.755842098682786512e-01,4.125616408830233839e-01,2.544501101161508183e-01,5.339628572418988472e-01,5.324618502362062911e-01,4.508767052719524493e-01,5.243003540843548249e-01,6.341129053767264878e-01,6.274575999913125646e-01,5.319567593888637758e-01,6.567726444969049782e-01,6.302214436682842535e-01,6.670410995964920486e-01,5.849651090698952949e-01,6.589153870199788710e-01,4.932919971987104191e-01,6.144505101030727223e-01,6.477245471888309902e-01,3.335259501269635107e-01,3.705355152584052236e-01,5.442256825894172811e-01,6.656878557596744850e-01,6.088478879143758293e-01,6.575153809756991707e-01,6.210653955315317276e-01,5.653445941298049782e-01,4.569870273221330881e-01,4.447150152667904144e-01,2.968924526511596551e-01,4.577018292993823012e-01,4.818739933469000092e-01,6.132992025521784019e-01,6.187588139286722688e-01,1.903024754580341926e-01,6.662646136783453299e-01,6.666489028344608769e-01,6.631813147846284950e-01,6.530857118364009617e-01,5.079369810212462921e-01,4.676933356840969891e-01,6.229236983246247972e-01,5.234489527211994009e-01,5.495032857740755894e-01,4.746121091532597980e-01,6.118863957661789810e-01,5.180512781299878577e-01,4.825191708590509387e-01,4.830167222876458610e-01,4.366687665801772256e-01,4.632665558897141600e-01,4.443240244384324411e-01,5.009814290931583480e-01,3.452466140774523295e-01,5.402226588255673034e-01,2.064690761994628920e-01,4.075709911316601763e-01,5.866089030312512387e-01,5.822403299189008452e-01,4.459274436953061249e-01,5.728116132673053418e-01,6.224593275756719057e-01,2.049365003051845657e-01,3.717293713994306859e-01,5.927182226114831032e-01,4.753447366235235561e-01,6.170934177004721022e-01,5.131636183960514019e-01,6.537681749006067911e-01,6.557647012450871227e-01,5.527756378880184229e-01,4.335683113224366725e-01,5.604889159303590995e-01,5.657458394048376915e-01,3.883850044575182792e-01,6.366530651048371015e-01,5.282319801313137830e-01,4.113051492242749685e-01,6.207022764514776858e-01,5.744655672672697166e-01,1.425537946078835883e-01,2.690208046454610202e-01,4.575074055044472954e-01,5.496809354843633644e-01,2.899867377494320109e-01,5.483976019724772222e-01,4.208163456535397584e-01,5.971219346024903007e-01,5.956090419289427063e-01,6.427589516590677121e-01,3.831945291316519175e-01,4.522758625613589878e-01,6.319227817588695117e-01,1.802742360555077417e-01,3.148191332629270978e-01,4.361199817323705430e-01,6.557610011272064776e-01,1.643112250428886700e-01,1.440734987650370835e-01,7.188927346235164662e-02,1.926244331305264901e-01,5.237188766893465797e-01,4.523728681499510351e-01,5.486676786697018970e-01,5.024457293989896822e-01,5.500924652380868585e-01,3.973420252802284391e-01,5.825259725644315045e-01,4.427985102784830485e-01,5.961840482985359957e-01,4.854595263951764772e-01,5.530319280067027554e-01,5.416663904702713195e-01,4.884860892503669616e-01,6.467028260100543546e-01,4.810028530269274127e-01,6.076286378211820383e-01,6.018529214610558453e-01,6.668108838825962392e-01,6.194740867476874469e-01,6.379163570709251996e-01,6.362298979896704454e-01,6.665562125554952422e-01,5.799733601516412485e-01,3.267463657421483814e-01,6.490691843975850972e-01,6.660589749604355347e-01,5.033445787852777187e-01,6.635814095529174450e-01,6.084520595353350991e-01,6.583913483590064786e-01,6.099662600859130368e-01,4.542191799510400529e-01,6.355271209700374957e-01,4.640159885742696777e-01,6.635764612485349767e-01,6.557804719748574485e-01,2.292516394055330309e-01,1.730533726957990404e-01,1.235728393198584490e-01,1.965092129159068945e-01,2.097430263990268384e-01,8.594406204732460419e-02,1.906970266978117723e-01,1.283137252156397734e-01,1.373635395111059976e-01,1.647403406381251767e-01,1.893699569655788242e-02,2.980630323030389328e-02,2.573051798988378325e-01,2.013688662786360384e-01,3.284249284962789672e-01,2.009613928098132329e-01,2.383082139261631371e-01,2.647558030256520478e-01,1.699618978724273533e-01,2.783414260234507442e-01,1.585294270201781375e-01,7.011292625634242548e-02,2.581145657793783577e-01,1.695089697512426885e-01,1.227114035756353000e-01,9.384968277930277880e-02,2.091737810906575679e-02,2.056912634275960897e-02,2.747432002574881627e-01,1.135529772776293356e-01,1.570305109543601030e-01,2.383363884089234608e-01
5.369320974309574890e-01,5.418940256814579470e-01,5.597050378764615308e-01,5.528651714366875636e-01,4.421293795305599184e-01,4.511049241484249017e-01,5.260407059118668016e-01,5.582655316395216394e-01,1.873902302914607632e-01,5.498645294675891249e-01,4.819485972768067228e-01,5.481891960730249647e-01,4.074243302825670265e-01,2.798083503474140254e-01,4.607799472554331977e-01,3.878781968562597382e-01,3.467059715011597265e-01,3.831081312540988715e-01,5.482536942204734309e-01,4.210084235437323574e-01,3.389984384471946277e-01,5.795887314407806024e-01,2.638136799982832015e-01,4.949541779672103070e-01,4.142398017604320137e-01,5.236911088744857778e-01,5.703904025617118068e-01,3.593793970288819972e-01,2.471524576976017740e-01,3.783624647034675159e-01,4.854168066086878564e-01,3.031317489838981083e-01,3.470550501731801685e-01,3.116709943133220695e-01,3.050792802598421560e-01,3.138226972207610044e-01,1.590193941987517456e-01,4.954645996103617667e-01,2.127979622559894868e-01,5.320916748089873360e-01,2.407800148588920275e-01,2.840865347589243695e-01,4.530764996226009367e-01,5.039066635722876386e-01,5.321327621266668251e-01,4.670273839461008825e-01,5.414749969291801079e-01,5.625721388459014038e-01,3.797098790440162075e-01,5.626126780857672038e-01,2.659454484843774003e-01,2.531845859039688063e-01,3.954633972196060915e-02,8.298928780604181155e-02,1.063617022226033271e-01,1.584459143260374958e-01,5.653008414781336421e-01,3.792131713550795369e-01,2.685474829713819234e-01,0.000000000000000000e+00,3.856603788781773345e-01,4.541667549049576702e-01,5.582151737512154321e-01,1.614490736585942610e-01,4.046922742649995408e-01,4.482180104287559752e-01,3.209502838147173520e-01,5.498400554473305002e-01,5.616936487853272375e-01,4.999244318953918187e-01,5.469885334781300346e-01,5.536779300197719467e-01,5.612627321352690046e-01,5.469419313324263010e-01,5.821145016864903710e-01,5.744837339418443767e-01,5.770030403855473944e-01,5.681526177734829153e-01,5.733405362563281926e-01,4.948853239471970311e-01,5.719204170188123548e-01,5.687789283237590920e-01,3.337860000273019101e-01,3.761554109882523367e-01,5.457860175152050575e-01,5.776798430013376784e-01,5.761277515019401774e-01,5.749640889997926774e-01,5.794537656860407893e-01,5.406027858534170338e-01,4.545292497160544620e-01,4.469514202089277521e-01,3.620688168661538309e-01,4.644402612344111225e-01,4.947263085315683484e-01,5.534569071550704544e-01,5.630171353521793431e-01,1.889129096782260486e-01,5.804180139086382306e-01,5.802223057010297280e-01,5.362392814529807206e-01,5.286105086658986485e-01,5.053229358316803088e-01,4.524694300540106906e-01,4.530122181579959162e-01,5.219345286358644254e-01,5.308821599141337888e-01,4.481426859738945057e-01,5.605455188634964614e-01,4.976983332873134991e-01,4.710997170282161806e-01,4.689607689482594433e-01,4.736833615825353783e-01,4.485167457850816608e-01,4.402857587099204273e-01,4.947431627351931427e-01,3.301259153081878561e-01,5.321465401467440071e-01,1.899691742394940819e-01,4.265801167187135423e-01,5.439859121581999135e-01,5.499065905706889135e-01,4.487827983026180800e-01,5.708663170470619219e-01,5.752058114724513116e-01,2.049628844700326635e-01,3.736431202176321298e-01,5.803776730422619545e-01,4.811060922696492881e-01,5.726985727229920720e-01,3.757009037749353686e-01,5.396426129125858617e-01,4.670228720994830662e-01,4.793332920770058125e-01,3.757814052199817123e-01,3.297707101116973960e-01,5.103642826105870833e-01,4.481419617119405396e-01,5.541164483447316158e-01,5.015550261693707546e-01,4.410818619359961890e-01,5.516039689423498649e-01,4.740857863205830691e-01,1.374834132843539003e-01,2.760635810925889388e-01,4.714276729749674599e-01,5.549610849116966005e-01,2.689974845359479616e-01,5.176061124706569094e-01,4.234251140362916832e-01,5.567551523968971017e-01,5.641265739750739305e-01,5.740764149942607641e-01,3.943424082154839416e-01,4.777888839764930506e-01,5.675403265610364789e-01,1.828713593250871350e-01,3.290287291994394847e-01,4.305526580198827946e-01,5.791231529632188124e-01,1.578443358411656949e-01,1.426039390745035829e-01,7.358688244235758735e-02,1.634621981961985604e-01,3.461182106526288771e-01,4.581575391548127762e-01,5.174088178421809570e-01,5.022621460209591993e-01,4.800939190000785839e-01,4.322927749421322519e-01,5.772402020864949579e-01,4.415823917422656009e-01,5.607938907895391178e-01,5.147341747086365826e-01,5.541481984478933143e-01,4.821811930357897680e-01,5.287719467394486061e-01,5.641512895261071581e-01,5.223346432274417195e-01,5.618739583164866769e-01,5.612748524871193911e-01,5.795133113611752318e-01,5.748027689996845213e-01,5.756990208992218694e-01,5.677242192491526174e-01,5.728790803690948508e-01,5.683360716759396913e-01,3.392214925502935463e-01,5.724724258244674457e-01,5.809325020079710855e-01,5.014319002793345970e-01,5.762109117121628765e-01,5.533156230140408027e-01,5.722769442917809979e-01,5.632485087755672026e-01,4.266556888212229004e-01,5.785085812007396688e-01,4.627426949637061804e-01,5.646326408415439646e-01,5.572640971396194409e-01,2.290116250155488087e-01,1.671848955391606606e-01,1.177028693704664647e-01,1.932946896306870499e-01,1.922848847493426327e-01,7.993374083647335204e-02,1.888866211336909517e-01,1.324974783482732454e-01,1.363059401440171736e-01,1.693242504129354453e-01,1.873909190796151786e-02,3.059778936380464290e-02,2.558295760415909559e-01,2.031389796247625168e-01,3.455388804448802920e-01,2.152573116627614080e-01,2.437677322804966407e-01,2.621964538728646654e-01,1.662506863294158643e-01,2.720186276546290305e-01,1.495508807368510218e-01,6.917303243951671010e-02,2.569764159488897581e-01,1.695423513408031158e-01,1.280339138740606009e-01,9.823356219343749862e-02,2.059610865287902007e-02,2.174047180968748105e-02,2.762924956896090634e-01,1.106474499706060627e-01,1.566436343980726342e-01,2.408197956601641210e-01
5.139990221853962815e-01,5.171691418848408661e-01,5.225792848803650914e-01,5.230911014678394366e-01,4.605614846556088104e-01,5.016605186547217210e-01,4.995363743653251642e-01,5.130029356518694961e-01,1.919974323423757345e-01,5.053620595223315970e-01,4.628412427462347267e-01,5.081802677840955296e-01,3.781903820261306448e-01,3.037719848559362612e-01,4.560891456535116628e-01,3.823830614940989525e-01,3.388973555899070789e-01,3.702628124648024710e-01,5.010758084305383386e-01,4.102501310218903963e-01,3.144800160380474274e-01,5.197943399886663096e-01,2.590806742144232677e-01,4.859058580085280354e-01,4.180397320411184947e-01,5.025964268710095828e-01,5.193466223619676025e-01,4.091292498849728454e-01,3.041820047868541987e-01,4.823403010719563011e-01,4.956425535566569285e-01,3.664660497393948391e-01,1.819021857137145537e-01,4.464338614091716284e-01,3.839013316838703060e-01,3.472073327654820463e-01,1.948920140410457524e-01,3.177856167715223390e-01,2.239423418981664193e-01,4.620397897802631659e-01,2.181026801762091794e-01,2.765498536929739126e-01,4.332187078226545363e-01,3.781060334415765056e-01,4.540542172496441209e-01,4.682698650900138371e-01,4.243350136196866185e-01,4.210234607467819856e-01,3.540059046477541105e-01,4.614850264650465772e-01,2.601444891704078333e-01,2.592017570638353585e-01,4.034231113648219236e-02,8.378090076439827227e-02,1.049797514937360760e-01,1.584711157916136037e-01,5.158917568232109785e-01,4.609659004889676281e-01,3.491835715466164447e-01,3.856603788781772790e-01,0.000000000000000000e+00,4.155426629369913805e-01,5.134264477401142557e-01,3.016398814706463538e-01,4.931980710712794425e-01,4.334474027493915305e-01,3.469926928993621873e-01,4.832772496953937624e-01,5.080108168130084145e-01,5.006260098825939808e-01,4.834974502766505311e-01,4.772386499572589535e-01,3.825415267871509206e-01,5.032542289240211630e-01,5.262280456231757109e-01,4.905208622555381481e-01,5.236771193656428736e-01,5.188769334481833084e-01,5.179463676269973060e-01,4.957750371758405383e-01,5.177855155948304366e-01,5.110857983431517093e-01,3.323179472024398451e-01,3.771806744219718954e-01,5.267246892887270660e-01,5.249559986034590953e-01,5.158266636013010276e-01,5.190977626398243228e-01,5.262606715286864967e-01,4.321535811164363694e-01,4.543665850994792477e-01,4.439776265322696314e-01,3.040579455968250300e-01,4.711404397693813584e-01,4.915924182546455579e-01,4.464804685975153897e-01,4.812295365532741620e-01,1.714243074632234298e-01,5.260396207302837635e-01,5.264758075402089510e-01,5.183992286046633646e-01,5.159082748609633562e-01,5.095972044717447247e-01,4.681024359484091679e-01,4.892620753354725016e-01,5.256166515698440511e-01,5.216031296064468359e-01,4.452440884899044882e-01,5.165448493213515846e-01,4.643135608895517241e-01,4.710430041680223612e-01,4.797433468581995819e-01,4.672251920834090133e-01,4.542020755758324757e-01,4.334133772957451947e-01,4.914693519787272646e-01,3.410949871919958798e-01,4.978592245940028915e-01,2.120297435358932947e-01,3.704632010948608611e-01,4.772606507869719961e-01,5.100455593696656686e-01,4.366930824575021575e-01,5.096852705754668644e-01,5.146425094136157785e-01,2.019179681194018527e-01,3.699504483629457163e-01,5.258712380548417054e-01,4.734674226062716151e-01,5.213450362673263117e-01,4.547072229446090796e-01,5.067071660128960042e-01,5.088640346439489148e-01,4.085060476677488950e-01,4.219970670705771032e-01,3.883019801469622667e-01,4.677285545331754113e-01,4.702113396383780231e-01,4.074646322458961856e-01,4.367217666811799015e-01,3.979173210986739484e-01,4.938023729043942711e-01,5.076556648629684254e-01,1.366803980781349515e-01,2.676491369194929915e-01,4.549030673894925991e-01,4.752558172991436791e-01,2.729697786102834312e-01,4.190993335964248723e-01,4.076078926530032343e-01,4.270378488838488806e-01,4.584845951859441437e-01,4.543243347334510185e-01,3.800875444579639995e-01,4.699949666681867422e-01,4.618197029026380740e-01,1.752201280671362438e-01,3.244918581236110322e-01,4.362859710006907199e-01,5.198859643815202380e-01,1.633924930425634248e-01,1.547028503616625916e-01,7.499375598641533358e-02,1.891878605553051762e-01,4.603909749726527445e-01,4.299842160144938252e-01,2.541778989366520469e-01,4.182996176494561680e-01,4.782396975549726981e-01,4.173888591634091205e-01,5.244011899444529501e-01,4.755751139686463236e-01,5.174670810562340684e-01,4.584725718410414541e-01,4.672163996973542899e-01,4.475122569798734018e-01,4.929475654461100143e-01,5.102139627232629149e-01,4.117121715950268213e-01,4.363628116980728389e-01,4.930330724432075984e-01,5.264918003816887460e-01,5.148106545219632846e-01,4.849072039650553778e-01,5.035500074756398270e-01,5.269986991445487767e-01,5.144117556922709333e-01,3.134057114515855780e-01,5.087477942131011233e-01,5.215408140971716788e-01,4.975179570918692451e-01,5.259564353164091211e-01,4.928788977725380716e-01,5.113397027395287786e-01,4.565200047763171010e-01,4.226177225209963861e-01,5.227175117439026852e-01,4.516781753168706559e-01,4.986955542098936434e-01,5.013001089130794119e-01,2.269690659334537564e-01,1.750909001574022517e-01,1.229509982375860677e-01,1.951613873957160628e-01,2.070792521762278016e-01,8.152665426699291784e-02,1.758768030970420948e-01,1.082212591695297238e-01,1.330045457188176461e-01,1.620032286914636632e-01,1.910281937342225497e-02,3.031824504422968303e-02,2.480107722536703807e-01,2.036777838046595346e-01,3.290478506462103936e-01,1.982895320018997209e-01,2.422591384727509900e-01,2.700428536260369161e-01,1.673687461102390250e-01,2.863467229997582186e-01,1.568163003560819335e-01,7.265224297646380447e-02,2.460861367477009953e-01,1.558822618810446481e-01,1.255219851289367805e-01,8.951238053877133560e-02,2.101211959356454051e-02,1.962100671579524239e-02,2.685119007505917255e-01,1.101319585244781851e-01,1.604889906861020343e-01,2.294157064594227469e-01
5.779264698357035046e-01,5.797708133293241195e-01,5.597583231565392836e-01,5.857240740151455904e-01,5.679435377144618213e-01,5.741385132200035324e-01,5.740786528562168423e-01,5.713253859765462517e-01,1.951604652424031028e-01,5.699262826689838191e-01,4.783188446457234955e-01,5.682763871330354100e-01,4.038876347261301514e-01,3.129151483908271247e-01,4.548122991423623196e-01,3.895293278846884144e-01,3.673128798285437147e-01,4.466982986962060309e-01,5.726524412671969433e-01,4.185886029927759489e-01,3.141242213529091831e-01,5.830322261274473172e-01,2.612058201505129129e-01,4.783304070566918309e-01,4.192252419347006764e-01,5.269365727811409217e-01,5.768527721239870010e-01,4.020080362984441713e-01,3.106027391649526792e-01,5.351043328261324561e-01,5.642496445922294823e-01,4.565265977447329759e-01,4.876072187435481209e-01,5.585313966882889947e-01,5.108146813013003662e-01,3.809256213896112242e-01,2.635703256941823724e-01,5.067383168110918268e-01,3.571640864727614328e-01,5.387611100905926875e-01,1.833213790286543632e-01,2.589735274829039757e-01,4.000881234298537259e-01,4.718665264055488251e-01,4.909494325612560606e-01,4.726097085809635723e-01,4.718124665298091824e-01,5.162706592700311292e-01,2.810837750877149821e-01,4.999985336448247719e-01,2.112787405593485324e-01,2.495919614054172009e-01,3.757764555289202363e-02,7.646811365965858198e-02,1.016079524325076977e-01,1.572169377597827655e-01,5.078468980569572633e-01,4.148862097912047742e-01,3.980964198880359572e-01,4.541667549049576702e-01,4.155426629369913805e-01,0.000000000000000000e+00,5.658876605016218697e-01,3.305804711968496346e-01,4.462185027010101557e-01,3.907608023799218344e-01,2.704336496465941653e-01,4.768042345978795726e-01,5.123731320164336411e-01,4.307177235232569901e-01,4.700243595558670218e-01,5.380057917526743783e-01,5.293182286074112897e-01,5.331004478597364260e-01,5.790742795009856669e-01,5.488922925295180999e-01,5.813215588794750088e-01,5.504797987929620495e-01,5.794825066714378581e-01,4.766086598511038996e-01,5.660008907444588067e-01,5.378143332558300571e-01,3.333945755817690482e-01,3.737751540158403829e-01,5.368575585477505241e-01,5.786675551086525315e-01,5.665636770940137845e-01,5.653139763392602823e-01,5.698607201381128418e-01,4.017821640740926181e-01,4.564467047689813040e-01,4.256936100610217433e-01,2.267861579727100674e-01,3.750115770264581538e-01,4.504312908539703786e-01,4.947346141174948642e-01,5.478740448512868788e-01,1.817566182765804339e-01,5.784254030646210909e-01,5.810059728154473024e-01,5.828490753030005633e-01,5.849444611054620546e-01,5.011888958797259264e-01,4.666216790875015175e-01,5.743117607219073717e-01,5.217495244015718514e-01,5.466450996704924625e-01,4.599627415688577470e-01,5.716613014423239658e-01,4.995412807162772362e-01,4.782271383927175212e-01,4.760112449696141113e-01,5.172835343067804237e-01,4.539735379020722328e-01,4.463785657045616917e-01,4.952381099777423135e-01,3.657022360403447414e-01,5.369855764730614434e-01,2.221673082076828787e-01,4.598410895034658052e-01,5.622502364797791197e-01,5.767489805071376319e-01,4.424139691920534467e-01,5.732793338764002877e-01,5.836587006677534939e-01,2.040410270492716005e-01,3.775325091999877647e-01,5.793166758488854651e-01,4.762883451069997998e-01,5.816456837329084806e-01,5.486829128506736097e-01,5.827260221101319138e-01,5.778343782213526403e-01,5.260819660830465816e-01,5.453098692746232157e-01,5.554865349579874989e-01,5.536104260399741239e-01,5.240339838592462662e-01,5.544695863797530766e-01,5.677418455238378847e-01,4.861089080328410694e-01,5.749736465182169187e-01,5.713584311751011002e-01,1.327835921315208556e-01,2.558149533478503712e-01,4.394707766455690501e-01,5.371428349491004228e-01,2.850718849271836053e-01,5.109040778039013464e-01,4.301859440975331350e-01,4.928140018191935479e-01,4.601904598809506419e-01,5.498766761956929150e-01,3.717744076118497110e-01,4.331729799298281169e-01,5.153743009149113208e-01,1.831943451761767483e-01,2.906498733265076018e-01,4.270428460902124246e-01,5.850180646204480306e-01,1.673141578895624426e-01,1.562533718571300356e-01,7.298385489686450012e-02,2.000692744608561779e-01,5.130079594795794451e-01,5.424890344439977641e-01,5.234121578631010241e-01,4.908990641173703318e-01,4.784864235203992733e-01,3.808794547842622724e-01,5.854231926297500666e-01,4.634279998941843726e-01,5.516057914216671021e-01,4.862199200870144788e-01,5.154226830004372539e-01,4.809025392639354468e-01,4.767698159361130061e-01,5.516699953640145093e-01,4.738736149448543600e-01,5.461971696943773713e-01,5.493123661117782497e-01,5.837750087109688790e-01,5.681526276234797335e-01,5.594355018218930553e-01,5.631864028352568941e-01,5.820548636703206657e-01,5.532688275067878525e-01,3.026422953699173246e-01,5.608722736652291818e-01,5.841331990007097019e-01,5.018822155927996631e-01,5.814271710426519579e-01,5.363593803744535204e-01,5.794879380784141443e-01,5.575495888206799533e-01,4.521723135536143134e-01,5.821169351847358397e-01,4.634043134802033892e-01,5.832522648646011332e-01,5.825576025061470764e-01,2.290628631815974092e-01,1.729028431267516097e-01,1.245152226890886421e-01,2.004909696252797358e-01,2.190373300587528382e-01,9.238540626603625183e-02,1.882131140962867710e-01,1.381153299463596940e-01,1.324150679947475873e-01,1.616675291833462869e-01,1.871369834505302518e-02,3.017366027134158260e-02,2.460720046752570001e-01,1.969206988122749191e-01,3.212652754657978615e-01,2.083339896320231255e-01,2.301446969008312804e-01,2.600067141447522379e-01,1.674069815993234900e-01,2.828045098098089238e-01,1.625776571633442691e-01,6.968149713729136774e-02,2.376125509165950278e-01,1.703253134013036629e-01,1.217370256110178878e-01,9.498892509645409654e-02,2.111624561119408369e-02,2.110972709335636258e-02,2.610307190072680972e-01,1.076433853273891933e-01,1.406433097986136416e-01,2.090966615072736567e-01
6.280808214657251920e-01,6.133316056540946137e-01,5.461279553316802371e-01,6.185846788444151478e-01,6.836571761069237807e-01,6.628018029119289167e-01,5.625286419189589049e-01,5.752855693619354227e-01,2.021580066294295097e-01,6.068626836452906126e-01,4.831346542478549555e-01,5.980604509761557885e-01,4.103290772344428405e-01,3.125526822242338798e-01,4.568860065342914556e-01,3.729057596671669361e-01,3.715683572160853321e-01,4.420114593995378427e-01,6.032290272456132252e-01,4.065449747499392252e-01,3.309074829500618931e-01,6.199385691210569371e-01,2.694719091765556684e-01,4.985683162834730342e-01,3.624304249464624927e-01,5.035246264549143591e-01,5.866725065817766094e-01,3.418419412012302372e-01,2.897057740217843791e-01,5.526976130879207583e-01,5.783442915012784180e-01,5.932579847979980725e-01,6.076674126377773488e-01,5.502996384737391944e-01,5.832561668312182812e-01,3.896361450305743102e-01,2.763033022568775476e-01,5.393121431865727233e-01,4.028557655506228574e-01,5.831342013527758272e-01,2.850681902068737950e-01,3.081476201715077634e-01,4.899907323967354067e-01,5.295409855371590035e-01,5.449478191605986455e-01,4.458796575911556648e-01,5.820155127057392574e-01,6.196535449031822518e-01,4.061749576053225175e-01,6.504550692608357387e-01,2.991578253718893410e-01,2.352519073489711399e-01,4.384115123964275190e-02,8.539012075878614494e-02,1.059539971133399427e-01,1.407064908257520119e-01,4.326412182928930372e-01,5.821852875611116529e-01,6.594031571009506543e-01,5.582151737512154321e-01,5.134264477401142557e-01,5.658876605016218697e-01,0.000000000000000000e+00,3.915139340398704482e-01,2.425306450224760102e-01,4.771466143094527657e-01,3.491873758397387451e-01,7.171865998931346020e-01,4.627341551313444712e-01,4.816913997653471946e-01,5.642209691778145020e-01,7.145683749818392272e-01,6.837385946660011760e-01,5.584229266581428597e-01,6.724059488183891098e-01,5.322092465480413592e-01,5.725129743108284819e-01,6.056932312147552677e-01,6.043372470661836360e-01,4.930252848748671868e-01,6.177890137317788577e-01,6.780234452191240546e-01,2.948103492506029544e-01,3.375227456598478559e-01,3.147476956274424253e-01,5.243972098261868720e-01,5.030643160704084682e-01,7.143780320377337567e-01,4.603368710596524860e-01,6.891125209671475904e-01,3.518576651355163065e-01,4.515563315286872381e-01,3.993745498603099020e-01,2.620184470858445969e-01,3.711435524841903977e-01,6.386768298618412665e-01,5.994869470905732634e-01,2.072027132173213104e-01,4.008069033109953883e-01,3.315380751739568366e-01,6.532160068727023150e-01,6.898600552627436322e-01,5.041892520178012926e-01,4.417597789103855366e-01,6.433847257686359233e-01,5.247906645187457864e-01,5.360855058988195365e-01,4.639736353106633793e-01,5.854334496144965039e-01,5.073839526548094003e-01,4.802330808918648386e-01,4.844121082101221498e-01,5.470528103621611349e-01,4.561547449186046932e-01,4.299156134605731094e-01,4.949955842646565074e-01,3.853617354810087714e-01,5.355346820794912865e-01,2.339188235117073966e-01,4.723089405511373684e-01,5.786952866438892507e-01,5.562870110173256943e-01,4.299259602096121013e-01,5.384287555416138460e-01,5.412461060121832590e-01,2.028630523499181659e-01,3.597371453416144949e-01,5.831198594413494751e-01,4.649473540864940690e-01,5.988587783102685691e-01,5.711864791373610917e-01,5.932040756201721887e-01,6.782314409998795313e-01,6.343592674817810639e-01,5.830864869697427455e-01,7.088022981862559524e-01,7.157396724325357784e-01,5.449058342237362851e-01,6.328777284875284348e-01,5.837718727549267017e-01,5.158156736674650578e-01,6.418705607576197236e-01,4.995895698200884527e-01,1.499674540536017620e-01,2.822718602432116031e-01,4.843079779873979418e-01,5.727685802559892014e-01,2.828772180874671860e-01,5.826622682609632342e-01,4.098156983838007195e-01,6.759080551028742168e-01,6.525939807980394303e-01,6.820433215287105000e-01,3.828582797421014039e-01,4.891925749110691557e-01,6.437933036960231670e-01,1.857504015357899496e-01,3.440488855477086272e-01,4.412310324648417992e-01,6.256489173532365777e-01,1.650421128641932078e-01,1.494334692263850906e-01,7.949566228951818192e-02,1.905154609289355649e-01,6.710856084543331823e-01,7.040549839448899672e-01,6.797159270244913509e-01,6.018278649635196986e-01,5.008360616269441623e-01,4.732528616619045558e-01,4.943635564832090656e-01,4.272784085644214525e-01,7.162679570084016234e-01,7.132312088803668404e-01,6.958362608267169014e-01,6.042354112119869836e-01,5.676315986471346386e-01,5.775847659932272782e-01,5.652669547857792631e-01,6.776509945430295723e-01,6.240613959928802412e-01,6.288302775835031833e-01,6.185764231791482937e-01,6.957879131605984036e-01,6.348122627977758059e-01,6.502818870203809221e-01,5.758996997214382851e-01,3.345671924793879315e-01,7.145018048138165323e-01,6.333829600574674146e-01,4.344326365795135869e-01,6.265131899562041973e-01,5.734111812202915548e-01,5.830867677656295101e-01,6.082539027632144490e-01,4.585373655198392018e-01,5.050908817177865995e-01,4.333658727840640212e-01,5.999569832688097515e-01,6.127588968729451580e-01,2.351632525979864274e-01,1.818024380083631819e-01,1.207981173470921293e-01,1.940132586104605650e-01,2.115115245081380657e-01,8.374790446708726965e-02,1.787190343256412073e-01,1.413354671942530227e-01,1.386192877075709817e-01,1.866307382256005287e-01,1.739645370675022701e-02,2.964829456659566834e-02,2.649693631070625388e-01,1.968708396400917771e-01,3.491106152048903954e-01,1.901167937510006289e-01,2.481319909652113243e-01,2.749459596510146486e-01,1.783651961243432060e-01,2.939743438145084875e-01,1.410913986617250704e-01,7.308375587193832734e-02,2.407352440828487150e-01,1.676588007597675789e-01,1.314622955286333938e-01,1.036005150855173057e-01,2.121630879237709072e-02,2.258954175219321514e-02,2.893628111300634020e-01,9.391155154530023141e-02,1.542190834440179958e-01,1.941624518094601515e-01
3.959657459262384549e-01,3.856330277484791846e-01,4.100986324471065370e-01,4.052390787120243032e-01,3.713232734116324596e-01,3.813069526947358012e-01,4.040308801803934591e-01,4.065093472681374775e-01,2.082910690569272361e-01,4.011170417137358002e-01,4.067108305560904191e-01,4.110679673982782223e-01,3.991351028289480407e-01,3.022917752585763673e-01,3.995237624764433337e-01,3.869138993518734804e-01,3.719100066387159842e-01,3.269820184153339193e-01,3.989413011633680117e-01,4.043946546503421335e-01,3.265811131525183653e-01,4.073293687517626771e-01,2.644428991259714090e-01,3.905759098160569431e-01,4.050816087119919473e-01,3.963259061088900692e-01,3.988847842887807138e-01,3.492222123800931555e-01,3.174024159406413914e-01,3.465232082003357195e-01,3.802465607635857614e-01,2.966912798079272551e-01,2.880625806072158457e-01,3.118940410178623890e-01,8.374319715930218788e-02,2.969330577910905822e-01,2.177048405923199537e-01,3.895557200876528237e-01,2.377756944667563377e-01,3.209606085799153186e-01,2.354336833117156302e-01,2.579866767076695599e-01,3.315529205263654244e-01,3.948048818929940085e-01,3.877769410824538077e-01,3.752162918429192140e-01,3.701309445162269118e-01,3.981162321880220567e-01,3.729709434259708134e-01,3.982084755954858335e-01,2.842458082519565554e-01,2.681112576856346519e-01,4.337954658516823825e-02,8.836250632203063171e-02,1.065338277218323415e-01,1.597026348171719790e-01,3.981136019776830293e-01,3.539243862230755933e-01,1.979893079671653233e-01,1.614490736585942610e-01,3.016398814706463538e-01,3.305804711968496346e-01,3.915139340398704482e-01,0.000000000000000000e+00,3.352514351403050874e-01,3.922752642658210998e-01,3.455453083203381959e-01,3.994713325890319466e-01,4.007160902073475528e-01,3.987849380758702322e-01,3.996033943121315990e-01,4.057284142848005537e-01,4.041378715734752491e-01,4.072402316789955345e-01,4.086543963846266392e-01,4.085573715086123769e-01,4.092622915630103608e-01,4.075589518369361341e-01,4.050951776463770915e-01,4.093100796319768531e-01,4.089847063589098219e-01,4.095267849587325704e-01,3.315250229715193675e-01,3.777673845203606273e-01,4.091061517527512237e-01,4.083998152705079487e-01,4.065822189006174092e-01,4.075977086109794367e-01,4.085828157744720857e-01,3.772294675647498430e-01,3.940336682635572907e-01,4.071135394569944665e-01,3.786195381519006919e-01,3.965750594005346685e-01,3.902027986152412087e-01,4.011257464682374541e-01,4.073996668555690537e-01,2.101192509532850139e-01,4.102552769756137030e-01,4.104460359205282516e-01,3.999145882389202877e-01,3.997338235068722545e-01,4.081709049657609167e-01,4.077940069373164333e-01,3.756149112977582027e-01,4.086854423340641751e-01,4.051598388296015485e-01,4.050815165526031048e-01,4.064556455835950932e-01,4.035884000171460761e-01,4.055556256157306638e-01,4.098754353206255918e-01,3.191439463781637342e-01,3.960181700229140622e-01,3.996133014587887611e-01,4.031899697988709508e-01,3.575447803372269751e-01,3.909279325272425609e-01,2.192103669265887123e-01,3.392704882061908234e-01,4.052615564967692596e-01,3.969639199186675294e-01,4.053714701072740345e-01,4.034092078820250005e-01,4.079006999719451687e-01,2.021271140234066066e-01,3.782569520196270019e-01,4.053341442125496519e-01,3.929474689779790531e-01,4.031350516867953093e-01,3.410346458589186280e-01,4.078539388339772476e-01,3.903683501585240578e-01,3.828226499484219114e-01,3.046035735085635410e-01,3.163010526970582159e-01,2.717153932531852778e-01,2.859425869455535785e-01,4.013173190444424554e-01,3.772179718476323940e-01,3.301894773742475864e-01,3.780860165346724977e-01,3.808148215106407775e-01,1.416556207231280951e-01,2.709480508565160761e-01,3.769350090946624876e-01,3.926674960205525644e-01,2.914698132792616359e-01,3.923667498327371717e-01,3.841156592030922634e-01,3.865303308466132570e-01,3.860926287455149764e-01,4.041337133559968486e-01,3.964654532364678685e-01,3.914141848918261113e-01,3.952691610953552037e-01,1.934897889772949631e-01,3.437492649864811733e-01,4.089495995577411280e-01,4.101483707207426166e-01,1.644207350899432596e-01,1.537831300055634287e-01,8.213045047941662513e-02,1.996103670378742423e-01,3.372686141559613215e-01,2.854112412716670044e-01,3.427910482598325870e-01,3.215051253965766076e-01,3.631192684927609382e-01,3.865822490744731388e-01,4.091015659361832979e-01,3.900910638188732071e-01,4.051420461293188668e-01,3.711535421399129731e-01,3.910187150603874340e-01,3.773782217463013122e-01,3.869775604462619145e-01,4.065707045136566222e-01,3.690453641757200365e-01,4.049163327936871060e-01,4.084145294049359998e-01,4.078737083354339044e-01,4.102454559729165062e-01,4.077937363464413933e-01,4.078355208704304014e-01,4.092066254536890213e-01,4.069653584133588464e-01,3.449878188295594228e-01,4.085186443657614630e-01,4.086693946618802364e-01,4.083350116208790404e-01,4.082382055163723544e-01,3.974023338035390651e-01,4.085435693261224022e-01,4.046637272836844379e-01,4.020880187189141419e-01,4.080955491650096190e-01,4.095999150507337316e-01,4.085536147622160219e-01,4.068208074041643751e-01,2.367199859013422725e-01,1.790612821538042354e-01,1.259746916965690799e-01,1.978318323919958932e-01,2.229300726337175020e-01,9.122473411488311867e-02,2.007888702824091320e-01,1.406232882537416795e-01,1.370624380795782415e-01,1.775207863464390579e-01,1.847256097429869279e-02,3.010530627462393999e-02,2.580343099274363672e-01,2.016288415481202190e-01,3.527661573528829142e-01,2.171788902126018106e-01,2.516681184746951128e-01,2.744877514517957695e-01,1.807808073399329030e-01,2.969568442878126047e-01,1.678588396844042929e-01,7.639492579708165310e-02,2.689433667788825866e-01,1.777742536810126006e-01,1.307459867815735088e-01,1.015378971365493987e-01,1.979424668654879149e-02,2.167579262332645917e-02,2.767552491389446145e-01,1.096006128500136290e-01,1.635369910759218448e-01,2.386123372984329805e-01
4.725760536067177275e-01,4.678448038429275369e-01,5.372973927352895362e-01,5.216371525356628958e-01,4.977535180348903743e-01,4.513780545161065194e-01,5.171668781082308097e-01,5.232792550640691376e-01,1.922396265142473915e-01,4.966129900150974552e-01,4.769867145636266237e-01,5.330094841971715347e-01,4.137643907446132419e-01,3.001471747829363435e-01,4.431213139315485217e-01,3.536642837154861940e-01,3.713638986935486330e-01,4.381863500806528755e-01,5.011940357403354973e-01,4.068743912833637788e-01,3.437709887327114466e-01,5.394617957582527046e-01,2.667585619189844492e-01,4.988154759900284563e-01,3.886931738475933318e-01,5.078419813601339206e-01,5.237717730231772340e-01,2.994642244023243971e-01,2.393070461849915176e-01,3.306015291867104300e-01,4.680999472885770674e-01,3.422851942855243967e-01,5.073206106745192789e-01,4.600248483409004052e-01,5.259611929910507078e-01,3.883422511500906893e-01,2.640690813336744047e-01,5.363777544941746855e-01,3.211640385578363177e-01,5.506210662686862323e-01,2.799218543643203216e-01,3.061828833287509322e-01,4.845736108231517014e-01,5.216565910100765535e-01,5.438711023333695493e-01,4.580006039610762247e-01,5.513759326072665834e-01,5.440566049937973769e-01,3.907680057484068104e-01,5.462561315317446820e-01,2.834584343015575381e-01,2.271083581518018035e-01,4.285463959642242526e-02,8.082226995702038175e-02,1.048851547962975223e-01,1.474125645710550603e-01,3.414666789131209357e-01,2.549579027205474691e-01,4.755842098682786512e-01,4.046922742649995408e-01,4.931980710712794425e-01,4.462185027010101557e-01,2.425306450224760102e-01,3.352514351403050874e-01,0.000000000000000000e+00,4.658900765652007059e-01,2.986214214587717408e-01,5.283510945276665982e-01,3.995731184295573390e-01,4.540901230505449693e-01,5.081637308992140722e-01,5.478547209017919917e-01,5.303413840463994111e-01,5.496496660912274512e-01,5.102418462374885832e-01,4.526565891610556669e-01,4.944157314066700559e-01,5.303570964530852638e-01,5.049823755479139198e-01,4.983267264061594370e-01,5.266104523874162169e-01,5.499082708702338618e-01,3.231885219462276027e-01,3.471777321070322886e-01,4.822189886169922501e-01,4.850020706947553717e-01,4.834173366557676932e-01,5.403890356668137329e-01,4.432855102047313922e-01,5.373550506266636662e-01,3.607862362880210894e-01,4.473280562580428388e-01,4.055836948047891743e-01,2.988534468520300247e-01,3.964127685702024118e-01,4.608260123051415857e-01,5.192757780289252167e-01,1.961192787664974568e-01,4.718225183916321397e-01,4.389384447715937165e-01,5.132649960487150054e-01,5.178262083790300396e-01,5.064489463373259559e-01,4.395867975228547331e-01,5.279492079292275042e-01,5.249607854263484974e-01,5.322235171178510971e-01,4.609293774804243959e-01,5.173613673142739566e-01,5.074165594922852573e-01,4.760764395253119230e-01,4.808325270677706320e-01,5.341540670720359429e-01,4.444319326664852854e-01,4.440926014592978532e-01,4.864139826468417693e-01,3.814762968907285390e-01,5.071296195815189201e-01,2.255692224418489877e-01,4.703536878213567807e-01,5.220775700954450871e-01,5.066958669724890285e-01,4.372243863762091953e-01,5.209222540345763708e-01,5.125272031366646663e-01,2.042427172173869876e-01,3.656100873349042990e-01,5.504481394400024818e-01,4.749412675565112263e-01,5.281849372770159867e-01,4.547747530865954846e-01,4.892141936054972828e-01,4.735348098029412700e-01,5.336200639484920405e-01,5.370284629441661739e-01,5.025366601851628534e-01,5.513569503779066627e-01,5.409467914232983787e-01,5.165750442166456846e-01,5.440630144291738191e-01,5.176917729946926006e-01,5.514640328363402677e-01,4.231096172753015527e-01,1.474126306878181247e-01,2.821228698921933176e-01,4.860982210429966588e-01,5.487770472318100889e-01,2.846506977407489147e-01,5.342361644541524512e-01,4.247923398350730295e-01,5.425321247924360657e-01,5.413367702817032390e-01,5.434596120421408827e-01,3.919116069357824750e-01,4.703883812275315157e-01,5.406082427619329778e-01,1.847526544475376065e-01,3.549006928887204482e-01,4.325733441769035736e-01,5.301825760329905712e-01,1.654042114867682878e-01,1.360045725759893853e-01,7.341195263083899469e-02,1.713319119808944246e-01,3.974008794533388511e-01,5.469180031264441189e-01,5.487041266617987967e-01,5.403885363361518035e-01,3.505927479405536729e-01,4.516353303242133244e-01,4.945712940028092475e-01,3.900990704475195137e-01,5.257038420062699613e-01,5.401686609182535515e-01,5.289713709112738860e-01,3.981889751881982908e-01,4.818120582968651866e-01,4.218745777989993395e-01,5.141563235116951569e-01,5.091430574374853357e-01,5.484950007602433786e-01,5.109430004204242870e-01,5.509266546937278131e-01,5.450132964762461896e-01,4.665622647656640365e-01,5.028000266799188545e-01,5.506790722383317904e-01,3.498056013918925400e-01,5.440716438420085677e-01,5.207927166748357317e-01,4.841679362602795411e-01,4.895722413842129583e-01,4.980529420905344673e-01,4.724938392212379989e-01,5.346592565779237916e-01,4.526201069445703884e-01,5.129922181690829142e-01,4.569664130124300727e-01,5.162440300885065003e-01,5.270908115111779813e-01,2.293236098065288830e-01,1.797255863498430362e-01,1.208653248075255981e-01,1.906425035042694782e-01,1.975790774613573886e-01,8.129948910514112059e-02,1.796126433174687620e-01,1.396059665924863913e-01,1.380229246625322981e-01,1.831674122281287398e-01,1.911131324038607346e-02,3.079856849619150294e-02,2.627791543512978389e-01,1.971345188227435763e-01,3.361130307903513748e-01,1.865607378933820115e-01,2.337244867443737106e-01,2.632109113825583102e-01,1.742310092257433052e-01,2.768339143414108028e-01,1.309608895278847329e-01,6.839857265146824516e-02,2.322084664791261577e-01,1.593682062070212180e-01,1.276557858773559873e-01,1.024017613254941117e-01,2.074524109379553144e-02,2.228918286754625125e-02,2.805315243342384468e-01,1.030786343696669521e-01,1.418297624616709218e-01,2.044194299657406400e-01
4.692181536494263172e-01,4.678629734781081240e-01,4.745496935478302758e-01,4.794147817057346495e-01,4.733287953348210286e-01,4.764714540286102973e-01,4.651696581974956168e-01,4.684852935199553814e-01,1.830222066046132134e-01,4.653979457595887048e-01,4.327171061462230517e-01,4.401480829036549247e-01,3.523826510678091939e-01,3.170298738781071046e-01,4.386995296446684622e-01,3.959135808847531468e-01,3.685895785843770200e-01,4.562615258172728616e-01,4.651583088387936105e-01,4.049278733167764877e-01,3.278771418103447188e-01,4.784521132171990487e-01,2.632437341302162892e-01,4.658187865630397106e-01,4.271889105713732593e-01,4.681501511114963821e-01,4.776549832873331902e-01,4.228577692097312823e-01,3.302554535267741009e-01,4.729928990321999871e-01,4.808363107763077848e-01,4.444058105608689191e-01,4.405904809202011441e-01,4.760005407742305961e-01,4.585102813993960913e-01,3.958342654967903496e-01,2.756814210145447919e-01,4.334425720647757108e-01,4.383037043510608632e-01,4.607013337404683440e-01,2.568261246792892250e-01,3.031167762287335643e-01,4.569132215304136935e-01,3.686249884827474399e-01,3.024222786586980294e-01,4.712997638028723069e-01,4.407638244233069158e-01,3.521157961228848499e-01,3.693640347118535838e-01,1.467206864128281496e-01,2.032171438084206527e-01,2.492861423597844128e-01,4.131160803323380426e-02,8.346586414726601955e-02,1.057219229970777913e-01,1.595201774814508922e-01,4.722323688639055717e-01,4.304105061370473995e-01,4.125616408830233839e-01,4.482180104287559752e-01,4.334474027493915305e-01,3.907608023799217789e-01,4.771466143094527657e-01,3.922752642658212108e-01,4.658900765652006504e-01,0.000000000000000000e+00,3.038427709621191464e-01,3.881471764120373869e-01,4.551848112343701014e-01,4.519782199926637434e-01,4.245841024914531192e-01,3.487291864926776452e-01,4.036822943652133011e-01,2.035986718833092401e-01,4.586562618002817948e-01,4.610301260812836310e-01,4.652018614218740855e-01,2.753253629519329393e-01,4.611150620732245020e-01,3.850186304895963918e-01,4.125983969973701093e-01,3.043632450298566772e-01,3.317501706688246732e-01,3.629973789962581132e-01,4.688033340633288582e-01,4.718958511889159713e-01,4.737020072403274051e-01,3.898294855898995492e-01,4.705125763698452257e-01,2.910778000911825036e-01,4.560432331840267306e-01,4.200182762241463919e-01,2.101766864112466771e-01,4.502473886744556841e-01,4.713615850709102495e-01,4.463472631585865269e-01,4.141999335811963889e-01,1.848744904435301317e-01,4.649656869800501968e-01,4.709394813608395181e-01,4.799304725236665514e-01,4.803560877181836664e-01,4.709673661682851620e-01,4.659260564493068468e-01,4.740178171823076769e-01,4.802698190317042370e-01,4.784953560949951057e-01,4.408440723829248897e-01,4.743292291398605309e-01,4.445967784755724406e-01,4.170100236945036842e-01,4.176305115441033000e-01,4.467697262203737529e-01,4.543670647235480975e-01,4.220668972646931527e-01,4.451130298001123586e-01,3.620537810024356817e-01,4.524660684720863135e-01,2.162786291018141405e-01,4.557041427622667840e-01,4.225876646751400845e-01,4.618280406156883289e-01,4.298618015992588526e-01,4.690449560731875245e-01,4.803066240458411795e-01,2.072671717290423821e-01,3.781908099423351710e-01,4.780641618496596079e-01,4.738412746257109065e-01,4.799968829933899950e-01,4.610715956322549713e-01,4.792597096706572857e-01,4.783067696363793586e-01,3.943499962450036644e-01,4.611553463730244107e-01,4.663778361865470456e-01,4.649408705672407049e-01,4.615426004321934172e-01,4.510712687059848514e-01,4.617855563411211173e-01,4.572457127839436586e-01,4.716668641628216085e-01,4.736739317032703234e-01,1.361237809594123549e-01,2.726962994248492977e-01,4.401360017570192795e-01,3.807733442443277383e-01,2.758007691278916984e-01,3.672609546034715233e-01,4.250487843187182868e-01,4.123942754899899144e-01,3.942418734965551508e-01,3.650080224833430753e-01,3.578871110781899345e-01,4.576867315678201376e-01,2.614893008792153473e-01,1.869194644704025576e-01,2.754359420975106554e-01,4.058021742675640420e-01,4.721803420099633941e-01,1.696216918331807100e-01,1.589332331205117466e-01,7.799194057629652010e-02,2.005636225798881345e-01,4.457287939114018549e-01,4.437013148861890244e-01,4.421770868636800689e-01,4.558902282774552894e-01,4.559270733777423534e-01,6.030912995965992396e-02,4.794814153762341213e-01,4.608299337828570263e-01,4.360114049423380878e-01,4.058224952074455660e-01,4.420522520282817447e-01,4.387350448950723125e-01,4.367918542839849816e-01,4.773891361362524455e-01,3.833735805153513643e-01,4.544250467047708519e-01,3.675727781033349961e-01,4.767903337312723311e-01,2.669800319947799316e-01,4.587923630501081207e-01,4.627959944216689103e-01,4.564083655498929470e-01,3.656728524197160879e-01,2.007852368226943629e-01,4.071632754807218979e-01,4.811657383577894742e-01,4.806269968260217795e-01,4.791019558186524474e-01,4.395273462373052720e-01,4.764356539469153384e-01,4.314869213277709448e-01,4.500591045039812332e-01,4.793040624231280078e-01,4.628524455651625291e-01,4.785334672955254831e-01,4.784030155357142933e-01,2.204091846994087889e-01,1.632810597634453686e-01,1.293732826037533035e-01,1.982162500620991141e-01,2.194774487317383838e-01,9.454336707248983673e-02,1.891323012610600374e-01,1.354635426307554680e-01,1.196042142670973168e-01,1.483167893225509348e-01,1.846595611889541300e-02,2.944045969466648621e-02,2.568827964902714589e-01,2.024983634442299452e-01,3.276103246616600684e-01,2.163554988444457428e-01,2.283118642562172451e-01,2.426852996387500183e-01,1.770491906290297124e-01,2.432519554138359574e-01,1.647900535136422040e-01,8.349540271903437005e-02,2.632792035391415264e-01,1.799751967517925211e-01,1.051692804419002841e-01,7.816782534020520756e-02,2.085540647910887058e-02,2.081735097512420196e-02,2.736033382055723107e-01,1.178841210918447485e-01,1.514395836829826036e-01,2.338491017400733674e-01
3.548401261964608255e-01,3.466731127621271447e-01,3.586106619248660143e-01,3.570414042786104192e-01,3.582979236720623128e-01,3.562129146895023912e-01,3.580697702563360174e-01,3.555387509643507804e-01,1.977027181312923654e-01,3.567193117195081586e-01,3.544190436529037203e-01,3.537608172908486281e-01,3.534977195889318913e-01,3.258756870597858124e-01,3.466428668489381359e-01,3.362328072187113492e-01,3.594806041059107060e-01,3.577619371284307959e-01,3.446387331327019909e-01,3.512598264848541540e-01,3.510963529168573127e-01,3.592625490651430997e-01,2.740092174511334910e-01,3.597233289075912332e-01,3.584431010705788068e-01,3.564619154104454180e-01,3.436448068074888229e-01,3.478112861040096870e-01,3.369825672878238310e-01,3.376088803231383495e-01,3.500577090731312735e-01,3.070828060398037018e-01,3.501669270179652571e-01,3.525294188090969394e-01,3.523417011353922601e-01,3.569099150130066733e-01,2.878314287285241302e-01,3.598878419921303085e-01,3.392269272085872145e-01,3.589924636520993584e-01,2.795947896133907373e-01,3.098015525093141820e-01,3.604031045894124929e-01,3.466865693330121179e-01,3.575952538480637877e-01,3.600833368746041430e-01,3.603449450035810520e-01,3.202908056388330538e-01,3.347077221514664913e-01,3.442963029169770484e-01,2.021422648742704220e-01,2.227026629833156746e-01,4.256395648757274608e-02,7.204619370569834147e-02,1.005856394990920916e-01,1.590572238843152852e-01,2.505245515557809055e-01,2.405167214440788737e-01,2.544501101161508183e-01,3.209502838147173520e-01,3.469926928993621873e-01,2.704336496465941653e-01,3.491873758397388561e-01,3.455453083203382514e-01,2.986214214587717963e-01,3.038427709621191464e-01,0.000000000000000000e+00,2.107254248676873887e-01,1.907835630959093809e-01,1.893717973574493563e-01,2.783071132411529813e-01,3.467823500325522557e-01,3.300671496897704116e-01,3.347008315861927374e-01,2.735757677005961064e-01,2.670736815687145826e-01,3.392369954344659488e-01,2.710836086745674334e-01,3.255310213993050650e-01,3.247018979703927277e-01,2.934488987131121940e-01,3.258061787722678626e-01,3.298037085901303067e-01,2.932800253289766235e-01,3.590931565915250756e-01,3.451544597063831987e-01,3.270132835410993200e-01,3.048836583586051474e-01,2.889796162360682152e-01,2.891989267713930278e-01,3.512766484530515654e-01,3.430431623269639685e-01,3.060351940782177205e-01,3.072426854030996801e-01,3.380411871830686366e-01,2.666101761729510744e-01,3.445359192648447810e-01,1.926114400891966727e-01,3.594843649076223668e-01,3.529377870171630516e-01,3.589191639533009792e-01,3.567531326969282102e-01,3.550111492738707852e-01,3.586780031948045844e-01,3.582760064608618289e-01,3.600636193444582966e-01,3.603954010910046524e-01,3.569941648915421206e-01,3.597734757908755965e-01,3.595484309696805325e-01,3.518908577364926460e-01,3.505572615320973751e-01,3.517285366547248104e-01,3.517821703281711065e-01,3.582758621177808411e-01,3.434652187846077287e-01,3.588242820988175596e-01,3.373904999537058469e-01,2.352916605081567802e-01,3.566717598647540233e-01,3.468341369499344240e-01,3.448739099699154043e-01,3.518706787613196663e-01,3.561204289817939128e-01,3.563747677764274036e-01,2.095622137249537886e-01,3.577625503825679343e-01,3.596029514817853379e-01,3.582045422695735448e-01,3.423234996783885986e-01,3.360725366880519815e-01,3.540920116003958285e-01,3.575419487154555820e-01,3.359096371802290371e-01,3.571632725848076229e-01,3.557943873821761138e-01,3.596868590932498777e-01,3.574713312762444750e-01,3.498174298462745635e-01,3.596864814659623821e-01,3.608405029772759898e-01,3.570983762419829843e-01,3.570263348517141999e-01,1.505033022857797942e-01,2.907411367334000740e-01,3.601558155192868815e-01,3.597780501678262688e-01,2.998166114126930570e-01,3.534806235957742016e-01,3.588092235330017643e-01,3.591898580019661225e-01,3.523090020730201277e-01,3.555011931519934110e-01,3.538042448871158152e-01,3.479358582797968946e-01,3.570491069545062013e-01,1.847091531963329092e-01,3.414276039871403379e-01,3.171595849198823314e-01,3.235084356403665207e-01,1.689950038540177779e-01,1.360320429514559892e-01,7.171126321933238290e-02,2.069210061905197018e-01,3.186568560866546163e-01,3.569416577061310658e-01,3.593508005220352741e-01,3.598291991727357586e-01,3.192476684444672808e-01,2.993630009163401051e-01,3.297870108779239473e-01,2.753249828993387660e-01,2.492384675485589396e-01,2.931174079111801278e-01,2.773959875653544960e-01,2.674962418304228096e-01,2.391958165831580829e-01,3.027007181922757861e-01,3.350816167118345068e-01,3.104565753440103326e-01,3.477366405644131131e-01,3.410483087232988320e-01,3.367558821604820785e-01,3.359820331922362957e-01,2.806447410244066187e-01,3.160267584126018048e-01,3.340130933804600910e-01,3.363414935405657502e-01,3.216867870995328560e-01,3.507315019309393267e-01,3.601316139423176854e-01,3.205876896924985120e-01,3.471089117815878700e-01,3.275732524949973579e-01,3.534124445232110223e-01,3.591116328383021084e-01,3.606442115426702899e-01,3.600447051808772225e-01,3.595141138492394250e-01,3.586201701140771525e-01,2.112487973095048543e-01,1.664248256235763834e-01,1.226142964995890761e-01,1.964848625884288991e-01,2.205034492500326238e-01,9.529528508516271756e-02,2.158771339651692212e-01,1.499068000450046179e-01,1.371775513943771507e-01,1.834610143585154729e-01,1.888087661594887307e-02,3.078295701315425861e-02,2.704517619322449606e-01,2.098120095312259181e-01,3.437739830968584154e-01,2.230929095049114241e-01,2.134337259971330614e-01,2.397648368453400569e-01,1.755746959683169572e-01,2.783369721004387287e-01,1.604566398112758363e-01,8.204059100144985017e-02,2.780306189555600271e-01,1.920501527104503392e-01,1.172645947177413522e-01,9.268807491060433723e-02,2.097262776735853498e-02,2.258270417038234917e-02,3.016000389381985336e-01,1.188488441608064883e-01,1.551556190483298625e-01,2.388041553774551407e-01
6.845758445202503317e-01,6.586625897569828858e-01,5.606294637189694896e-01,6.342295219697480224e-01,7.453054011036083226e-01,7.369921676128692312e-01,5.882754969923813526e-01,5.995902332960700853e-01,1.934184080478907053e-01,6.610283447388398681e-01,4.900599596926764057e-01,6.020080629753626900e-01,3.912563384357230500e-01,3.319717604750811457e-01,4.698232229542204652e-01,4.023419883604493763e-01,3.903513298290514633e-01,4.667596404253595566e-01,6.473445601529725923e-01,4.237191068471828914e-01,3.520043719905470714e-01,6.490120021725085397e-01,2.740097937917631010e-01,4.997218423988670222e-01,4.272281310099617646e-01,5.377560057238961466e-01,6.138860800788659144e-01,4.300850611355548359e-01,3.537954615485500720e-01,6.922832935761749074e-01,7.273847992640917193e-01,6.362622794075780686e-01,6.002960297067606588e-01,5.837615132103846083e-01,5.744363024502306958e-01,4.039532432737492074e-01,2.878202438239378380e-01,5.344478030232864274e-01,4.451846327404336279e-01,5.816163893554480158e-01,2.745756771208687219e-01,3.093979923236716001e-01,4.885190231246606118e-01,5.115570446753145983e-01,5.428244146413200300e-01,4.832493697053023562e-01,5.709878298376535044e-01,4.474092244061644297e-01,2.894710710537058418e-01,6.033648163392471009e-01,1.602598506405692735e-01,2.283936699524443947e-01,3.900396756065430820e-02,8.212913113185382752e-02,1.024897137431013683e-01,1.601153947087999019e-01,6.281210219808247563e-01,5.727493983120367504e-01,5.339628572418988472e-01,5.498400554473305002e-01,4.832772496953937624e-01,4.768042345978795726e-01,7.171865998931346020e-01,3.994713325890319466e-01,5.283510945276665982e-01,3.881471764120373869e-01,2.107254248676874719e-01,0.000000000000000000e+00,3.400219881115670861e-01,2.478028040464220205e-01,2.279137981313053007e-01,5.940968405198588931e-01,6.401743402742597899e-01,4.647481731975353081e-01,4.894058092730824705e-01,5.508423222626300797e-01,6.566501282238573767e-01,4.489235685218094796e-01,5.848120868329816924e-01,4.232779276961488590e-01,5.283436114395501093e-01,5.862920167465166532e-01,3.136997789602887776e-01,3.089206971284418901e-01,5.414205524611747089e-01,7.267733688325989094e-01,4.705053414476447204e-01,5.823848069304486952e-01,5.456394072034531639e-01,4.116725622537935614e-01,4.478852868160774769e-01,3.412842091692954716e-01,2.639824538774799834e-01,4.446426999951428871e-01,4.406857709008870083e-01,6.360612613299945206e-01,6.024458035044079063e-01,2.039317956171653734e-01,7.459149274213703329e-01,7.360495951356532673e-01,6.874043974695061010e-01,7.223903762459253919e-01,5.044798388587663496e-01,4.631804540419975358e-01,6.486097892366725626e-01,5.187560547784865195e-01,5.513209896175030877e-01,4.821534266190017903e-01,6.139989267034048348e-01,5.307396330424948294e-01,4.749386371325751699e-01,4.726812802393047241e-01,5.462653824198596686e-01,4.716858661065803093e-01,4.509976737123482238e-01,5.001026576284093306e-01,3.830611501303181621e-01,5.498952635278380185e-01,2.382971225302599749e-01,4.974387474694956790e-01,5.943629600325174289e-01,5.932715881855490370e-01,4.452334048226783136e-01,5.860105148295207123e-01,6.289029664793760466e-01,2.114652472675072337e-01,3.832851476590291573e-01,5.841581247474780803e-01,4.883354939434990660e-01,6.204181281485388055e-01,6.090433414354400332e-01,7.456069116093909654e-01,7.443224815769668989e-01,5.830007455941121908e-01,5.869425515664008497e-01,7.452047358355667894e-01,7.156838836755569089e-01,5.425314513154027019e-01,6.975039418653159462e-01,5.914604918830745905e-01,5.204629132492359922e-01,6.384166288145239898e-01,5.901354240540224172e-01,1.487858958755031158e-01,2.903611876065688713e-01,4.838137241074714767e-01,5.709075251493336278e-01,2.846399665092070319e-01,5.642855641503788933e-01,4.327523177491722772e-01,6.512810252172681613e-01,5.824344064119272302e-01,5.544545508967989589e-01,3.038417243677670743e-01,4.187537823346905719e-01,6.286215654225637550e-01,1.678452100307772088e-01,3.003544702242761377e-01,4.095423925300368251e-01,5.622093776418114475e-01,1.673322809699059333e-01,1.419835649876108885e-01,7.162403377648050851e-02,2.113070613824026001e-01,7.039549517944514445e-01,6.894156785375781249e-01,6.642594745417192970e-01,6.072430094690376423e-01,6.263977666397803068e-01,3.315607068493899856e-01,5.537266649307717170e-01,4.240905192625165632e-01,4.296354019733191754e-01,5.383165888923739928e-01,4.488488589078160063e-01,5.604470645363037740e-01,4.125367555038469969e-01,6.537754426821587028e-01,4.570171520010067323e-01,6.251351623418318626e-01,5.642089073479864547e-01,6.975527866462795101e-01,5.177335364241311133e-01,5.502044699277048867e-01,6.446897650141059088e-01,6.847966812811329129e-01,4.781033407905141419e-01,2.813499917584192378e-01,6.039219692670055872e-01,6.881742160256352214e-01,5.013781126253683551e-01,6.883893020534272988e-01,5.839254602467277566e-01,6.647884440592146671e-01,6.147698054151620184e-01,4.644871131349933568e-01,6.344101015523162523e-01,4.521396402229911904e-01,7.003895547857138526e-01,6.687951250152678329e-01,2.246696158079024286e-01,1.671547090246010836e-01,1.282955724074359705e-01,2.035124244969199747e-01,2.248208484547124519e-01,9.608348848575637424e-02,2.070747594768062583e-01,1.462455969831693292e-01,1.298791691616767996e-01,1.645525815518488200e-01,1.703735908325741330e-02,3.016665613358122250e-02,2.687771840890744168e-01,2.090016655302408544e-01,3.161319045501205793e-01,2.031282137886404049e-01,2.276161406888504435e-01,2.453886441906495963e-01,1.767868059354278931e-01,2.830979733134183496e-01,1.613136612966752093e-01,8.287100833905496067e-02,2.633226364821034671e-01,1.852536725251366367e-01,1.086224552616832373e-01,8.512861198824557551e-02,2.032210581805383998e-02,2.189131438377969752e-02,2.927891261275865076e-01,1.199665868320259343e-01,1.358045889107201420e-01,2.116573238634613385e-01
5.866267528271460474e-01,5.622298093025799304e-01,5.590500744434349079e-01,5.912960536443340187e-01,5.931953459626876368e-01,5.888180098076801761e-01,5.876270906040913511e-01,5.926860670157847455e-01,2.042492591610473029e-01,5.925591079796255212e-01,4.988269600784118185e-01,5.918314053158736376e-01,4.078590138129271070e-01,3.201618205659726435e-01,4.476166971383943038e-01,3.736693054943655001e-01,3.860381625804199524e-01,4.612091989568886663e-01,5.551506378462290892e-01,4.080871363162378307e-01,3.527122211787658279e-01,5.920932756716879020e-01,2.730191259809835458e-01,5.016167870646688343e-01,4.199542004208035584e-01,5.338425920297880101e-01,5.788510575826586457e-01,4.088972877499697511e-01,3.370208795119611911e-01,5.644593984941415066e-01,5.690142621685744251e-01,5.504999399697718676e-01,5.902291792710564478e-01,5.758532917061118805e-01,5.834455044126503065e-01,4.048092620896422966e-01,2.860060985897742158e-01,5.409552109157944599e-01,4.359443702249497510e-01,5.768120254226825061e-01,2.843223876992033161e-01,3.081196946504200507e-01,4.893211020867649363e-01,5.354184434095755618e-01,5.489604615944547739e-01,4.828850573169030658e-01,5.797730955394024832e-01,4.974201144401571018e-01,3.816688427076496692e-01,5.940935394186025453e-01,2.244270424734456371e-01,1.875926166068116463e-01,4.042393934849519699e-02,6.356791192827915271e-02,1.004504880607721140e-01,1.542426336089090244e-01,3.317926700072069690e-01,4.121901696381099489e-01,5.324618502362062911e-01,5.616936487853272375e-01,5.080108168130084145e-01,5.123731320164336411e-01,4.627341551313444712e-01,4.007160902073475528e-01,3.995731184295573946e-01,4.551848112343701014e-01,1.907835630959093531e-01,3.400219881115671416e-01,0.000000000000000000e+00,1.867294826457938650e-01,3.742248495764326499e-01,5.809092043448870202e-01,5.219752962587818068e-01,5.442968000133109330e-01,2.414800987765444718e-01,2.926065856875864624e-01,5.113089653647855393e-01,4.974633394649929374e-01,4.313734163521731335e-01,4.700934316485650966e-01,4.827127787796510194e-01,5.777853827801994191e-01,2.903854381928538952e-01,2.263894783757846307e-01,5.137103552380836158e-01,4.588168703106322299e-01,4.043091892317123293e-01,5.063035907934391178e-01,3.085635672204996016e-01,5.267564419969048561e-01,3.953556234576161565e-01,3.916519271032797289e-01,3.796830793638843460e-01,3.496883845953362990e-01,3.777513460080420549e-01,4.148488863559482986e-01,5.685483717695203332e-01,1.967790953774898044e-01,5.294784703983236307e-01,4.155706145567418797e-01,5.906291417489649698e-01,5.872532368421374827e-01,5.032570825982658480e-01,4.599683274186185944e-01,5.934332943055783405e-01,5.232093269265625235e-01,5.525616439641914956e-01,4.852242605998672853e-01,5.933497731265833242e-01,5.319893702205734654e-01,4.842782054520161639e-01,4.813759777143092333e-01,5.490563374582616563e-01,4.678429066508190681e-01,4.486183224583530360e-01,4.868375092165461160e-01,3.873899888875321218e-01,5.320854846375497882e-01,2.374346086942756284e-01,4.937261774330136133e-01,5.709523656007261527e-01,5.590361811520125901e-01,4.283440114242072494e-01,5.788714107679316934e-01,5.768697566639138241e-01,2.089187377029087800e-01,3.785915006377919556e-01,5.916768929359836893e-01,4.880269963559318858e-01,5.809505637080747409e-01,5.762253695816319521e-01,5.763366482406387936e-01,5.914210130723738246e-01,5.812798278054138734e-01,5.886579275518125653e-01,5.928415410048912815e-01,5.909579771322884811e-01,5.459202060178736104e-01,5.427158012966309952e-01,5.923515600068572917e-01,5.220682220065717694e-01,5.888757263056281221e-01,5.859595077056700685e-01,1.492205375965788006e-01,2.921958731468624060e-01,4.811411807000566809e-01,5.735447723461721825e-01,2.891176316359927445e-01,5.844504303492039643e-01,4.352964957552379333e-01,5.913957299181233918e-01,5.935576801760116261e-01,5.796382900428714846e-01,3.892373560964899615e-01,4.624760488925102053e-01,5.919415344516433253e-01,1.551597371399204284e-01,3.495199431929603140e-01,4.135174382580954489e-01,4.320941722720103573e-01,1.695587152783646634e-01,1.296811457311950744e-01,7.219257437596196536e-02,2.032391355844922198e-01,5.660864827313420999e-01,5.939215290861421526e-01,5.945478977649155672e-01,5.936758021932087015e-01,5.357983310386892351e-01,4.152248184276109422e-01,4.450092635332033586e-01,3.478210127599459245e-01,4.034358747759412278e-01,5.305418220037347865e-01,4.462974766709104091e-01,4.229693870520420118e-01,4.139710062801482127e-01,3.834757521800283286e-01,5.180145583658414266e-01,4.555910806626412013e-01,5.827480554669937085e-01,4.636316499997140683e-01,5.771255766687259925e-01,5.098967874065429839e-01,3.946564440638170579e-01,5.264940126413647503e-01,5.773037836204222284e-01,3.465932563522602927e-01,5.234488066665932138e-01,4.888677513332306823e-01,4.795407770383528501e-01,4.141949521725462047e-01,5.278345399236699098e-01,4.641096718551191991e-01,5.850506782557287622e-01,4.630345102772883692e-01,5.774030828161673679e-01,4.510504142841852970e-01,5.855836095239310701e-01,5.892628176413031715e-01,2.235677571799259689e-01,1.794333097265390364e-01,1.268262709124001464e-01,2.005637083095872519e-01,2.184345505483674676e-01,9.137659080960240654e-02,2.008510112771047795e-01,1.432762065933584905e-01,1.358895987951783679e-01,1.832479004019864632e-01,1.877364904516701585e-02,2.984519770103032446e-02,2.714429229970078405e-01,2.054256962255698593e-01,3.310775029777338618e-01,1.652759944314071416e-01,2.159520365471916947e-01,2.548628287456873309e-01,1.670422227357730716e-01,2.808314613508874347e-01,1.385810279050999627e-01,7.448050241592554799e-02,2.548360813325561969e-01,1.704827206012386187e-01,1.167018979245006416e-01,9.718310690032037902e-02,2.016886064215042684e-02,2.253869905553914157e-02,2.940529479331544516e-01,1.145489062803554114e-01,1.313508717072254250e-01,1.854601267894166183e-01
5.194536835045950873e-01,5.038798281602399065e-01,5.202850642611855925e-01,5.205393770995521141e-01,5.197213405693807964e-01,5.164305751233391195e-01,5.202572417335451505e-01,5.199338203978847162e-01,2.078034676332222719e-01,5.201566332958359462e-01,5.033615824414724438e-01,5.192476701814972007e-01,4.108115358771882719e-01,3.268044396297272725e-01,4.654217310834382615e-01,3.960803590944224073e-01,3.915988289700719771e-01,4.649845718606923639e-01,4.979186212194640082e-01,4.213073101329483094e-01,3.508872529013203900e-01,5.193496627772972163e-01,2.740973521619159969e-01,5.002381635416889294e-01,4.228572059305761854e-01,5.170013156549466693e-01,5.035265873856579200e-01,4.169121971529990422e-01,3.517754827411900265e-01,5.078778392044135392e-01,5.094901989277165200e-01,4.968359125856663949e-01,5.145228018672328707e-01,5.068947319297740783e-01,5.147113184909796191e-01,4.054505798399526961e-01,2.866614854431341897e-01,5.187823018402275554e-01,4.498985901028030310e-01,5.137582684553991808e-01,2.808459137947561524e-01,3.087619651074722249e-01,4.898637228074257388e-01,5.090456021357008254e-01,5.199087986561933272e-01,4.840044541621231766e-01,5.206089826517048547e-01,4.259711211468267256e-01,3.769953823361992806e-01,5.111479245373967695e-01,1.915559525350848391e-01,2.010761472313903897e-01,4.166736049338214121e-02,7.291663788774459254e-02,1.024552594113898457e-01,1.597858292134503311e-01,3.788663306847073198e-01,4.125097278808326773e-01,4.508767052719523383e-01,4.999244318953918187e-01,5.006260098825939808e-01,4.307177235232571011e-01,4.816913997653471946e-01,3.987849380758701212e-01,4.540901230505448583e-01,4.519782199926637434e-01,1.893717973574493563e-01,2.478028040464219650e-01,1.867294826457938650e-01,0.000000000000000000e+00,2.647266590419767307e-01,5.109972356786230963e-01,4.831965706907537239e-01,4.994271288125624597e-01,3.061961400194207483e-01,3.699213755915610746e-01,4.997630568358486514e-01,4.418952780288752935e-01,4.485133586720975729e-01,4.633527614256908733e-01,4.399047096405694912e-01,4.889352382529023044e-01,2.994210940407496246e-01,2.662348989438160785e-01,5.162973350249511206e-01,4.398151315108387305e-01,3.977523410262673864e-01,4.267400765929113549e-01,3.256548934319645205e-01,4.238133587373070221e-01,4.184960539360472187e-01,3.761303788484346988e-01,3.500678947236534611e-01,3.931880442674625109e-01,4.084210993077700969e-01,4.322154572291663777e-01,5.122473584044969774e-01,2.092540275431730157e-01,4.965865300498066848e-01,4.700166716449467597e-01,5.203597843211780205e-01,5.178273552694784287e-01,5.080092026814473360e-01,4.664726206977712897e-01,5.176388363069163168e-01,5.163604508924641845e-01,5.204719149416915380e-01,4.857396426712292103e-01,5.196409322654358398e-01,5.186544636112753182e-01,4.916200693265968535e-01,4.824797848117253762e-01,5.159563265693009049e-01,4.652399325227872806e-01,4.546390992595743530e-01,4.945823611121597518e-01,3.840554830086806981e-01,5.008276185730590191e-01,2.369361288112063757e-01,4.948142477787493276e-01,5.087390215670668514e-01,4.985837978035057017e-01,4.396756647574185384e-01,5.162114204815513308e-01,5.104412517878069711e-01,2.101880010090926842e-01,3.808185333787182381e-01,5.172690951581476737e-01,4.890112281727198584e-01,5.031139116654804733e-01,5.080913072032391398e-01,5.176350359556123326e-01,5.172644115013773636e-01,5.035972132503796495e-01,5.184524278139973630e-01,5.146844755873383193e-01,5.187837064150750965e-01,5.184261050006376825e-01,5.029104391417401621e-01,5.193376507443856482e-01,5.198020737348671982e-01,5.130378284693513091e-01,5.162924944002089678e-01,1.504381665171568294e-01,2.905001023042290131e-01,4.842128989713280762e-01,5.184777925124001152e-01,2.876141130028863069e-01,5.177615615839055163e-01,4.344404610656222854e-01,5.184707846889992089e-01,4.990357659221347775e-01,4.920949229089480736e-01,3.796646393726011981e-01,4.565392936291450821e-01,5.189992680865026520e-01,1.605459416962669861e-01,3.398383439106393289e-01,4.145060710214908406e-01,4.331576642901798224e-01,1.694158704523562042e-01,1.405733615007178361e-01,7.821463156960446750e-02,2.074076555731186322e-01,4.991416858016050062e-01,5.193064104790224844e-01,5.188583288672546923e-01,5.186256074386778048e-01,4.846473992081911097e-01,4.168320432062810887e-01,4.458895662234532709e-01,3.773410305887249239e-01,3.618825629865083937e-01,4.273863625943511990e-01,3.786575347858862628e-01,3.936568370853367194e-01,3.376792434768323137e-01,4.049465950755918864e-01,4.559699768134589659e-01,4.280183714773231896e-01,5.152319975665156093e-01,4.696642767137404473e-01,4.970963369750958094e-01,4.391211298599319024e-01,4.049742878314167016e-01,4.997943547975960410e-01,4.891164446902998009e-01,3.411866301432096571e-01,4.423440405230820716e-01,4.501002610867609333e-01,4.946625247988804541e-01,4.140377340838389264e-01,4.669597736387536835e-01,4.694053787936606215e-01,5.183888693333983388e-01,4.629846082144392083e-01,5.163999783453956383e-01,4.496013895808839700e-01,5.183895628765188279e-01,5.161858376319197195e-01,2.317682922711490345e-01,1.815830765261233493e-01,1.280565100233792275e-01,2.023658667615291229e-01,2.255588816691025678e-01,9.651135718636177918e-02,2.113306422777641025e-01,1.500750368739976748e-01,1.367728222947207639e-01,1.839165145100046805e-01,1.792264671400926879e-02,3.061757979700685181e-02,2.709859731228098645e-01,2.084217399978287588e-01,3.372713410025499070e-01,2.043133647750397519e-01,2.366098709821503332e-01,2.644749939140803585e-01,1.756733917082667629e-01,2.877777798683607835e-01,1.652227337704275933e-01,8.305844553823639453e-02,2.702628280092183033e-01,1.880562536901039250e-01,1.179142272700580696e-01,9.854345513984530402e-02,2.126469539932971525e-02,2.180130919255546251e-02,2.978557109667218095e-01,1.173584476495342505e-01,1.369051754573687718e-01,2.086393455040548572e-01
5.789865846187176590e-01,5.744952205960102143e-01,5.602674307262355269e-01,5.789088057511928564e-01,5.793031245995083900e-01,5.790355120674771650e-01,5.787996363281299184e-01,5.783097115580394521e-01,1.957916329731109462e-01,5.771862978251793841e-01,4.747317457714607114e-01,5.687746469633752078e-01,4.003412759510560637e-01,3.289480993030617362e-01,4.700611737120151123e-01,4.024798124270289601e-01,3.879670031265592400e-01,4.635395467894512511e-01,5.639231265093747059e-01,4.180766860325447754e-01,3.501912417414135836e-01,5.811741319281069629e-01,2.716914432721685979e-01,5.016464786099577022e-01,4.269006658407092369e-01,5.370480919387270458e-01,5.722763207467529423e-01,4.263590721002166184e-01,3.520882314851963568e-01,5.770629950491303894e-01,5.802130202885186216e-01,5.503034485637667839e-01,5.613654825212596178e-01,5.738227710401361259e-01,5.731736562979122818e-01,4.062438278775959977e-01,2.856693702419432213e-01,5.357106852366072536e-01,4.445034406753951561e-01,5.789633598835031147e-01,2.734355015319512305e-01,3.086800380262799126e-01,4.889269121878410673e-01,4.965796089781872591e-01,5.379633940979994255e-01,4.835882024338574170e-01,5.780302047562040357e-01,3.958873459544195450e-01,2.951356620956011034e-01,5.126532936285586040e-01,2.158212880066741057e-01,2.442269169572363063e-01,4.279102829047199547e-02,9.001868462214039635e-02,1.052779715694786983e-01,1.601560382982177011e-01,5.416091060525787260e-01,4.530251333925830459e-01,5.243003540843548249e-01,5.469885334781300346e-01,4.834974502766505311e-01,4.700243595558670218e-01,5.642209691778145020e-01,3.996033943121315990e-01,5.081637308992138502e-01,4.245841024914531747e-01,2.783071132411529258e-01,2.279137981313053285e-01,3.742248495764326499e-01,2.647266590419767307e-01,0.000000000000000000e+00,4.610599581040373818e-01,4.655474223109888343e-01,4.706079269019076694e-01,4.040586164114102208e-01,4.568248077151039199e-01,5.392106138810967009e-01,4.404520630981586526e-01,4.707084409490659982e-01,4.317991579352393194e-01,5.163827296421041879e-01,4.745960893371259925e-01,3.262024774073398192e-01,3.445031445544910476e-01,5.444771530491011591e-01,5.704936503210866761e-01,4.947636248192520680e-01,4.721008284826527235e-01,5.042189637010754399e-01,3.485038862175666718e-01,4.442756161688548588e-01,3.754452330995070586e-01,2.917310326605256354e-01,4.370094662472035485e-01,4.551041128445750261e-01,4.877362654664912922e-01,5.246386019248733268e-01,2.024684598246397627e-01,5.826232339171666386e-01,5.643233301374617206e-01,5.794687424587763314e-01,5.792998906487368815e-01,4.973992475038905847e-01,4.598973017761862070e-01,5.786322092812612450e-01,5.141395640534022204e-01,5.536346325109139377e-01,4.762327472326420841e-01,5.796942349774056868e-01,5.248024863664715323e-01,4.639060457004793858e-01,4.710327990167212930e-01,5.492224648914052487e-01,4.678046177723359511e-01,4.529456067883193549e-01,5.003049490516363607e-01,3.839317200964234567e-01,5.478001071160963908e-01,2.363860493258099216e-01,4.945216828096792305e-01,5.591901780211913087e-01,5.644594325072038732e-01,4.401984893467258964e-01,5.782828157674827496e-01,5.806755121830792232e-01,2.096472810362573491e-01,3.823122914594457855e-01,5.796185942262074287e-01,4.886873427624058297e-01,5.747721765121663884e-01,5.767019132365385214e-01,5.792434961655401615e-01,5.794195715428913651e-01,5.305975234091906412e-01,5.794485124163523126e-01,5.771452355295817460e-01,5.790101301799915889e-01,5.452711676963654108e-01,5.283206164212600475e-01,5.795578901647543413e-01,5.204102023093645224e-01,5.775691777736412513e-01,5.797066227289988660e-01,1.477524939912472635e-01,2.880372142177943240e-01,4.834489240738047977e-01,5.701329096522163020e-01,2.866682576974703966e-01,5.541141125666174672e-01,4.327662660829150187e-01,5.682156863759488807e-01,5.102227494727288315e-01,4.725287390145089250e-01,3.374151404034337332e-01,4.112754804025582911e-01,5.370542257926531615e-01,1.816900028659964028e-01,3.298196554601889319e-01,4.127456829060663357e-01,5.206592285024422839e-01,1.641893204696329989e-01,1.620374510884255159e-01,7.951030481707153930e-02,2.124829863106268424e-01,5.618871997582904898e-01,5.754344377788765952e-01,5.708026750505932334e-01,5.771265134094780702e-01,5.581978117849867305e-01,3.786730726195577934e-01,5.639498559299103153e-01,4.589949158848611876e-01,4.206410713080850905e-01,5.044188165881712260e-01,4.065585255393328601e-01,4.677703806437399359e-01,4.399689634373092351e-01,4.147261760142652576e-01,4.639571430104497685e-01,4.739506181922452654e-01,5.143952213239697535e-01,5.311393893188338655e-01,4.963744022971213754e-01,4.932524721503266929e-01,4.849180283161799165e-01,5.524353328550158926e-01,4.845627818570540923e-01,2.992088959165770667e-01,4.608599542427406215e-01,5.508441580667819970e-01,5.030890727476186042e-01,5.377001179864946412e-01,5.316077349630526916e-01,5.500892370371851525e-01,5.495090568196263625e-01,4.612384741401551747e-01,5.782780031657268616e-01,4.592640153460152974e-01,5.794931738255392206e-01,5.791331823451768557e-01,2.315100404329407668e-01,1.801870697196192028e-01,1.291060906063031810e-01,2.011067990083290902e-01,2.301166950544236978e-01,9.715763906454996657e-02,2.070830900629045679e-01,1.499189451790585437e-01,1.364905603941700962e-01,1.662946712020845486e-01,1.789378275563016304e-02,2.912928315725575937e-02,2.679255120759924669e-01,2.077533097105085380e-01,3.213951084997260232e-01,2.129235658909360285e-01,2.386822224957235450e-01,2.625751733837830004e-01,1.855720755991763782e-01,2.942297685009717112e-01,1.725993878425177985e-01,8.199285954419630040e-02,2.584481519030473184e-01,1.816505515296611695e-01,1.142723819531912127e-01,8.888800486344532181e-02,2.095429889909966939e-02,2.175551864127109672e-02,2.951190241978031703e-01,1.174325975866122029e-01,1.257467172122191112e-01,2.156076767863838728e-01
6.806793553369570038e-01,6.634236450461873380e-01,5.608610178420139203e-01,6.330262491543265924e-01,6.984880443479175582e-01,7.163572163527288650e-01,5.563090734166177276e-01,5.738578434988672594e-01,1.646920815762620838e-01,6.172076514588068497e-01,3.161507770614319646e-01,5.158793368306366922e-01,3.816220126089208131e-01,3.240797675516008947e-01,4.785408649199820452e-01,4.150964830782841175e-01,3.712555061169409698e-01,4.633877904626200195e-01,6.576704190457257626e-01,4.201521526133270013e-01,3.373449218477874711e-01,6.497184115417425909e-01,2.635995382692521427e-01,4.964581352895686694e-01,4.273651522373148048e-01,5.313511074371178866e-01,6.155604170470800884e-01,4.307011606271181625e-01,3.425066356355651043e-01,6.935438696176169371e-01,7.124712601903750997e-01,6.261691226960339751e-01,5.728089892066804412e-01,5.877022740968770309e-01,5.746045872213612071e-01,3.934527536212302223e-01,2.842371382917968092e-01,4.993613473622383614e-01,4.556990155019816080e-01,5.620275755039902954e-01,2.435420648729614834e-01,2.961318282430277504e-01,4.701409337735679150e-01,4.124451676796311861e-01,4.796689059719028148e-01,4.843734272884019920e-01,5.430148107064285412e-01,5.394078537034578957e-01,2.876859294255356692e-01,5.069375938551539118e-01,2.555842326405175502e-01,2.672601502193387435e-01,4.169331416455770295e-02,9.765544987632823748e-02,1.083625030430229175e-01,1.599559415763455728e-01,6.881587571254516034e-01,5.875705423994295185e-01,6.341129053767264878e-01,5.536779300197719467e-01,4.772386499572590091e-01,5.380057917526743783e-01,7.145683749818393382e-01,4.057284142848006647e-01,5.478547209017919917e-01,3.487291864926775897e-01,3.467823500325522557e-01,5.940968405198590041e-01,5.809092043448870202e-01,5.109972356786230963e-01,4.610599581040373818e-01,0.000000000000000000e+00,5.982015009624293000e-01,2.595028296332895779e-01,6.637814050846329028e-01,6.427127216267463083e-01,6.250479523387427738e-01,4.161980509938937867e-01,6.203325169900687497e-01,4.353896356827603453e-01,5.891272695741843757e-01,5.893964599488187295e-01,3.315015547697600096e-01,3.783365619779536226e-01,5.345462337192634639e-01,6.951705561877424833e-01,6.152619926750821922e-01,6.793644371301570395e-01,6.192925625629558395e-01,5.287745048294267836e-01,4.648373483268106177e-01,4.293840731357017049e-01,2.892052979080164121e-01,4.703576833802860513e-01,5.019504446751489324e-01,6.670159217178370792e-01,4.659943262669095643e-01,1.835474356573394417e-01,6.866570489330641180e-01,7.139989955754926232e-01,6.891407871674586350e-01,7.087508385106559006e-01,4.924659384249940874e-01,4.565839076973800537e-01,6.388606116314062833e-01,5.243217057728239983e-01,5.384345217896252533e-01,4.142518254380182507e-01,6.034144060742804294e-01,4.436885768998902746e-01,3.443114049625678463e-01,4.123177962140568975e-01,5.335841000196721584e-01,4.654760810596901277e-01,4.383442964824181276e-01,5.081164655541406949e-01,3.707440503987630143e-01,5.548734834528935567e-01,2.284457640044759430e-01,4.862091408882269761e-01,5.774483898774639412e-01,6.039553870506337852e-01,4.495351481310821962e-01,5.799405082671054146e-01,6.254718811483213070e-01,2.084053136981608711e-01,3.840619961118924564e-01,5.910781603702019993e-01,4.865606575424771263e-01,6.202719402875227495e-01,6.102617000861387808e-01,7.120547600954043599e-01,7.159624289472448222e-01,4.596288388453615426e-01,5.745927718340565482e-01,7.073786686535034063e-01,7.028655946811872557e-01,5.378100002399990309e-01,6.547651191305310370e-01,5.782374300636090592e-01,5.039289984737239658e-01,6.369981412157782463e-01,5.936649343981563742e-01,1.344339617690739896e-01,2.683590526384094788e-01,4.542921794716302530e-01,5.114291485161202022e-01,2.776652561221137905e-01,4.629524864258844352e-01,4.337802555261935367e-01,6.527906961867298019e-01,6.347768830703703902e-01,6.047101865844035640e-01,3.384511595996967381e-01,4.554872875102226049e-01,5.221953066535776067e-01,1.948204890373368414e-01,3.142776912071868489e-01,4.075630408974865726e-01,6.557678163010030037e-01,1.677349939611623986e-01,1.691111383485053854e-01,7.771307723354610453e-02,2.043897102325047677e-01,6.942627510259886670e-01,6.846987984399720562e-01,6.394797196319126353e-01,6.066025609440404143e-01,6.340265201424141184e-01,3.370765890882994054e-01,5.838063156843595891e-01,5.003712494662692079e-01,6.257065847628410227e-01,6.850292575708970544e-01,6.664033747491785453e-01,6.556426743338943375e-01,5.690166384608039696e-01,6.928353858467061199e-01,5.373900508530802256e-01,6.766562722067657187e-01,1.745122660301506590e-01,6.943815643316020303e-01,3.436549273177654795e-01,6.795665889217606948e-01,6.995627354408491261e-01,6.539224444903526390e-01,4.912669843943533454e-01,2.549536704742451088e-01,6.541840295533372096e-01,7.115494501801719052e-01,4.983895329315737310e-01,7.072816021046349766e-01,6.189020093728851979e-01,6.800452320653675997e-01,4.937635229895482314e-01,4.203343984779076559e-01,6.282056865855976113e-01,4.636594650260733586e-01,6.972871305789014595e-01,6.690950798053896253e-01,2.244950920744046285e-01,1.547761780938362863e-01,1.291234439128165490e-01,2.020621657959582040e-01,2.183203055298515993e-01,9.276434074045557254e-02,2.002362057820144259e-01,1.399696846737888689e-01,1.297761209897567158e-01,1.520002960966513605e-01,1.901310265926149309e-02,2.903851725760844826e-02,2.606393418616599345e-01,2.037443546521922888e-01,3.501803665551226907e-01,2.316794285517858876e-01,2.389697555970798915e-01,2.432772077116527043e-01,1.818948605908516647e-01,2.881736376809256317e-01,1.706161192320221620e-01,7.895991052599420079e-02,2.606412299402371957e-01,1.897222525760827450e-01,1.145482949480527146e-01,8.936883021151213746e-02,2.071102646612116988e-02,1.878362883708810382e-02,2.879762809020630088e-01,1.182703008586974830e-01,1.619859684141013445e-01,2.473376620714824448e-01
6.706044056351782023e-01,6.479520477454657756e-01,5.565895124507918013e-01,6.298572949713613367e-01,7.012162045802980970e-01,7.182725963181396667e-01,5.526807269821788493e-01,5.690788761224585546e-01,1.687252251131487746e-01,6.116875570527721129e-01,4.079084671703044340e-01,5.492030204972599972e-01,3.584274801497702168e-01,3.139203670976136729e-01,4.514865172293195950e-01,3.954227793104280186e-01,3.700900796698651241e-01,4.567830441114186790e-01,6.127871882391916492e-01,4.172072017382320031e-01,3.402071693652857776e-01,6.431413852531614461e-01,2.698767036752796611e-01,5.026242942575781525e-01,4.111728806556481652e-01,5.262610539268568477e-01,6.067945881194916069e-01,4.182879304182718361e-01,3.083325520472376402e-01,6.579320073240966238e-01,7.027428896283118842e-01,5.891028570292481392e-01,5.205392525557520633e-01,5.718416050544845586e-01,5.789941777619103114e-01,3.951441783149639564e-01,2.782643703751129793e-01,4.323895654134335409e-01,4.129225364680985111e-01,5.827725618877551694e-01,2.701002716475630616e-01,3.094618600725562163e-01,4.883657802380873547e-01,2.681310809630326752e-01,5.161604801948630472e-01,4.830683321290755172e-01,5.634994724092883267e-01,3.316941449929705632e-01,3.877682694258673957e-01,6.215994019589541342e-01,2.358155598761211835e-01,2.182652635388019624e-01,3.890595129954913661e-02,6.156632140630047267e-02,1.056815489486207654e-01,1.562362434652469767e-01,6.607489436259736948e-01,6.316534132280793301e-01,6.274575999913125646e-01,5.612627321352690046e-01,3.825415267871509206e-01,5.293182286074112897e-01,6.837385946660010649e-01,4.041378715734752491e-01,5.303413840463994111e-01,4.036822943652133011e-01,3.300671496897704116e-01,6.401743402742597899e-01,5.219752962587818068e-01,4.831965706907537239e-01,4.655474223109888343e-01,5.982015009624293000e-01,0.000000000000000000e+00,4.642931422157032251e-01,7.016527542832342590e-01,4.613966175884029464e-01,5.567989962035527762e-01,4.947153286477266598e-01,4.581311126127322053e-01,4.442895567177009841e-01,5.530548225224135583e-01,6.434056344784873094e-01,3.252757237298389281e-01,3.415565510560253371e-01,5.391354392230185422e-01,7.435230022659553573e-01,5.574627480865506080e-01,6.436440023962296531e-01,6.029488803989655477e-01,6.043200689154628602e-01,4.510355103796009346e-01,4.324969655625237608e-01,3.104766273926846121e-01,4.602810461829826005e-01,4.979675425801997624e-01,4.252586464282556711e-01,4.633708511454273093e-01,1.498458240814601050e-01,7.404967394233243905e-01,7.119442743580036703e-01,6.785093520210822016e-01,7.199073210046724736e-01,4.970141424680143971e-01,4.656169870596102989e-01,6.356934462390234630e-01,5.244391725928262415e-01,5.458012298806416140e-01,4.251489173682125866e-01,5.992931624143849056e-01,4.380259797518947784e-01,4.006278086909595970e-01,4.266243308520857314e-01,5.399459727442650347e-01,4.574289992863340704e-01,4.317749133432315922e-01,4.816555784100239879e-01,3.674302918437365451e-01,5.333425636792225033e-01,2.276418906782865237e-01,4.729758454179777138e-01,5.189175020634667623e-01,5.825454368137776839e-01,4.350142667976877875e-01,5.723565840947461014e-01,6.129954627321789751e-01,2.098152294138865837e-01,3.798620798874849380e-01,5.903164777123678375e-01,4.871239520683793289e-01,6.193935385323737774e-01,5.644893265724384435e-01,6.805643657004154523e-01,7.281333471725173201e-01,5.128312956546946522e-01,5.757037860264988538e-01,7.156270320448528954e-01,7.131450283289356706e-01,5.413848343862336376e-01,2.925104208578535592e-01,5.722787145325713976e-01,5.003207896600793125e-01,6.452151350098503935e-01,5.805802718330297374e-01,1.446898552074053212e-01,2.856024705811705533e-01,4.844635752148728769e-01,5.587937419070680978e-01,2.660163494581943566e-01,4.256355328886891054e-01,4.335523008806674294e-01,6.618608444889404474e-01,6.666013968293943437e-01,5.539587497753798440e-01,3.789664327051898152e-01,4.866647941032986591e-01,6.307822443950034108e-01,1.664613645275157816e-01,3.231151945405187353e-01,3.813048968436708597e-01,5.836616058198547119e-01,1.688429830391544317e-01,1.455483853186148313e-01,6.528885048225331611e-02,1.800868229775095808e-01,6.829091742754529459e-01,7.022412943585253364e-01,5.929104137630761828e-01,5.935081273697790927e-01,5.927289860642355190e-01,3.714526239436757860e-01,5.680454315117667852e-01,4.586830010532277901e-01,6.749170606077868895e-01,7.031911849267511450e-01,6.304780411260013651e-01,5.914937398152956272e-01,5.435292011186677597e-01,6.512568804023726177e-01,4.999918368353562514e-01,4.923211405616017555e-01,5.096349672203521752e-01,6.002843962697413938e-01,5.757113525382355768e-01,5.781874554207397932e-01,5.829023848666069485e-01,6.142353538885541031e-01,5.392017366365011721e-01,2.881576120296934218e-01,6.117878838866216418e-01,7.152094498101243536e-01,4.861146636023675471e-01,7.000331969298255741e-01,5.743310952806711667e-01,5.829610925910631014e-01,4.570793794809293598e-01,4.196573204165218174e-01,6.202978003998074197e-01,4.481547788616013772e-01,6.179604603977071342e-01,6.326252599128093790e-01,2.113460475510829939e-01,1.619738399676403373e-01,1.245490073795389729e-01,1.897387794461451727e-01,1.994974416641994430e-01,9.296380289742205150e-02,1.855094104094083818e-01,1.065391278101409100e-01,1.319011870499441630e-01,1.632698651407325230e-01,1.880283615411762477e-02,3.088679425281531596e-02,2.680144432736932258e-01,2.094390191057519113e-01,3.328641093732148670e-01,2.065258427859708312e-01,2.234180131801957736e-01,2.503141815022937311e-01,1.608029447493911079e-01,2.773186122706381984e-01,1.484076300986033603e-01,7.941687010677334069e-02,2.521935890634505184e-01,1.672770330365605518e-01,1.067468561679107975e-01,8.111874145240285938e-02,2.097571275375410826e-02,2.166770970533478738e-02,2.875466480140841385e-01,1.191587482789729507e-01,1.514488291396512976e-01,2.172654164859222636e-01
5.595819486794042508e-01,5.533995585018787189e-01,5.569132721632102934e-01,5.635399381428997101e-01,5.622543264574073607e-01,5.628109673788616041e-01,5.602478576995270076e-01,5.608410346748776698e-01,1.956444257156557676e-01,5.575121914838243598e-01,4.403461733349340879e-01,5.363831622593759896e-01,3.688858246945757591e-01,3.244018307641574617e-01,4.704335271146583008e-01,4.075842738670950594e-01,3.838999007154432763e-01,4.648435578040687743e-01,5.479416868433011345e-01,4.194949132369533706e-01,3.482712630869954085e-01,5.619366329871983146e-01,2.734679780197595833e-01,5.020256480600989724e-01,4.259208362943914250e-01,5.350416262761750197e-01,5.618243264486354471e-01,4.294557576214554362e-01,3.497003141737617393e-01,5.619392813333342618e-01,5.595422030670297309e-01,5.471891802020005802e-01,5.383047456657961138e-01,5.619115083565757729e-01,5.552207524389751736e-01,3.994162428311266999e-01,2.855255303589459004e-01,5.211607509445043140e-01,4.589800492943582055e-01,5.590850126657428421e-01,2.800320695691682626e-01,3.074208808353866007e-01,4.894346916191150698e-01,4.527557997140320700e-01,4.572829559816370959e-01,4.817979704870996582e-01,5.497741605595679593e-01,4.380251241805412366e-01,3.779114472064119545e-01,3.616994752609188901e-01,2.325293233394255810e-01,2.599332355198227806e-01,4.124791986979694375e-02,8.983992315724922961e-02,1.080089131339829478e-01,1.609135948541074446e-01,5.605188683243830239e-01,5.090670408067428099e-01,5.319567593888637758e-01,5.469419313324264120e-01,5.032542289240211630e-01,5.331004478597364260e-01,5.584229266581428597e-01,4.072402316789955345e-01,5.496496660912275622e-01,2.035986718833092124e-01,3.347008315861927374e-01,4.647481731975353636e-01,5.442968000133109330e-01,4.994271288125624597e-01,4.706079269019076694e-01,2.595028296332895223e-01,4.642931422157032251e-01,0.000000000000000000e+00,5.165118757262775473e-01,5.507486955001974493e-01,5.086174942303142155e-01,2.175580524963020013e-01,4.994301246464557531e-01,4.348030966384075491e-01,5.073435137133943673e-01,4.312377615008352594e-01,3.331929358054694368e-01,3.716663621245703264e-01,5.370432260232966826e-01,5.552623060239356700e-01,5.575683777162476762e-01,4.936039470579425825e-01,5.606991674049788266e-01,4.487125288564733916e-01,4.573917826776667250e-01,4.319056638809430360e-01,2.971119122040882798e-01,4.688458336028309970e-01,5.043612839082194377e-01,5.384813897460806187e-01,4.958672865452666279e-01,1.989369464366875784e-01,5.475869088990816813e-01,5.609116226706848396e-01,5.635182460221124234e-01,5.603354637346741329e-01,4.974482591031937351e-01,4.658924954467654755e-01,5.618409342071349899e-01,5.244758015222044101e-01,5.507664731617343268e-01,4.678176999309813233e-01,5.633742959600454014e-01,5.112204125324586457e-01,4.303793296277879099e-01,4.368793059524136435e-01,5.418415276192753982e-01,4.679989858869797459e-01,4.441060795075293388e-01,4.891818141823424670e-01,3.804129934567229143e-01,5.384038148262938472e-01,2.347132446841778686e-01,4.910898953545398959e-01,5.235318067647729556e-01,5.466631902281184896e-01,4.441219484133410722e-01,5.583809864137792012e-01,5.598075471873217301e-01,2.112946010043332823e-01,3.834252907677140887e-01,5.604244096290369459e-01,4.887073465745231382e-01,5.626440721339189821e-01,5.577242845532076609e-01,5.624409180361416016e-01,5.626985049901340741e-01,4.548476921395637196e-01,5.562298585064119338e-01,5.600097824249766765e-01,5.595245569574353039e-01,5.424784585378847890e-01,5.239610173429012363e-01,5.600071429578978854e-01,5.158766609064769915e-01,5.593383817850426931e-01,5.618537043440861023e-01,1.447102624786581748e-01,2.868727764056986373e-01,4.817992332226255781e-01,5.125303760326245239e-01,2.857632828061617558e-01,4.757427909600009941e-01,4.335268194118311880e-01,5.443317903415064718e-01,5.273535005755204397e-01,4.695125361408042930e-01,3.667966073115302428e-01,4.866346263498401159e-01,4.438330791187679591e-01,1.927141695975262137e-01,3.312752817689741391e-01,4.127026616102635326e-01,5.543089540282771788e-01,1.648595325256130006e-01,1.658664798901752224e-01,8.081533004969505829e-02,2.095899481988244828e-01,5.512963839515205855e-01,5.513215337041258435e-01,5.488841278538880708e-01,5.614219044972398320e-01,5.607119912232495507e-01,2.455731632819100618e-01,5.610761889817468262e-01,4.951701421505876888e-01,4.938646219759455502e-01,5.305590963827480078e-01,5.356118076024706243e-01,5.439753208805092610e-01,5.377058236817737757e-01,5.536774921592144683e-01,5.254395218370876419e-01,5.375073067565874219e-01,3.110070151960829810e-01,5.289589257413926937e-01,8.500472421140271850e-02,5.448409958011602994e-01,5.450486961541428643e-01,5.063593029152465563e-01,4.672061364563463992e-01,2.565489266625564091e-01,4.946127237603758497e-01,5.616425161292707413e-01,4.986221926122704207e-01,5.616390812155942491e-01,5.487514518881809744e-01,5.603822233537590902e-01,5.104028449534806500e-01,4.572410082495741435e-01,5.605894009289447144e-01,4.651021472066727003e-01,5.619823623427485648e-01,5.628107895377588710e-01,2.314363444333582265e-01,1.626977093231867788e-01,1.279077161554730557e-01,2.002340571257475166e-01,2.246076769518225991e-01,9.831778089690722255e-02,2.129351334618910241e-01,1.451175021699247780e-01,1.260530043928801136e-01,1.663832492994085088e-01,1.732983273023764800e-02,3.113036075175881420e-02,2.661380042573610050e-01,2.089473263795828817e-01,3.594280166958070399e-01,2.336191494904812926e-01,2.383544824392483941e-01,2.543644398194839784e-01,1.833892140470977927e-01,2.846855631890414240e-01,1.752030627673525631e-01,8.464265737237910980e-02,2.736836899086197428e-01,1.901276739870663424e-01,1.137496166158896149e-01,8.864067463925627555e-02,2.072789719570098180e-02,2.137388197595757253e-02,2.984088882518703412e-01,1.193819079994546395e-01,1.655285886933061390e-01,2.489631906680356277e-01
6.847159200163656090e-01,6.519644085660810662e-01,5.604297659122366992e-01,6.325116901934088043e-01,7.521636887652365377e-01,7.361593480805443956e-01,5.885119337926874028e-01,5.989744701027873708e-01,2.049139997538817204e-01,6.612498766296417418e-01,4.942759356214587729e-01,6.069264057016048319e-01,4.050517596090246752e-01,3.265582811133111441e-01,4.675399886614199918e-01,3.969588332077551573e-01,3.880415635997177537e-01,4.680847553413330364e-01,6.400161092563675380e-01,4.208358409669234468e-01,3.518407884160902332e-01,6.491532959292306559e-01,2.741340704975284148e-01,4.939582011166744890e-01,4.268046998036459372e-01,5.363062780292539022e-01,6.070854431303882581e-01,4.270370938839208597e-01,3.545811504863045638e-01,6.917626460779279229e-01,7.195118898953933861e-01,6.571483509129837364e-01,6.113857204326353934e-01,5.858335851103829706e-01,5.821982939213840025e-01,4.078024273791019949e-01,2.892254247108019816e-01,5.409152835558838079e-01,4.670219757329018284e-01,5.703007136369191432e-01,2.820971555257362207e-01,2.991479363162427019e-01,4.764538850843364481e-01,5.446155934310893398e-01,5.491110179072166142e-01,4.843194707025451073e-01,5.662991022936300078e-01,5.338427602783054615e-01,3.974760700934473201e-01,6.912876242327881116e-01,2.562460708220843375e-01,2.005162363317459784e-01,4.047508960818152479e-02,8.420082555580456207e-02,1.015141322509043043e-01,1.535040213304788292e-01,5.632973089504733633e-01,6.225250436949583133e-01,6.567726444969049782e-01,5.821145016864904820e-01,5.262280456231757109e-01,5.790742795009856669e-01,6.724059488183889988e-01,4.086543963846266392e-01,5.102418462374884722e-01,4.586562618002817948e-01,2.735757677005960509e-01,4.894058092730824705e-01,2.414800987765444440e-01,3.061961400194208038e-01,4.040586164114103873e-01,6.637814050846330138e-01,7.016527542832342590e-01,5.165118757262777693e-01,0.000000000000000000e+00,4.422388333680232209e-01,5.009067279651630011e-01,4.194888226873874082e-01,3.669510654750050560e-01,4.408669060162654363e-01,4.607337337030009139e-01,6.878349130066144790e-01,2.635350952724141438e-01,1.673109569736132840e-01,5.131751524462532243e-01,5.844538064135427202e-01,4.441266320390225841e-01,5.719817746743134368e-01,3.872021633690493903e-01,6.554924197828192467e-01,4.255372273113737225e-01,3.722680447656472325e-01,4.030188372577080957e-01,4.247777487472600422e-01,4.357119418287312973e-01,6.320044163728438802e-01,5.975488398401516132e-01,2.092771612719159791e-01,7.000466587321897416e-01,5.565969446755507644e-01,6.884540705251042114e-01,7.230568799848435813e-01,5.086554801362790368e-01,4.654019665747370915e-01,6.474727183402761987e-01,5.235520942815556911e-01,5.509156531158497794e-01,4.838415672369741904e-01,6.123217366274901208e-01,5.305562263712325644e-01,4.765242934210888737e-01,4.792890529568118452e-01,5.533868309753788850e-01,4.717368986024288446e-01,4.479300444759502509e-01,4.990967892630067126e-01,3.876759883615051305e-01,5.487817290320545771e-01,2.386349954044981181e-01,4.992167300602014524e-01,5.996749881091572032e-01,5.839112047946937167e-01,4.432965492558320619e-01,5.830979519727623739e-01,6.229257066275517563e-01,2.097939000566189371e-01,3.817283427076835767e-01,5.893027285838189355e-01,4.887563242657609330e-01,6.160269623249670090e-01,6.145020305785997561e-01,7.446794438106256742e-01,7.519575543553262964e-01,6.301770949720438830e-01,5.823766059548413088e-01,7.495644582509414233e-01,7.033419673838492425e-01,5.476404475085340229e-01,6.910590497128656917e-01,5.931403058106586856e-01,5.174504963993230566e-01,6.359375748332326550e-01,5.931954539665029724e-01,1.499214708380947891e-01,2.899721365385541372e-01,4.746855512800443599e-01,5.727364209935007500e-01,2.840523065081431708e-01,5.855637137525854241e-01,4.308675533905622079e-01,6.880152911613466316e-01,6.963715306705748898e-01,6.669742427058628076e-01,3.810216470988164184e-01,4.885397841846111922e-01,6.767582172373421967e-01,1.735597684916411754e-01,3.530219437515537129e-01,4.010523727712011488e-01,4.745402492842611397e-01,1.679855269760407166e-01,1.409272975825660856e-01,7.403042289100580930e-02,2.117840789349678121e-01,7.201072593195869675e-01,6.979602918528664546e-01,6.727476213606430333e-01,5.838849415341024196e-01,6.382781889932322983e-01,4.204398612660477652e-01,4.515304952156077856e-01,4.142611042695642509e-01,4.764090527815549869e-01,7.159090668828500537e-01,6.280705948899364399e-01,6.307255581245466702e-01,5.070660348341659018e-01,5.972471162556377555e-01,5.703332595945145300e-01,6.562587717095212936e-01,6.010324952878077776e-01,4.697782578764116979e-01,5.756444080668694507e-01,6.228630613765209212e-01,5.885348457332666428e-01,5.701371200869993494e-01,5.550191781311500927e-01,3.454839601725803733e-01,6.562221411757354073e-01,6.302727495750107822e-01,4.697938190981988393e-01,5.571246852621395407e-01,6.079503334692893946e-01,5.651829865810101827e-01,6.187651670931508807e-01,4.637607669696440782e-01,6.279488223945289826e-01,4.548902916423152587e-01,6.981504177514024079e-01,6.707344989060816109e-01,2.147872457711863803e-01,1.749510551413810400e-01,1.278897789908055305e-01,2.029089927715634067e-01,2.242991831252654500e-01,9.490492591074509154e-02,2.135165730347947655e-01,1.515806936597927923e-01,1.369991542512241645e-01,1.847306756012639384e-01,1.887883161341227453e-02,3.105222573179328843e-02,2.717228824695512301e-01,2.056980520153666170e-01,3.518131980229089462e-01,2.081775831672842136e-01,2.150030713279725836e-01,2.463673174951058475e-01,1.754131513453756896e-01,2.904206318891325855e-01,1.503848705258786500e-01,8.006546554068622035e-02,2.669348680698900855e-01,1.908328264426113752e-01,1.200219827867102379e-01,9.804255795638881776e-02,2.007366914256832058e-02,2.337353840027628707e-02,3.039073590498249100e-01,1.170537646926120279e-01,1.531445343666084369e-01,2.157378804567019748e-01
6.360124699531025660e-01,6.209075928134520916e-01,5.571071819239591383e-01,6.295705848720017928e-01,6.467022203404956260e-01,6.431938741070756249e-01,5.768987631955403428e-01,5.940432725227176025e-01,1.859929056850959939e-01,6.348104934273977040e-01,4.780156591566536717e-01,6.018923155076465470e-01,4.104819394192311677e-01,3.177446061236574582e-01,4.442400687468645026e-01,3.698281809828812272e-01,3.856209902869404682e-01,4.620467263336837105e-01,6.023836404275518808e-01,4.080413379045514377e-01,3.526596537433286938e-01,6.447676291264696768e-01,2.734068362424591503e-01,5.008329786936708272e-01,4.163255356344281455e-01,5.291971125842938051e-01,5.871815230579252587e-01,3.994529954752634726e-01,3.264574187931285065e-01,6.188484771403284235e-01,6.198985109664760795e-01,6.079590969200264761e-01,6.127555189138528258e-01,5.730936923414154949e-01,5.861889140044314050e-01,4.042392865706190275e-01,2.861561952528933195e-01,5.380402523507967771e-01,4.390928928423881716e-01,5.727514689957894367e-01,2.849778138930602611e-01,3.080599906461319315e-01,4.769780956437916775e-01,4.883162452287269639e-01,5.501864775827779441e-01,4.822388601002429165e-01,5.729209724744016574e-01,4.780834266160601809e-01,4.053099509758831265e-01,6.536483789437078640e-01,2.578976404201049344e-01,1.718409339677270664e-01,4.103602540238681512e-02,6.172734641632011965e-02,1.040090552721719686e-01,1.528443335784178403e-01,4.793327938207070926e-01,5.660285264053742660e-01,6.302214436682842535e-01,5.744837339418443767e-01,4.905208622555381481e-01,5.488922925295180999e-01,5.322092465480413592e-01,4.085573715086123769e-01,4.526565891610556669e-01,4.610301260812836310e-01,2.670736815687145271e-01,5.508423222626300797e-01,2.926065856875864624e-01,3.699213755915610746e-01,4.568248077151039199e-01,6.427127216267463083e-01,4.613966175884030574e-01,5.507486955001974493e-01,4.422388333680231098e-01,0.000000000000000000e+00,4.601933566691597255e-01,5.090055259306092150e-01,3.916469407724764706e-01,4.494192959383363495e-01,5.112742874127377268e-01,6.282656505349299980e-01,3.095723947114845109e-01,2.237182001693991396e-01,5.000698217944443691e-01,5.919804359505902447e-01,5.077527875628358167e-01,5.513513019171986107e-01,4.610260965700058167e-01,6.273722115253677067e-01,4.324465385584504995e-01,4.373744491102635745e-01,3.908558077987170365e-01,4.145631639503348786e-01,4.757347634638032230e-01,2.628408859145505705e-01,5.251473685910826861e-01,1.641747220113722316e-01,6.128283253704684963e-01,4.738422182124071846e-01,6.440428902601219585e-01,6.451176669960476673e-01,5.027746555897132374e-01,4.568691940461314105e-01,6.468581742577543814e-01,5.264591405548812997e-01,5.517350978686261787e-01,4.624305982477252552e-01,6.103294768115247182e-01,5.133926496794369854e-01,4.700654579205711392e-01,4.810089514272747335e-01,5.498515747703914824e-01,4.564908600286158857e-01,4.460947094236236699e-01,4.745697723283426317e-01,3.845377470169249468e-01,5.143373863535112278e-01,2.319448615308465078e-01,4.913601406758078549e-01,5.838440858951364776e-01,5.695711180429494647e-01,4.230789265706912383e-01,5.739896397133769090e-01,6.082815442474681644e-01,2.071888161182509625e-01,3.785154220731044017e-01,5.913999346476946917e-01,4.855613484544268887e-01,6.032436452878335853e-01,5.879885068606821585e-01,5.979433458225547060e-01,6.426880831844486996e-01,6.229763934042987783e-01,5.876094892378057599e-01,6.519168353486963774e-01,6.496755072960019861e-01,5.478408753092289807e-01,5.139999737419758130e-01,5.919279603099251164e-01,5.228399434592059247e-01,6.377246489724449630e-01,5.795660596241479778e-01,1.501845607139107863e-01,2.925632598027298470e-01,4.747076698179327758e-01,5.743058135100111983e-01,2.893612483849276051e-01,5.732863746150316242e-01,4.351074889711772919e-01,6.456900838538016663e-01,6.513004049865436240e-01,6.421004007860030560e-01,3.980945925468663549e-01,4.975832487362243373e-01,6.491025732138936410e-01,1.611797160633099135e-01,3.535231998222497229e-01,3.644214509329836149e-01,4.973463529798958227e-01,1.687903617286442282e-01,1.308505359213007757e-01,6.165461389375187506e-02,1.878316764608645439e-01,6.257632812471368711e-01,6.522722480259544042e-01,6.512075923719828907e-01,6.089393267296911993e-01,5.732868238588340049e-01,4.340771724912219076e-01,4.530456326880674678e-01,3.839982996944625859e-01,5.525466983681337485e-01,6.436336040040535611e-01,5.770092193781137802e-01,5.215840890287399834e-01,4.995385004380150096e-01,4.428940495134721655e-01,5.579431124773253092e-01,4.020873097205460156e-01,6.113422298610574623e-01,4.358071902549582322e-01,6.295652224692329657e-01,5.706945108268436373e-01,3.161735603750021051e-01,4.934168381676851123e-01,5.764993226749330901e-01,3.443353780523216168e-01,5.444421187253810634e-01,5.985374202530342469e-01,4.714529274907664491e-01,4.884346527986808684e-01,5.902214460200636559e-01,4.154779154464141033e-01,5.597660192538671531e-01,4.499111967775518695e-01,6.143229485870737028e-01,4.572077133941136462e-01,6.222884367930625604e-01,6.431035555767989909e-01,1.890682691310543451e-01,1.707630251185502102e-01,1.203473014611189801e-01,1.912404283035474828e-01,2.096143759177620247e-01,8.997416501448175785e-02,1.969919645229287752e-01,1.338524203239117860e-01,1.356743126250991027e-01,1.821834885289062567e-01,1.850991211521106974e-02,3.119720895141869441e-02,2.719402342739801193e-01,2.068742535086017520e-01,3.346012069580087123e-01,1.871565834093176228e-01,1.914824407708657084e-01,2.508882090073371041e-01,1.581774915174419260e-01,2.677681974578918211e-01,1.315380649366116317e-01,7.227449936043897627e-02,2.504216093523195519e-01,1.745671420019442588e-01,1.121309532617252164e-01,9.098222241478620687e-02,2.014668818035098008e-02,2.254018765047362607e-02,2.968792995752140285e-01,1.164856536098809320e-01,1.453477595101991815e-01,1.972804467506300563e-01
6.385554427326627369e-01,6.169849313039827976e-01,5.527172662945086801e-01,6.161423965647244705e-01,6.579258471140542186e-01,6.548616734323479127e-01,5.624526467641443039e-01,5.872992076947012308e-01,1.675348077991986040e-01,6.273212280927694673e-01,4.274497678146838009e-01,5.780344025773858085e-01,3.835841871030919448e-01,2.945975604361847910e-01,4.398859588726766190e-01,3.780298064614898701e-01,3.724717862795342560e-01,4.592723137462437211e-01,6.018736934345648715e-01,4.012584446702849861e-01,3.486094315419011602e-01,6.428224202924167630e-01,2.713146941542778356e-01,5.024299248996749734e-01,4.108847464115771841e-01,5.241561485041931201e-01,5.850998840829837455e-01,3.889975477063112308e-01,3.128746424003264748e-01,6.355823838860504837e-01,6.134025894867478623e-01,6.401972199342244041e-01,6.157439000406109697e-01,5.738381262507257219e-01,5.844885220881096410e-01,3.983964118336877913e-01,2.820861150170272946e-01,5.381855552187577718e-01,4.583368574958602837e-01,5.814149522788389923e-01,2.845764031412508777e-01,3.087740961006316676e-01,4.857002900121927813e-01,4.854865273865211495e-01,5.427436365030328114e-01,4.728214093398370177e-01,5.680633339222312950e-01,5.482925934446795102e-01,4.069793895737077172e-01,6.727114627135911684e-01,2.856518101751211458e-01,1.719860088564494072e-01,4.290807992085687167e-02,7.883003690985988798e-02,1.028322084062164993e-01,1.385507681923784651e-01,6.100817306569413789e-01,6.214151569082692061e-01,6.670410995964920486e-01,5.770030403855473944e-01,5.236771193656428736e-01,5.813215588794750088e-01,5.725129743108284819e-01,4.092622915630102498e-01,4.944157314066700559e-01,4.652018614218740855e-01,3.392369954344659488e-01,6.566501282238573767e-01,5.113089653647855393e-01,4.997630568358486514e-01,5.392106138810967009e-01,6.250479523387427738e-01,5.567989962035527762e-01,5.086174942303141044e-01,5.009067279651630011e-01,4.601933566691597255e-01,0.000000000000000000e+00,4.137634145966917476e-01,2.459670288247329806e-01,4.137733998842894612e-01,4.719199099197328717e-01,6.306618081932933162e-01,3.102881278869141779e-01,2.564736740049934904e-01,4.713905351044685443e-01,6.255376523022915247e-01,5.598353684278188913e-01,5.145455885138875418e-01,5.093830683804473347e-01,6.703133572880199953e-01,4.337936687973935057e-01,4.350002036875104117e-01,4.098449427969992342e-01,4.057628778704919226e-01,4.876071873104462218e-01,4.989696624547299564e-01,4.150370606320506472e-01,1.641771577632906431e-01,6.269440190990342998e-01,4.883166489764975693e-01,6.474325762567776366e-01,6.539918482869506722e-01,5.039022173755980383e-01,4.481691807255464011e-01,6.428500695508166940e-01,5.215412615093470983e-01,5.456406222749323742e-01,4.374277410504775476e-01,6.046236154869155666e-01,4.956960431843897008e-01,4.259720767514765249e-01,4.645031550156654143e-01,5.506885035879083290e-01,4.482663089785003940e-01,4.231294130994607827e-01,4.755680350440353865e-01,3.815838923581698072e-01,5.143407270096346240e-01,2.268277925369595327e-01,4.865726404878223388e-01,5.548790077404526233e-01,5.604122837966601933e-01,4.226711456921588561e-01,5.731208530004083812e-01,6.098738518738372472e-01,2.048309299757205826e-01,3.787495831849755912e-01,5.924266905211520440e-01,4.805354444910686085e-01,6.029795877916277469e-01,5.853447768562858311e-01,5.620496098685957564e-01,6.453723568439309055e-01,6.279346271836716564e-01,5.882575030468329969e-01,6.718328116474936440e-01,6.655460029531763411e-01,5.478809622853964001e-01,5.161768480288259076e-01,5.908322628546378574e-01,5.209823267529504198e-01,6.447260111410133554e-01,5.668887735678537210e-01,1.505805736597028155e-01,2.883215123214734610e-01,4.794343133178360916e-01,5.696788807072932226e-01,2.574792494727861092e-01,5.573644212235685513e-01,4.317629886190932353e-01,6.433084915298858952e-01,6.472183188543710886e-01,6.720311353532176790e-01,3.980162508440952540e-01,4.993306655506353220e-01,6.714560981088751879e-01,1.816300267102835264e-01,3.541428695632455326e-01,3.128689024773266270e-01,5.584606449695296293e-01,1.661633522501039795e-01,1.406063579795500673e-01,6.545859065055646686e-02,1.770347075997305841e-01,6.591855724945702155e-01,6.594408969580098923e-01,6.680086379738808811e-01,6.022565288357681901e-01,6.213097977198189792e-01,4.272865974349639995e-01,4.759693921776617653e-01,4.482364801519721498e-01,6.309083753293698305e-01,6.577606951799138679e-01,6.725335402808791940e-01,6.533925704313825467e-01,5.669367659407433813e-01,5.370390162522336031e-01,5.788657397196430576e-01,5.995054749650500225e-01,5.690817587540366596e-01,2.940921964755648932e-01,5.851415756357145614e-01,6.554387439493500889e-01,5.101502767339168853e-01,1.782937531533883846e-01,5.648474475645118842e-01,3.428308134338160507e-01,5.493923003655590831e-01,6.378332223039882010e-01,4.376807951372477801e-01,5.081745201178224924e-01,5.900769086925671258e-01,4.309189843249988661e-01,5.030193683969317320e-01,4.376503718556493117e-01,6.011844384962883314e-01,4.522216529605065927e-01,6.178529676802353432e-01,6.503027598327817405e-01,1.749010540480799292e-01,1.515080910032535477e-01,1.155438766027957614e-01,1.777465460303657707e-01,1.916954864800370639e-01,8.922000447431395476e-02,1.967035094487323554e-01,1.371091503219017960e-01,1.372745445864063385e-01,1.811707162272965799e-01,1.853422772172468383e-02,3.089108087786677018e-02,2.698330039062853403e-01,2.038929444254694301e-01,3.566826999263156273e-01,2.160998409195930559e-01,1.814542549851627662e-01,2.096008847422114740e-01,1.574008581684022967e-01,2.592658942673533029e-01,1.322641677038165486e-01,7.576171757703810405e-02,2.578413238933408569e-01,1.697781699542063039e-01,1.193273810933130757e-01,9.759663855387368248e-02,2.063342237836621879e-02,2.330844900131022468e-02,2.971459153767215811e-01,1.116793402462154111e-01,1.578527902484156697e-01,2.258967420903602863e-01
5.974837046656006345e-01,5.887166632464612137e-01,5.589570355656261480e-01,6.049702993421874897e-01,6.043046109609659933e-01,6.000063991971958943e-01,5.753098371814983070e-01,5.951256684301962085e-01,1.793477006028785514e-01,5.955299438350134533e-01,4.343438165392791150e-01,5.662590341271634964e-01,3.566656888760194044e-01,3.153576657888453871e-01,4.453083562448785226e-01,3.851268641967025008e-01,3.869075729641617278e-01,4.674448576547874379e-01,5.744681721329123469e-01,4.143812496926204125e-01,3.491074797331940038e-01,6.064022594033259272e-01,2.733666322274421190e-01,5.011911934513662015e-01,4.245518023122657469e-01,5.337721893106203153e-01,5.995693854176658011e-01,4.168914346996037135e-01,3.409845303915458037e-01,5.991697300581773078e-01,6.065104909439450465e-01,5.798606197959393915e-01,6.032265378499418462e-01,5.816397679709481849e-01,5.846030047000777552e-01,4.009406737906031082e-01,2.877078961392551815e-01,5.388139752987918252e-01,4.631629023592801486e-01,5.782418251650529584e-01,2.820684181976321203e-01,3.051612053634164545e-01,4.876917597842576613e-01,4.586659270116372755e-01,5.180421269270140128e-01,4.833700036318771542e-01,5.794811108826869450e-01,4.457888408945365755e-01,3.851404267762709721e-01,4.827083793135324985e-01,1.904409397615577093e-01,2.050154194286110954e-01,4.182571731078302268e-02,7.021709507536003092e-02,1.041897156637678207e-01,1.575909342109663158e-01,5.812651567998138313e-01,5.232953741450543372e-01,5.849651090698952949e-01,5.681526177734829153e-01,5.188769334481833084e-01,5.504797987929619385e-01,6.056932312147551567e-01,4.075589518369360786e-01,5.303570964530852638e-01,2.753253629519329393e-01,2.710836086745674334e-01,4.489235685218094796e-01,4.974633394649929374e-01,4.418952780288752935e-01,4.404520630981586526e-01,4.161980509938937867e-01,4.947153286477268264e-01,2.175580524963020013e-01,4.194888226873874082e-01,5.090055259306091040e-01,4.137634145966917476e-01,0.000000000000000000e+00,4.099066993451987440e-01,3.274015426850709898e-01,3.939780425363332839e-01,4.141433127421339511e-01,3.241411637006326729e-01,2.946797198868391643e-01,5.473918871837720745e-01,6.029638034545210523e-01,5.750019322975760128e-01,4.040734026971063986e-01,5.576422876154142338e-01,5.003556148885404120e-01,4.513747155670291833e-01,4.050766691456782476e-01,3.248251137734696203e-01,4.367682635059896845e-01,4.961258363227931678e-01,5.063568719078409552e-01,4.869531403404345204e-01,1.752264683488298780e-01,6.057624784784038097e-01,5.967372266609339837e-01,6.028078475615477050e-01,6.043173664277867729e-01,5.040491609273439755e-01,4.659694677418996234e-01,6.034091133118983930e-01,5.257766875419169761e-01,5.505340317651969961e-01,4.619130811458277974e-01,6.057204680656266271e-01,5.155608092956825983e-01,4.218389294333717565e-01,4.444101953989079701e-01,5.480480144378527818e-01,4.605258920325998595e-01,4.342463068303650253e-01,4.719691092749670469e-01,3.790071332346314770e-01,5.157167965631868078e-01,2.314820512293264687e-01,4.960094567951646161e-01,5.634026194007641930e-01,5.743217269215482590e-01,4.355284291765147420e-01,5.834850971408315212e-01,6.062203048463491450e-01,2.108135334365114910e-01,3.812281272160285561e-01,5.883334767834517143e-01,4.887243570745016807e-01,6.035336725751643261e-01,5.910203538736843454e-01,5.984768112563716436e-01,6.019528496285312391e-01,5.440569649329453084e-01,5.874680101560757484e-01,6.054376236500975672e-01,6.048046182345324651e-01,5.473914834428292853e-01,5.535837855879336411e-01,5.923825607413444327e-01,5.213713626457355810e-01,5.990134284106071183e-01,5.874385952106453423e-01,1.470836080731580398e-01,2.887990568281494919e-01,4.825742218288824326e-01,5.589094799239620048e-01,2.606917324468649433e-01,5.200587683434206854e-01,4.342705125226026253e-01,6.075768366051889080e-01,5.955954865494804684e-01,5.447861510525382478e-01,3.626780370654320018e-01,4.935940800689931907e-01,5.578738440184930480e-01,1.782453627251163186e-01,3.236665606063641176e-01,3.124975850724478477e-01,5.250434238023411471e-01,1.674640340017148066e-01,1.430973436533220233e-01,7.346280760657679376e-02,1.998171303081658634e-01,5.885729273666150396e-01,6.073528989600839312e-01,6.072158560270722871e-01,6.036618778951954312e-01,6.000074847176715132e-01,2.090433396915737096e-01,5.535370499017799872e-01,4.379441872038288275e-01,4.602207968246876391e-01,5.825798560537710502e-01,5.678983971275332054e-01,5.707613535281544914e-01,5.129402879898130596e-01,5.422230602730930826e-01,5.494061432328992689e-01,5.495057570275969638e-01,4.374851625008406852e-01,4.736538217904395776e-01,2.461333007231222558e-01,5.702234295045708334e-01,5.172279141075678544e-01,4.005589312272149760e-01,4.271136400399663247e-01,2.697169202094346074e-01,4.301716858625211914e-01,5.961697522052855636e-01,5.000950355342645981e-01,5.591355148961055788e-01,5.651461507032349285e-01,5.568420427213091051e-01,5.447341538590655396e-01,4.466833225710216126e-01,6.054027297648583161e-01,4.617173003644853835e-01,6.020160493137113322e-01,6.061193638760090652e-01,2.008021878123065762e-01,1.404181971181465427e-01,1.262177433536086080e-01,1.943896786217415573e-01,2.059131658480365390e-01,9.698566307964810729e-02,2.091526201160105181e-01,1.418745746564690768e-01,1.239521996728366326e-01,1.648009502631517520e-01,1.824908165243273664e-02,3.075958350901875776e-02,2.662253898428356136e-01,2.071164249672773072e-01,3.505376416932815542e-01,2.235178456525246660e-01,1.906805693819076108e-01,2.081918044418309688e-01,1.662262073725991052e-01,2.454014789903934124e-01,1.535635882752366954e-01,8.232867801501790594e-02,2.669753761983887919e-01,1.850724974994517880e-01,9.809141842934647471e-02,7.940153003445926672e-02,2.100029749970130921e-02,2.194923561115367031e-02,2.927492828492648802e-01,1.201072960150574714e-01,1.555137769088691113e-01,2.390951436370864491e-01
6.688391295344962018e-01,6.352078295168300803e-01,5.579993364617281681e-01,6.263879524551659861e-01,6.709609398639528877e-01,6.706504424515730145e-01,5.815360164292845413e-01,5.964886587981728105e-01,1.852789109164093284e-01,6.463845703879579352e-01,4.578220113081313269e-01,5.826184247865695554e-01,3.654840147113085358e-01,3.112303049884694306e-01,4.480350208928670086e-01,3.824487981452157626e-01,3.824440534666670999e-01,4.610306997621340663e-01,6.113984669863808952e-01,4.148323748284334922e-01,3.492999876562862815e-01,6.432957360387010493e-01,2.734117644710914452e-01,4.990684593983817363e-01,4.095314670915810584e-01,5.288522111412879978e-01,5.924079718169292796e-01,4.064908256937578845e-01,3.389801459327901334e-01,6.552577608843691559e-01,6.269234522589958170e-01,6.470064601605730603e-01,6.161632482550684076e-01,5.767587755564281826e-01,5.859173988180683690e-01,3.992332782043631068e-01,2.860181773199372834e-01,5.372945314911111714e-01,4.554010348335051916e-01,5.786539942175573659e-01,2.846111803888219383e-01,3.047431971567866049e-01,4.812551956273058429e-01,4.847006900673434537e-01,5.481942777712476289e-01,4.814185560713890588e-01,5.736529903867030322e-01,4.510661643896106132e-01,4.059460636105848286e-01,6.760095606954250602e-01,2.673722477941565256e-01,1.798615158486690513e-01,4.137114003505258653e-02,6.865076169771687498e-02,1.017431610493779032e-01,1.479247331268005727e-01,6.057600147853628991e-01,6.211328669139466463e-01,6.589153870199788710e-01,5.733405362563281926e-01,5.179463676269973060e-01,5.794825066714378581e-01,6.043372470661836360e-01,4.050951776463770360e-01,5.049823755479139198e-01,4.611150620732245020e-01,3.255310213993050650e-01,5.848120868329818034e-01,4.313734163521730780e-01,4.485133586720974619e-01,4.707084409490659982e-01,6.203325169900686387e-01,4.581311126127322053e-01,4.994301246464558086e-01,3.669510654750049450e-01,3.916469407724766372e-01,2.459670288247329806e-01,4.099066993451988550e-01,0.000000000000000000e+00,4.017382629837387698e-01,4.543488297482400906e-01,6.162876689789430484e-01,2.682623520343134227e-01,1.989076855598236604e-01,4.696582633203144064e-01,5.822038387728358799e-01,4.615127577798796010e-01,4.684267928465551400e-01,4.613184733983553554e-01,6.603172920560250736e-01,4.190466492250799480e-01,3.998059513826550671e-01,4.034823041482670791e-01,4.308311427861599707e-01,4.712257690546750033e-01,4.970599466613305206e-01,5.215514698925461934e-01,1.828982140578596927e-01,6.125925496287751848e-01,4.571226334621784071e-01,6.659378541781288963e-01,6.671825567533279377e-01,5.054561206163065146e-01,4.593254078932016982e-01,6.458451840899642749e-01,5.237036112362034590e-01,5.500708318891195381e-01,4.668290408413782178e-01,6.119880484842774582e-01,5.135758144320822227e-01,4.390120585934717545e-01,4.609084753169787052e-01,5.525978517654841493e-01,4.613044835542619015e-01,4.283112200222880528e-01,4.821423550083510090e-01,3.812007142494460155e-01,5.287554608991884564e-01,2.350042925254521575e-01,4.892276501569699509e-01,5.683989867101373328e-01,5.655222059620680364e-01,4.296078997952745837e-01,5.762530883568041107e-01,6.021047385937967622e-01,2.089187674527200334e-01,3.780302545325480712e-01,5.899651036944586480e-01,4.872869395705044515e-01,6.093009407764646834e-01,5.913055823652185738e-01,5.875371964753589582e-01,6.706023031491886721e-01,6.196329870748970015e-01,5.869680909484097375e-01,6.795975823867682619e-01,6.732924526693626621e-01,5.474667346831906256e-01,4.698617499422029775e-01,5.925711771210532275e-01,5.208293647907187296e-01,6.416564786456393499e-01,5.830243690155956227e-01,1.500846868489059682e-01,2.901280998687110202e-01,4.764215066367280538e-01,5.724767417765960209e-01,2.492271982147253873e-01,5.574939812329184896e-01,4.342662286592800513e-01,6.717849594955754844e-01,6.785208048259495639e-01,6.331125557015140348e-01,3.862627408670215035e-01,4.979726533833156998e-01,6.784661012802649660e-01,1.705543257945781044e-01,3.499898058073774854e-01,3.421978849241439913e-01,4.820812538011426396e-01,1.688930404045825562e-01,1.327950254699837573e-01,6.836846909496280267e-02,1.965276590099877818e-01,6.700367713531202307e-01,6.734062946404826278e-01,6.796218580283176491e-01,6.051551046059709948e-01,6.232069559518901292e-01,4.057219786024437447e-01,4.254205882622892898e-01,4.122437431218267667e-01,5.639714103422709401e-01,6.806617493305804345e-01,6.533748076432871477e-01,6.304225549533347683e-01,5.479973750486412110e-01,5.317163388169924287e-01,5.623174291327844854e-01,5.364800071173889684e-01,5.770689177039483031e-01,1.875820781119075242e-01,5.723902065619492774e-01,5.876822545334481340e-01,4.713310092006782193e-01,3.888105223922840858e-01,5.366891236401045706e-01,3.346701757178096037e-01,4.827171792774303527e-01,5.780377088182216960e-01,4.216318841694588482e-01,4.746466196969169049e-01,5.720629529010420322e-01,4.551540931225515618e-01,5.619468256788284766e-01,4.557207384015223295e-01,5.945011550652294918e-01,4.303492577567571975e-01,6.171838496625309256e-01,6.429117291152267599e-01,1.980102335064169716e-01,1.661228202858335556e-01,1.219416513401123253e-01,1.900630700498399106e-01,2.040464291006282016e-01,9.293882027210770280e-02,2.019264759875022408e-01,1.319830993818778830e-01,1.338966990116368661e-01,1.755527535953276541e-01,1.852408501755131026e-02,3.160331860602167559e-02,2.703435007342210317e-01,2.078065387820807186e-01,3.515829711869294938e-01,2.109622611171369511e-01,1.987442773060888179e-01,2.201868563408358737e-01,1.632517757649479817e-01,2.652574789510422359e-01,1.299528122001453734e-01,7.785095306021458383e-02,2.591074474680751250e-01,1.736066655567210792e-01,1.108744018629704287e-01,9.253599367082150640e-02,1.977903074367750105e-02,2.294101830022418631e-02,2.966710855104792710e-01,1.133197848353376669e-01,1.491627360005731706e-01,2.096307009625933693e-01
4.927959449594998542e-01,4.892287745613111971e-01,4.990270631341969243e-01,4.962726295299194623e-01,4.948333073392234271e-01,4.899068835103048136e-01,4.775936392686696008e-01,4.898197291264865805e-01,1.761531321203138323e-01,4.866761380841476137e-01,4.486371389536087384e-01,4.684047861829448989e-01,3.742491601492293207e-01,3.218738131415501136e-01,4.571985850696505538e-01,4.025144584843258766e-01,3.920578179664644392e-01,4.684054029456138357e-01,4.899706420604745816e-01,4.187921839111155564e-01,3.520802242362542911e-01,4.988884110392710625e-01,2.739206987333672738e-01,4.976188071125116075e-01,4.266893321520524585e-01,4.998857939494847913e-01,4.964526781244915643e-01,4.210026302262419584e-01,3.491768066209358090e-01,4.983495376541001720e-01,4.988276064070688021e-01,4.913539498470164690e-01,4.998839710747072229e-01,4.943631245326382539e-01,4.991749857907530896e-01,4.053934863602760008e-01,2.887571126558360346e-01,4.995156126575825417e-01,4.677012419992344627e-01,4.934595248734146566e-01,2.711371016935954503e-01,3.084828965857100980e-01,4.890009810851150829e-01,4.362114569486590931e-01,4.874571450039607012e-01,4.794654451198033795e-01,4.988521994889168476e-01,3.838781248507920352e-01,3.814082750359882867e-01,3.529389826700948252e-01,2.105676143106145759e-01,2.095480572973102695e-01,3.879760288665626278e-02,8.567758421122133317e-02,9.831503905299170121e-02,1.496061272891033855e-01,4.986260415556921233e-01,4.825027318588555048e-01,4.932919971987105856e-01,4.948853239471970311e-01,4.957750371758405383e-01,4.766086598511039552e-01,4.930252848748671868e-01,4.093100796319770196e-01,4.983267264061593815e-01,3.850186304895965028e-01,3.247018979703927277e-01,4.232779276961488035e-01,4.700934316485649300e-01,4.633527614256908733e-01,4.317991579352393194e-01,4.353896356827603453e-01,4.442895567177010396e-01,4.348030966384075491e-01,4.408669060162654363e-01,4.494192959383363495e-01,4.137733998842894612e-01,3.274015426850709343e-01,4.017382629837387698e-01,0.000000000000000000e+00,2.972243886991455253e-01,1.075740352463805255e-01,3.200202894735106884e-01,3.132590372122371347e-01,4.938826683518859895e-01,4.986827061125874705e-01,4.710733914998759264e-01,1.561423358239231729e-01,4.676295051692342941e-01,4.042054601967645100e-01,4.624991013504327619e-01,3.281540850361192585e-01,3.524042316121929197e-01,4.521794269813766975e-01,4.930905781523423626e-01,4.262703301598554373e-01,3.845086775487955300e-01,1.562617144393884105e-01,4.874209306851557399e-01,5.001811981304475907e-01,4.925207487986608679e-01,4.988790695532163699e-01,4.848049048125300797e-01,4.590883587597055504e-01,4.934359368886748753e-01,4.997693605085107293e-01,4.930276832997483316e-01,4.457743658611469373e-01,4.967082389436159873e-01,4.778669838619588606e-01,4.559890750857328312e-01,4.613006144537747377e-01,4.979650464975740043e-01,4.523444352571544536e-01,4.456049865553658451e-01,4.711447267706189157e-01,3.807318107626071479e-01,4.721726944266850801e-01,2.328255342329048905e-01,4.998572734706447362e-01,4.767084065103519008e-01,4.909572682340950234e-01,4.426557114880624311e-01,4.991318450979131405e-01,4.995772292658254843e-01,2.097698867094453523e-01,3.829794298221717574e-01,4.949080056616596557e-01,4.887719983298436932e-01,4.987986341928172807e-01,4.933131696267457622e-01,4.907894792791828720e-01,4.912413242815536485e-01,4.887342134653309134e-01,4.996184337951156684e-01,4.982515296363684287e-01,4.928265078085624640e-01,4.996900845664494772e-01,4.805279046424075218e-01,4.965042657148148741e-01,4.925286425175366967e-01,4.902981757801435636e-01,4.985628876267088061e-01,1.384982736136908810e-01,2.873076122627453155e-01,4.845473453387528218e-01,4.935247211527076794e-01,2.685132635560680270e-01,4.533236789082756846e-01,4.284626894460554225e-01,4.970497503363824343e-01,4.788550485618658370e-01,4.174010030838319896e-01,3.106825369836614392e-01,4.876167781465630680e-01,4.260253717929289308e-01,1.822046013110196483e-01,2.839036119568357219e-01,1.917373481054549522e-01,4.469081186259856175e-01,1.671611669099717923e-01,1.551085600411870880e-01,5.846175398906230947e-02,1.976905810211492254e-01,4.917683310474539327e-01,4.967317518693949441e-01,4.971479624669957742e-01,4.905045885356309476e-01,4.972046563710960654e-01,3.179951997727159529e-01,4.690844470042691006e-01,4.536453632354062737e-01,4.339909000376261927e-01,4.825710343272164859e-01,4.834925514187514706e-01,4.784891443426909641e-01,4.406138787080108310e-01,4.689774360752135829e-01,4.670882089209537624e-01,4.549669441196679265e-01,4.554875203337221956e-01,4.469183559587830978e-01,3.795624511971357196e-01,4.563158063770629824e-01,4.405079862725913009e-01,4.088959672042112303e-01,1.950294639379570871e-01,1.943299255017222893e-01,2.301741840153384011e-01,4.917249475880766663e-01,4.894692392872563858e-01,4.569683067090963835e-01,4.519232689259475300e-01,4.686602760745115503e-01,4.505451330771735319e-01,4.358042035129451874e-01,4.975832055291231071e-01,4.597762439570421966e-01,4.934788084277063613e-01,4.988553350472448300e-01,1.509285034443876850e-01,1.175897449663319133e-01,1.210265653736007502e-01,1.831815114067667227e-01,2.032361882098846773e-01,9.554453102400359277e-02,2.068488019779921305e-01,1.476317301481835931e-01,1.258467963070509232e-01,1.622924533888163989e-01,1.749212519477343769e-02,3.038038025770242387e-02,2.675632069971561333e-01,2.091112090584694716e-01,3.407375362499184268e-01,2.270761276717206956e-01,1.407635121436550674e-01,1.910558685928254730e-01,1.478997953383944242e-01,2.338909585858153506e-01,1.470943467320614817e-01,7.667252883941352848e-02,2.662019925881715099e-01,1.907823623872541008e-01,9.213661962350902512e-02,8.432137427230072813e-02,2.147432807304479330e-02,2.215252786878908059e-02,2.978868371200109055e-01,1.185926469442262071e-01,1.511985552703711821e-01,2.452498068134472131e-01
5.992905635944043574e-01,5.979294696256368669e-01,5.559906924801674144e-01,6.125573356129876412e-01,6.154313619789942846e-01,6.070434523709102859e-01,5.624887595714875843e-01,5.905067437204668535e-01,1.770130709184108697e-01,6.196828822686867300e-01,4.779515560595753998e-01,5.774413483804826663e-01,3.685615627678905937e-01,3.043380623690770670e-01,4.332411774243991043e-01,3.836986898370150501e-01,3.836840327730062228e-01,4.701490832829707256e-01,6.111470317201468383e-01,4.050434885415523656e-01,3.512917508458495708e-01,6.293793501878022223e-01,2.736207890841720336e-01,5.006419189756519117e-01,4.256657738913321443e-01,5.368359393001554958e-01,6.040071217774133361e-01,4.027166958651773321e-01,3.330885384338955202e-01,6.113347091223384489e-01,6.127306499367313197e-01,6.094636093792150655e-01,6.142211016436891491e-01,5.715644513974265095e-01,5.856282325323218796e-01,3.998468603219679229e-01,2.865459722295049527e-01,5.399861733292317112e-01,4.578163181445087382e-01,5.758609531876373033e-01,2.837232709337074721e-01,3.080297526314852430e-01,4.882001952234439890e-01,4.988146927084624593e-01,5.470485535977233083e-01,4.830494657330369201e-01,5.759763315432463449e-01,4.877885799866645278e-01,3.994349595439734002e-01,5.797189607673930434e-01,1.588569743063498740e-01,8.333284006161971458e-02,3.509594355608391253e-02,5.729014478102897184e-02,8.482566710948770405e-02,1.530051089546084209e-01,6.026498432011794248e-01,5.717442677469064538e-01,6.144505101030727223e-01,5.719204170188123548e-01,5.177855155948304366e-01,5.660008907444590287e-01,6.177890137317788577e-01,4.089847063589097664e-01,5.266104523874161059e-01,4.125983969973701093e-01,2.934488987131121940e-01,5.283436114395501093e-01,4.827127787796510194e-01,4.399047096405694912e-01,5.163827296421041879e-01,5.891272695741843757e-01,5.530548225224135583e-01,5.073435137133942563e-01,4.607337337030009139e-01,5.112742874127378379e-01,4.719199099197328717e-01,3.939780425363332839e-01,4.543488297482400351e-01,2.972243886991455253e-01,0.000000000000000000e+00,4.385585889465473119e-01,2.879929348546120815e-01,2.199287433883765908e-01,5.425759062773867214e-01,6.091398004878144645e-01,5.523110646695040815e-01,3.488871915003928237e-01,5.337186781301094252e-01,5.783321484383019406e-01,4.463019018255051096e-01,3.667335724225844751e-01,3.593392572097925397e-01,4.260570342685131573e-01,4.859100103656915359e-01,5.267885037117622238e-01,5.325811696207319867e-01,1.735444698431266586e-01,6.265437928112663757e-01,5.913414343454125310e-01,6.169434402438530585e-01,6.236230347985805000e-01,5.010144982682899206e-01,4.578303733035579137e-01,6.201227225556270595e-01,5.253964046446187863e-01,5.491981332467845700e-01,4.545097957042983361e-01,6.124256249834721944e-01,5.194886734695821628e-01,4.624574838952420497e-01,4.564295203120812272e-01,5.388800321041468111e-01,4.433492592127075693e-01,4.430432675278273003e-01,4.524354833942346166e-01,3.744024394830005598e-01,5.063790610092908651e-01,2.227115497335081518e-01,4.937801204996660198e-01,5.802166974362190643e-01,5.864594022493588854e-01,4.187607766438397050e-01,5.836962158040925885e-01,6.238144331712249802e-01,2.082639481543148152e-01,3.830012381553808409e-01,5.909665454011795438e-01,4.878601738854353997e-01,6.178345339419311077e-01,5.917318240455993195e-01,6.043290476937204225e-01,6.161036151032464048e-01,6.064313382153116994e-01,5.870724984334274588e-01,6.239266004358366979e-01,6.272553839429177991e-01,5.461302536041791056e-01,5.796793971326111850e-01,5.910013243446392561e-01,5.213941510801691770e-01,6.230915234495377764e-01,5.854815258942106526e-01,1.476235266784243771e-01,2.882980260769412717e-01,4.827179546071430072e-01,5.740066272662792679e-01,2.569774738801704483e-01,5.595783970104535321e-01,4.321771402313243082e-01,6.249283283003714828e-01,6.295491897266931591e-01,5.822069616079922350e-01,3.765770274600405143e-01,4.993727081531912915e-01,6.183512107499976596e-01,1.156250821580285110e-01,2.855091837041037195e-01,2.247058071320379991e-01,4.094842248845324550e-01,1.613708724996025246e-01,1.113057739953770553e-01,5.892459559474724773e-02,1.824645118646995301e-01,6.096792312200961517e-01,6.283275450725583910e-01,6.287272533119129259e-01,6.031672452225302905e-01,6.198826141343070084e-01,3.712570901451927030e-01,5.041023341741855956e-01,4.252807143563609449e-01,5.505236516587298512e-01,6.203265917350767600e-01,6.157919034164510697e-01,5.974279247305651630e-01,5.121440859249527522e-01,5.576619724105290610e-01,5.648357157174471732e-01,5.657438966027339422e-01,5.876544348436031351e-01,5.054813619604070496e-01,5.524154156138024740e-01,5.961480127867170298e-01,5.177525244963834261e-01,4.756891649055616234e-01,4.605736831188852465e-01,3.118825773448697936e-01,4.584163235547896176e-01,5.998448016501646274e-01,4.684536794800396864e-01,5.269596497496971121e-01,5.720190041138831782e-01,5.473735053014034957e-01,5.849797849788186399e-01,4.426301423642695632e-01,6.265713431129020794e-01,4.593427775813806457e-01,6.119856842831503663e-01,6.242748215665262501e-01,1.687034877494180962e-01,1.463531151690002363e-01,1.176211704768697353e-01,1.785925302625826772e-01,1.965825158042090459e-01,9.349811227203795594e-02,2.123933271799556821e-01,1.464041206582577526e-01,1.299763765231325696e-01,1.687699584083863225e-01,1.880190630369577010e-02,2.966527454123828178e-02,2.712541805244352289e-01,2.057841925937290706e-01,3.544270631838984942e-01,2.123015762710223353e-01,1.341265141482265721e-01,2.159310226209520123e-01,1.330151805798456544e-01,2.219849931351780548e-01,1.367979663827028625e-01,8.193458786575574804e-02,2.743123883974574184e-01,1.879186957440246719e-01,8.457915466368422230e-02,7.494694460863565721e-02,1.978833021097589975e-02,2.216015829950549604e-02,2.944747644023802402e-01,1.186161548807199706e-01,1.523641904636820754e-01,2.318168825248591858e-01
6.823436617078392219e-01,6.605813508100847331e-01,5.613007470047699510e-01,6.336288593614629594e-01,7.162531150201714158e-01,7.184296005249191097e-01,5.659049310528189158e-01,5.915477777868907161e-01,1.589937032702778141e-01,6.503309436062321147e-01,4.519138551352208655e-01,5.679680133734033021e-01,3.627430456964945704e-01,3.191583674619274391e-01,4.553742933969653350e-01,4.092604260373158276e-01,3.906966309210979649e-01,4.699052302094878231e-01,6.586172827377123618e-01,4.213065671905112386e-01,3.491087713483888022e-01,6.498780444922185318e-01,2.699024506609431495e-01,5.031438349893300188e-01,4.263569512666580130e-01,5.381771875170070496e-01,6.156186750277258257e-01,4.289531160187448067e-01,3.498987703325238674e-01,6.941752931666483883e-01,7.225144164002683667e-01,6.491952216452445690e-01,6.100282165936686818e-01,5.827370996283476323e-01,5.812630075310264433e-01,4.040781583915173392e-01,2.883169360230975475e-01,5.397820804110022852e-01,4.667838057625341430e-01,5.841661633505238482e-01,2.460269651256057066e-01,3.081973588534281938e-01,4.867003431763140542e-01,4.550165388350040918e-01,5.113589410700780657e-01,4.786915806014109265e-01,5.767230590852816530e-01,4.418079925010192088e-01,3.207597874601055277e-01,2.693592318566928601e-01,1.875054228662644262e-01,2.345295249262408510e-01,4.014638154730053310e-02,9.135758059383343455e-02,1.023634058170794919e-01,1.559537800810857355e-01,6.817688406241464438e-01,6.859076573922577857e-01,6.477245471888309902e-01,5.687789283237590920e-01,5.110857983431517093e-01,5.378143332558301681e-01,6.780234452191240546e-01,4.095267849587326259e-01,5.499082708702338618e-01,3.043632450298566772e-01,3.258061787722678071e-01,5.862920167465166532e-01,5.777853827801994191e-01,4.889352382529023044e-01,4.745960893371259370e-01,5.893964599488187295e-01,6.434056344784874204e-01,4.312377615008352594e-01,6.878349130066144790e-01,6.282656505349299980e-01,6.306618081932933162e-01,4.141433127421339511e-01,6.162876689789430484e-01,1.075740352463805671e-01,4.385585889465473119e-01,0.000000000000000000e+00,3.309606909387152185e-01,3.509657822136420524e-01,5.154347288300104024e-01,7.032615171864196046e-01,6.087700352395900572e-01,3.232946616182326705e-01,6.221702843595480203e-01,4.763136134115075193e-01,4.640711260434085550e-01,3.245627160439288894e-01,2.472437008060577035e-01,4.676225484487165907e-01,5.014496975610251983e-01,6.714584966974065372e-01,4.998692779911271811e-01,1.630117740955230876e-01,6.678097809143167529e-01,6.998000078591695150e-01,6.860183952534628649e-01,7.219503321266173002e-01,4.880498203918097744e-01,4.597666259641119413e-01,6.345278924834958367e-01,5.258049953760428608e-01,5.463380803382259510e-01,4.328230568215355456e-01,6.110300426852297573e-01,5.002177868266438621e-01,4.453818435197888781e-01,4.426431586728801215e-01,5.464573990202256093e-01,4.581398905632370622e-01,4.475646378263573588e-01,4.844125280325590199e-01,3.775001664586221661e-01,5.410223238110852817e-01,2.336261070687603858e-01,4.999811385169525280e-01,5.867227413098164979e-01,6.035982451535868432e-01,4.439123925939244542e-01,5.857031267917861550e-01,6.240632859929204912e-01,2.073471563088527536e-01,3.829516595074171637e-01,5.888102579827635408e-01,4.887787949139299482e-01,6.215848645658904603e-01,6.086617017130312446e-01,7.237583803207509048e-01,7.203902692361687787e-01,5.934054449522613295e-01,5.859702938667028516e-01,7.176034405349844825e-01,7.150580814361156001e-01,5.475454318386402397e-01,7.024741989763882977e-01,5.923498894030435613e-01,5.211437801682767823e-01,6.416874024447606351e-01,5.938136777652452958e-01,1.311461016914611810e-01,2.814908383737871334e-01,4.749281563558462316e-01,5.525882617970329092e-01,2.691799846092265969e-01,5.025110282065425871e-01,4.291994436831180759e-01,6.745066747621931702e-01,6.044919735446684372e-01,5.279093051965242367e-01,2.348991649676449578e-01,4.755283318020835370e-01,4.622218332011719943e-01,1.870048306745902833e-01,2.149398745655776988e-01,2.457372968579891181e-01,6.224060453427346928e-01,1.680587052098590772e-01,1.617587182253993894e-01,6.594112589154380033e-02,2.053009567123520729e-01,7.117799001111195789e-01,7.049103846623029357e-01,6.787360504969845998e-01,6.079279584625802979e-01,6.385037136426738869e-01,2.410456799731576227e-01,5.878112039750560402e-01,4.824145362566711337e-01,6.502675017832841853e-01,6.818354597534751482e-01,6.641503467344659351e-01,6.695000323421375077e-01,5.290668608494862868e-01,7.107399261309907956e-01,5.315687169496422504e-01,6.822455797608483197e-01,5.291591255616532319e-01,7.033798458992356339e-01,4.006889640255380525e-01,6.543775740089885495e-01,6.841282042531217078e-01,6.463099644015072309e-01,8.997601376398720041e-02,1.131614156530415943e-01,4.367102366821000170e-01,7.225218708808852641e-01,5.022008929179646586e-01,7.139217970959710335e-01,5.958393248913416151e-01,6.819842056958707044e-01,5.629437317177382605e-01,4.337680649060989824e-01,6.228861567299082136e-01,4.628542556375403461e-01,6.988560013137636862e-01,6.704812698091824341e-01,1.665082665577164445e-01,1.135158320725493664e-01,1.235067018579182052e-01,1.929821327584950730e-01,2.082672460352999189e-01,9.422728559101054002e-02,2.030978600643676135e-01,1.471317261957685030e-01,1.236868852831406601e-01,1.390575064065229238e-01,1.720305009641832916e-02,3.075261773597890921e-02,2.649786143813039896e-01,2.072839119142038389e-01,3.335892469642117719e-01,2.297165026218560557e-01,1.713896825892462505e-01,2.022143284992212742e-01,1.654629642866958517e-01,2.428466100856609688e-01,1.652948487466508742e-01,7.753287515253971807e-02,2.628075005310847034e-01,1.916821797946542116e-01,8.854169316476066809e-02,7.912081443618952659e-02,2.113352482659707626e-02,2.066927613142004183e-02,2.888624682258531529e-01,1.191498754452948450e-01,1.502934878253284479e-01,2.482107812582730333e-01
3.296676561634219738e-01,3.179751388605901452e-01,3.251329596896911922e-01,3.319024347957324483e-01,3.334111097700592219e-01,3.326391136994423792e-01,3.323921972738649311e-01,3.332721972117836939e-01,2.115194989405682902e-01,3.325708696391593278e-01,3.320234423622119291e-01,3.334926733545824917e-01,2.767527020474191968e-01,3.274942707217237126e-01,3.155025323416507654e-01,3.129488902862813671e-01,3.280071897667278802e-01,3.242550823549968930e-01,3.170183056888826179e-01,3.262656814630006674e-01,3.250176720351477533e-01,3.147384740435135164e-01,2.735383595676025847e-01,3.333607028937907168e-01,3.170256115404106456e-01,3.174590765239757584e-01,3.281324633294158133e-01,3.118067784187405489e-01,3.320026253594779431e-01,3.307774728321846713e-01,2.975376052303928542e-01,3.332805745802155939e-01,3.348157733442202466e-01,3.316936215389578169e-01,3.334255591165801724e-01,3.255661600184451276e-01,2.849442994162268428e-01,3.330941670037629310e-01,3.270623566126619752e-01,3.325562764108176417e-01,2.836849474445136132e-01,3.072477662828146938e-01,3.334519508112016584e-01,3.332689342774496910e-01,3.328377878385079813e-01,3.289016652950061403e-01,3.327918323112100119e-01,2.978607665142962158e-01,3.307960210078964014e-01,3.331672396263570812e-01,2.771497359638192548e-01,2.233835811374022540e-01,3.488873639197407478e-02,7.564094250296082844e-02,7.349932766425328057e-02,1.258749815569211727e-01,2.970170255067363096e-01,3.340601745757620922e-01,3.335259501269635662e-01,3.337860000273019101e-01,3.323179472024398451e-01,3.333945755817689927e-01,2.948103492506029544e-01,3.315250229715193675e-01,3.231885219462275471e-01,3.317501706688247842e-01,3.298037085901303067e-01,3.136997789602888331e-01,2.903854381928538952e-01,2.994210940407496246e-01,3.262024774073398192e-01,3.315015547697600096e-01,3.252757237298388171e-01,3.331929358054694368e-01,2.635350952724141438e-01,3.095723947114845664e-01,3.102881278869141779e-01,3.241411637006326729e-01,2.682623520343135337e-01,3.200202894735106884e-01,2.879929348546120815e-01,3.309606909387152185e-01,0.000000000000000000e+00,1.688803993500465617e-01,1.930840493903470956e-01,1.277472129811380031e-01,2.193469005720586895e-01,2.708034065352433739e-01,2.133139035663315641e-01,3.331880981276724163e-01,2.604713073219752650e-01,2.332157760219437659e-01,3.319118614238794063e-01,2.976904301180127166e-01,2.359248622275922358e-01,3.310890736485106456e-01,3.332434379607193686e-01,2.170798416686828269e-01,1.818710848638042943e-01,2.159856174734283707e-01,3.284145602234126993e-01,3.211249241604657301e-01,3.312137758104932161e-01,3.253040558828658169e-01,3.336576703512860176e-01,3.330763375372586821e-01,3.322391519500469959e-01,3.341274346911083382e-01,3.330605943981098105e-01,3.326570518165779533e-01,3.335262836008646703e-01,3.333551251567536955e-01,3.292449458059812928e-01,3.315891018571303084e-01,3.072640291566985926e-01,3.255741932899748337e-01,3.313836760832178374e-01,3.234052001289698386e-01,2.403866581083609899e-01,3.275641857390537703e-01,3.230733911493366417e-01,3.105733946354905517e-01,3.214002582272995623e-01,3.085102001756980239e-01,2.800889100575042479e-01,2.108511157586022144e-01,3.178657132340863556e-01,3.331274300354631901e-01,3.306688866307589403e-01,3.306949605551073867e-01,3.267699345857294491e-01,3.196101583491577358e-01,3.333002286175349438e-01,3.320144474262565204e-01,3.332982064320871851e-01,3.328046040247722437e-01,3.335948555238616997e-01,3.310413356565080623e-01,3.143406062246233978e-01,3.297810623695206500e-01,3.335296227949338665e-01,3.321756469439451354e-01,3.246094529221392744e-01,1.463173542269861349e-01,2.881101961423875868e-01,3.312187612559223115e-01,3.332865053819096812e-01,2.711494432334416449e-01,3.320305028847453377e-01,3.215476314583553541e-01,3.324294158085975837e-01,3.328625523189718272e-01,3.175265423623038208e-01,3.162000869802570890e-01,3.336350564647053152e-01,3.307058594022546649e-01,1.649114320575242043e-01,3.152607169829908518e-01,3.201172019121520385e-01,2.503231802553348984e-01,1.507744099621962652e-01,1.242449775317895078e-01,7.424905888067663551e-02,2.103298345209031195e-01,3.327111147925126966e-01,3.335704301001338190e-01,3.332134869484973394e-01,3.334045882018707996e-01,3.339639785168323494e-01,3.203709524580928281e-01,1.854898075250088207e-01,2.983878617099097186e-01,3.196078053522347640e-01,3.324477609278996271e-01,3.278576312446709329e-01,3.311154982642163236e-01,3.309278205787906657e-01,3.239867018404359866e-01,3.230703005731806465e-01,3.241262798845188642e-01,3.243514897958250653e-01,2.673558592611444129e-01,3.302924325337036615e-01,3.021504435656437448e-01,3.188075096983500889e-01,3.253357290076967501e-01,3.229125880836565821e-01,3.315034031396171255e-01,2.927461508363197740e-01,1.659712599750459705e-01,1.671952688261307551e-01,2.491463303121393968e-01,2.914265794177218205e-01,3.151040835323625777e-01,3.308395280534728866e-01,3.294681202398446196e-01,2.487722094425948438e-01,2.470095097262254569e-01,3.050561285104810283e-01,3.058728879906665865e-01,2.263222635620104339e-01,1.811678618215820102e-01,1.131343275222780193e-01,1.894247292214014389e-01,2.195177419379673311e-01,9.306472839399675123e-02,2.118563987246712688e-01,1.508559948014377705e-01,1.362041793899915754e-01,1.812792548190447772e-01,1.854756913244337557e-02,3.084254880792746539e-02,2.642337170845580063e-01,1.992154708704758082e-01,3.142079016095233879e-01,2.164649616377999075e-01,2.325351569878668923e-01,2.700055240583229543e-01,1.567514705205064474e-01,2.702347197714801696e-01,1.446379569966281253e-01,8.203395828105297660e-02,2.756738494461081213e-01,1.983175876768620560e-01,1.207210432122103050e-01,9.942237630718467334e-02,2.012091422458882686e-02,2.130323843035566989e-02,2.878738235206838025e-01,1.107463777876023375e-01,1.563562850615591859e-01,2.227467497628648763e-01
3.585856904046773042e-01,3.475033181589988196e-01,3.699528437348602594e-01,3.683441184615413033e-01,3.745609290297118865e-01,3.709811379286977462e-01,3.753554850465352644e-01,3.766813495239777487e-01,2.049570539686444148e-01,3.753685608324242029e-01,3.775443985655709267e-01,3.763925641397847244e-01,3.286259152350338719e-01,3.144813340407200952e-01,3.327274647780620875e-01,3.365012055953369718e-01,3.681659323566180975e-01,3.720445964025885233e-01,3.382669825019453680e-01,3.628680822503526082e-01,3.515542074839155262e-01,3.707859137845119224e-01,2.729470820697279532e-01,3.753008580267007677e-01,3.667987237146874691e-01,3.708027181734843136e-01,3.635273119559520594e-01,3.498399397753790274e-01,3.430113618493056959e-01,3.639641090809635493e-01,3.386335365045115564e-01,3.757040818944442084e-01,3.793678350495428564e-01,3.667353455362136749e-01,3.790563348829387724e-01,3.709225815621715050e-01,2.836983869899156185e-01,3.777607373452036565e-01,3.667756880111261442e-01,3.750741672893398437e-01,2.840947331009278098e-01,3.042875857210757817e-01,3.675857448602825039e-01,3.683191907490854788e-01,3.769475436398421198e-01,3.756177359202709787e-01,3.679184358045615721e-01,2.925710761166978591e-01,3.750904995506926798e-01,3.778725794365268564e-01,2.436556151016061600e-01,1.650805354565016703e-01,3.837712637834789914e-02,4.367280450913610390e-02,9.036336257735998190e-02,1.359893010280342762e-01,3.113516023389540366e-01,3.637434935799110369e-01,3.705355152584052236e-01,3.761554109882523367e-01,3.771806744219718954e-01,3.737751540158403274e-01,3.375227456598478004e-01,3.777673845203606273e-01,3.471777321070323441e-01,3.629973789962581132e-01,2.932800253289766790e-01,3.089206971284418901e-01,2.263894783757847140e-01,2.662348989438160785e-01,3.445031445544910476e-01,3.783365619779535671e-01,3.415565510560253371e-01,3.716663621245702709e-01,1.673109569736133118e-01,2.237182001693991396e-01,2.564736740049934904e-01,2.946797198868391643e-01,1.989076855598236604e-01,3.132590372122372457e-01,2.199287433883765908e-01,3.509657822136419969e-01,1.688803993500465617e-01,0.000000000000000000e+00,3.030841618108153779e-01,2.084375119850574998e-01,2.710069639996862123e-01,2.236317821363762448e-01,1.866852539859658322e-01,3.723186160053215676e-01,3.286216039662702704e-01,3.061448679047581445e-01,3.745891287640400469e-01,3.288474141916648552e-01,3.324038873645535630e-01,3.211769891415303668e-01,3.646661146619555871e-01,2.060253664381253569e-01,2.929713228052954199e-01,2.340990494532361743e-01,3.660345221797713933e-01,3.636999409963861396e-01,3.723891216165873819e-01,3.622941016524956481e-01,3.767459881885019124e-01,3.760836352982604436e-01,3.766109011941147777e-01,3.745213964422454689e-01,3.772214765889649879e-01,3.782140042411093472e-01,3.741536889269863053e-01,3.761914546194958797e-01,3.747537502100424800e-01,3.650215773573932121e-01,3.541241730615432570e-01,3.441337338898302067e-01,3.737948160272178688e-01,3.447825450390614721e-01,2.356172233243626624e-01,3.706067672964591941e-01,3.533212944214386142e-01,3.394453964880759789e-01,3.526280359060937619e-01,3.663305217293093552e-01,3.526377389184584543e-01,2.075726788126346645e-01,3.718762527802315643e-01,3.779942390809243880e-01,3.756627448266799951e-01,3.708348968225076425e-01,3.571196652577823816e-01,3.551417384380555209e-01,3.735921624143086484e-01,3.776715379561486063e-01,3.782001982128334605e-01,3.771257686637268236e-01,3.755758665348786218e-01,3.760419166470310715e-01,3.329434923638317501e-01,3.759899030119485674e-01,3.781506735157338928e-01,3.775067096430513858e-01,3.679432610162303163e-01,1.506343011422867917e-01,2.908860831478620179e-01,3.645592029317438199e-01,3.776284796988980674e-01,2.702896292483762952e-01,3.774638218835298376e-01,3.764301221914708173e-01,3.676305791118397726e-01,3.748005888428730947e-01,3.618307907354583741e-01,3.710787188831347061e-01,3.768056222709484371e-01,3.739324157364661838e-01,1.555559001629793214e-01,3.444003322358567543e-01,3.204776966870428456e-01,2.083997474872879840e-01,1.633296720157658144e-01,1.204951967225935255e-01,7.023061997491236719e-02,1.942695647075777798e-01,3.759762407724750455e-01,3.771860142395718762e-01,3.772880725135952518e-01,3.708305608659812069e-01,3.768166323295467079e-01,3.365133310927602706e-01,1.911221616126335121e-01,2.896609735140756592e-01,3.161969167876783060e-01,3.778738120976388171e-01,3.592701408995873646e-01,3.584176638352289390e-01,3.400201376470499692e-01,3.365393080287350513e-01,3.730041483154817317e-01,3.299798313709288444e-01,3.781014022459520674e-01,2.096397359835356633e-01,3.617996455709222570e-01,3.409690889351395526e-01,2.861867215796824460e-01,2.824702679675512584e-01,3.476239758259901946e-01,3.461399590596861975e-01,2.846132868656384707e-01,2.801587769595174082e-01,2.884205821748073717e-01,2.099427656123305508e-01,3.507533503026809552e-01,2.864632290040080576e-01,3.765309397805740033e-01,3.780959769197833609e-01,3.476732984235589297e-01,3.524721040453626109e-01,3.612414513206880229e-01,3.691808428049749846e-01,2.035373717047767872e-01,1.691785313212561259e-01,1.177537505892955610e-01,1.879501265336767368e-01,2.081757826826768354e-01,9.106185703527018560e-02,2.121306312923574300e-01,1.448708828403327820e-01,1.366133399041431495e-01,1.829425256808966671e-01,1.834887423039682081e-02,2.979508504668266708e-02,2.713902765246891113e-01,2.065694334527949649e-01,3.531377450258420536e-01,2.114494041962629578e-01,1.879555498897097776e-01,2.361900909597276221e-01,1.472424358517139542e-01,2.560073968709670189e-01,1.250530775570292408e-01,8.101784453023366805e-02,2.760876942101376241e-01,1.859524777655515715e-01,1.165039561135438745e-01,9.687287411379988389e-02,1.960632794421327679e-02,2.242467321375840941e-02,2.975663348666915398e-01,1.142964054355308928e-01,1.497771427841253222e-01,2.181010551071963233e-01
5.298716182584782830e-01,5.219181520320697043e-01,5.290303305021260005e-01,5.398638574449036165e-01,5.459990994119301444e-01,5.424165510154567160e-01,5.470315004221759647e-01,5.455699400373713592e-01,2.112548011405387116e-01,5.314995173551233520e-01,5.064890373104661281e-01,5.464780870483910702e-01,4.009381424413564488e-01,3.258313743699799425e-01,4.731159279740222989e-01,4.017513085155474672e-01,3.825986369768403783e-01,4.580991924370342305e-01,5.146845338008241288e-01,4.173184315069817796e-01,3.262831022747042509e-01,4.526885142077219371e-01,2.680392450530794668e-01,4.976677889369420793e-01,3.328295706277832333e-01,4.753780762926015924e-01,5.287518654586149669e-01,3.906178626275742527e-01,3.360719815722606474e-01,5.263982720660467240e-01,4.545264233336573922e-01,5.465702769426535879e-01,5.429254630019639816e-01,5.427853610806575579e-01,5.466086366254384599e-01,4.027454929695460373e-01,2.827295595759255487e-01,5.420991418248856109e-01,4.564564379312850417e-01,5.473111220904894880e-01,2.797211288188606315e-01,3.076719519093243371e-01,4.828036241370982085e-01,5.463790390908395134e-01,5.473141937189478501e-01,4.634326476154405627e-01,5.374151410526741834e-01,5.429536662581445627e-01,3.830585740403631423e-01,4.959564877491641210e-01,2.906437398187236010e-01,2.535177529643174443e-01,4.405050695295762569e-02,9.542653833546126119e-02,1.017076212642981925e-01,1.094893937815789031e-01,4.572154163690962947e-01,5.478156397765735486e-01,5.442256825894172811e-01,5.457860175152049464e-01,5.267246892887270660e-01,5.368575585477505241e-01,3.147476956274424253e-01,4.091061517527512237e-01,4.822189886169922501e-01,4.688033340633288582e-01,3.590931565915249646e-01,5.414205524611747089e-01,5.137103552380836158e-01,5.162973350249510096e-01,5.444771530491011591e-01,5.345462337192634639e-01,5.391354392230185422e-01,5.370432260232967936e-01,5.131751524462532243e-01,5.000698217944443691e-01,4.713905351044685443e-01,5.473918871837720745e-01,4.696582633203144064e-01,4.938826683518859895e-01,5.425759062773867214e-01,5.154347288300104024e-01,1.930840493903470956e-01,3.030841618108153779e-01,0.000000000000000000e+00,2.264870673832222459e-01,4.423404344941292976e-01,5.387100458183670115e-01,4.291068484949983053e-01,5.113981767825293012e-01,3.644939031857373224e-01,4.458551311411407259e-01,3.627576840964703009e-01,3.973279387382271377e-01,3.932500327057059097e-01,5.434441847911937185e-01,5.438540637078899120e-01,2.184204617128347736e-01,7.161662729865324317e-02,2.191500855144953019e-01,5.247517072985683484e-01,5.230787551333399010e-01,4.988032371676068832e-01,4.346844117778268513e-01,5.469986338435331996e-01,5.202458288728551983e-01,5.421146661834272962e-01,4.841342808551528099e-01,5.389757389171413449e-01,5.313826979017786112e-01,4.945729453274269050e-01,4.855375326539485004e-01,5.460314248846358520e-01,4.639926406514813251e-01,4.281777640306888566e-01,5.016198611482636238e-01,3.870183419651175849e-01,5.332910980134130119e-01,2.395478777300197870e-01,4.902587837173290608e-01,5.326007507855055056e-01,5.143952923451589054e-01,4.383724618553739294e-01,4.621156256392713879e-01,3.861172324033059766e-01,2.058324788038209396e-01,3.335517164172947524e-01,5.402363437045741845e-01,4.651371927716862475e-01,5.239205625044556225e-01,5.353163148666109095e-01,4.732992087245150303e-01,5.421187588037426064e-01,5.378806790801862192e-01,5.474582483358400031e-01,5.471245417275879541e-01,5.428720559225338471e-01,5.468733932822075205e-01,5.098398668300810899e-01,5.439130808014837060e-01,5.215550013971058663e-01,5.449695740501754315e-01,5.046697004734600478e-01,1.497172646203971114e-01,2.873981764084900803e-01,4.761413351887431866e-01,5.479255942572442972e-01,2.825001104687832609e-01,5.465529304309377778e-01,4.004038638687161256e-01,5.126182957027428655e-01,4.963424241150159455e-01,5.434804663686154669e-01,3.887586439132649230e-01,4.983128951060743494e-01,5.016351284282839496e-01,1.898940401455931071e-01,3.472910981085137738e-01,4.441960493852657454e-01,5.105552401428546938e-01,1.589575482147608521e-01,1.536824933148952799e-01,8.058187197159789872e-02,2.100251856557042718e-01,5.489072900503570995e-01,5.410026352609086375e-01,5.392596104583966543e-01,5.475552749906594796e-01,5.322785737500123071e-01,4.737310395382118844e-01,3.553168911437078470e-01,4.662046287441640735e-01,5.465582708234639764e-01,5.309435656159374739e-01,5.456919180926824708e-01,5.428515408435398149e-01,5.447135373775453537e-01,5.217581620897308037e-01,5.477750005099299990e-01,5.395939000416993814e-01,5.344230999784130853e-01,4.316746120521196550e-01,5.376688877265062283e-01,5.414040066787674244e-01,5.209412783527804791e-01,5.160456984469233843e-01,5.290827986280027817e-01,3.358149916082129316e-01,5.448436871329542797e-01,3.722313404921480662e-01,3.070272472219965354e-01,4.541352902743636122e-01,5.108403985474906372e-01,4.951564882199565032e-01,5.471933007998479592e-01,4.626751605455685645e-01,2.514527743764885526e-01,3.708896286355053973e-01,4.606712078548483857e-01,4.843533069773111044e-01,2.377778707300189642e-01,1.814117929792780914e-01,1.184229030866521121e-01,1.927334378403184612e-01,2.080754875735951748e-01,8.600005833437210367e-02,2.026118516483542964e-01,1.387295768077599911e-01,1.385542216768797241e-01,1.877340670938460465e-01,1.846631921116300215e-02,3.003784158527027584e-02,2.676497537876986743e-01,1.996235126939280291e-01,3.610820163794097315e-01,2.135223385871043156e-01,2.507108872247656439e-01,2.757568070236930957e-01,1.777904102897879257e-01,3.012776787150325819e-01,1.418587582665079838e-01,8.033159456654874464e-02,2.635857290255114727e-01,1.891155851061038506e-01,1.323753901365142260e-01,1.064803354193869234e-01,2.135335202127929335e-02,2.239032382976374400e-02,2.966682493779103647e-01,1.029761636465369584e-01,1.646401621593589770e-01,2.169340259423277462e-01
6.769469297528711849e-01,6.256627836649322205e-01,5.476669839611051360e-01,6.300059549302265971e-01,7.540875061998009166e-01,7.364861690890436297e-01,5.815117231789838081e-01,5.997855726310437063e-01,2.126797781024518108e-01,6.614840327363470385e-01,5.026432428323934776e-01,6.051242326281869310e-01,3.952854094392059259e-01,3.266694132713853782e-01,4.704868037396000569e-01,3.959537556565221328e-01,3.820561805899749808e-01,4.597128124258190174e-01,6.352740353210732938e-01,4.151478610697988958e-01,3.452480082501939163e-01,5.998194037668367340e-01,2.730211080197770257e-01,5.028234922201185730e-01,3.859453833232479592e-01,5.034222165436980090e-01,5.950871832179618348e-01,4.018276939616397536e-01,3.529305667741401420e-01,6.856956240533045310e-01,6.627743004727350007e-01,6.569039887884998707e-01,6.108731890170125967e-01,5.850657608616889327e-01,5.833660086877289208e-01,4.062296086994887645e-01,2.860424512789063178e-01,5.409203303521868955e-01,4.614255617138057763e-01,5.814793699289182438e-01,2.768278245493651646e-01,3.011815513974795411e-01,4.776488093219160569e-01,5.468603711555625191e-01,5.491526226781949793e-01,4.714659632281865131e-01,5.673311487812098264e-01,6.139114815149996351e-01,3.966069892750810344e-01,6.495686202781655316e-01,2.972082384898664942e-01,2.391493544660103499e-01,4.419460178315670618e-02,9.036723451709327559e-02,1.005186618537581011e-01,1.342166205979125337e-01,5.209413408983308846e-01,7.005223560832245511e-01,6.656878557596744850e-01,5.776798430013376784e-01,5.249559986034590953e-01,5.786675551086524205e-01,5.243972098261868720e-01,4.083998152705080043e-01,4.850020706947553717e-01,4.718958511889159713e-01,3.451544597063831432e-01,7.267733688325990205e-01,4.588168703106322299e-01,4.398151315108386750e-01,5.704936503210866761e-01,6.951705561877422612e-01,7.435230022659553573e-01,5.552623060239356700e-01,5.844538064135427202e-01,5.919804359505901337e-01,6.255376523022915247e-01,6.029638034545210523e-01,5.822038387728358799e-01,4.986827061125874150e-01,6.091398004878144645e-01,7.032615171864196046e-01,1.277472129811380031e-01,2.084375119850574998e-01,2.264870673832222459e-01,0.000000000000000000e+00,3.817644530379095680e-01,6.919594396537711578e-01,3.024219000383843725e-01,6.812989445034245417e-01,2.967680523056190900e-01,3.956444672624041536e-01,3.863925150390465357e-01,3.840638937561667299e-01,2.838791264200692388e-01,7.361386591407854674e-01,6.254983708861423519e-01,2.147570474943636676e-01,2.352432333482395721e-01,3.621897928523274413e-01,6.815115512203616666e-01,7.093515145734793359e-01,4.966601023368985013e-01,4.328404977072591864e-01,6.451415576602604895e-01,5.256107704754785503e-01,5.525223767812398323e-01,4.791200925474228267e-01,6.140503931140381955e-01,5.249235535559308996e-01,4.954741762068953226e-01,4.826143838173425626e-01,5.535136403156811769e-01,4.706009878978762995e-01,4.380589245741710047e-01,5.021906577837872421e-01,3.879628700087370263e-01,5.517920290799033234e-01,2.407645216272126520e-01,4.940230964515621714e-01,6.112143268910849025e-01,5.756137731426990145e-01,4.381529164730103010e-01,5.484757338554097084e-01,5.372055304944669540e-01,2.087902447446566279e-01,3.590131514075513564e-01,5.888564078972192695e-01,4.822884265607473298e-01,5.996031387654160438e-01,6.117669495029829374e-01,7.531756154849420515e-01,7.527568407967017983e-01,6.252566477613760165e-01,5.881336904428959844e-01,7.534610360312321564e-01,7.106453314437918278e-01,5.466738812606276587e-01,7.159870886755405062e-01,5.904983246228614480e-01,5.206188973957169841e-01,6.444343650867220274e-01,5.833428611308592027e-01,1.501298625211687499e-01,2.906291696447326212e-01,4.729341266995489290e-01,5.723477606723336164e-01,2.862535640816076810e-01,5.668104868688196296e-01,4.139379595463324457e-01,6.607783068031855001e-01,6.698666557972979829e-01,6.923476717403684866e-01,3.977552149974754037e-01,4.996171433452158972e-01,6.294830322020473767e-01,1.818245340349166350e-01,3.509338096102114779e-01,4.432034099552610851e-01,5.846256524165768242e-01,1.688381336520460019e-01,1.553764592646051934e-01,8.470776036500603234e-02,2.156320290009620111e-01,7.185791458994199576e-01,6.984367135723428266e-01,6.703351672103448067e-01,6.040636617234278471e-01,6.383850589605333248e-01,4.730162690040117801e-01,3.823495046342270665e-01,4.520575671126231820e-01,7.086830743927414744e-01,7.294058779505238066e-01,6.910445285437691876e-01,6.777661657931222106e-01,5.742274910679290301e-01,7.037232587404302908e-01,5.785340312198693491e-01,7.378008790507105674e-01,5.892379131594596142e-01,6.433411304989247181e-01,6.329911999438848635e-01,6.875171401559658779e-01,7.073889974153330096e-01,6.879129632148396345e-01,5.916083962968767818e-01,3.371956962712532868e-01,7.805530041567416699e-01,4.813811611997159123e-01,3.598610854049454910e-01,5.931651014564068847e-01,6.127979187427303742e-01,6.500146065691884134e-01,6.115265524806244857e-01,4.422578951454185225e-01,4.692781304512470553e-01,3.905627552580180351e-01,6.759885436612323995e-01,6.443465824828454869e-01,2.372633632944072257e-01,1.780606265459858673e-01,1.263282404703276740e-01,2.024568119967959101e-01,2.255676211054430114e-01,9.330180532272533411e-02,2.127297434260382036e-01,1.506539030136128388e-01,1.386874269371704826e-01,1.858151191872783603e-01,1.859320844694857186e-02,2.993147445095529352e-02,2.698611911705168231e-01,2.028819607108165446e-01,3.533170382457849201e-01,2.034773279094125864e-01,2.512620249041568887e-01,2.748998955211257034e-01,1.823595667069266568e-01,3.033646921419988485e-01,1.499287535798883575e-01,7.847316840286654160e-02,2.704604203259152739e-01,1.909661984712175964e-01,1.305472801069600952e-01,1.045976499813940364e-01,2.047176838863569437e-02,2.252819015962520890e-02,2.925924623094847687e-01,1.018339500339499465e-01,1.519052279539115091e-01,2.014802436365938920e-01
6.150759125855804754e-01,5.856582911976323524e-01,5.551089702802738390e-01,6.178639362779486666e-01,6.177994209142579907e-01,6.138263214971871884e-01,5.880466635845396084e-01,5.990856791461233177e-01,2.052828924155123691e-01,6.136827997187860317e-01,4.964147092808799955e-01,5.998083897857456881e-01,3.365001885444525720e-01,3.214470393856107555e-01,4.519644774020278311e-01,3.804838602079828602e-01,3.809266524506139673e-01,4.638890877206059415e-01,5.804089897304371970e-01,4.146553829571981709e-01,3.464684292261877019e-01,6.165287036716283753e-01,2.739728474251881263e-01,5.007160511664618951e-01,4.095689348621188719e-01,5.298947319359295083e-01,6.045702436785852507e-01,3.918482237119683687e-01,3.463059032002056004e-01,5.909809371380979615e-01,5.687775320131094325e-01,6.127032680976727264e-01,6.171702024961818189e-01,5.784159093092423598e-01,5.856570450391903604e-01,4.060434792572811258e-01,2.879755773439637290e-01,5.419964462826120100e-01,4.482436973493253984e-01,5.739848747875374579e-01,2.791538738068914394e-01,3.065857098252272039e-01,4.874757111411154864e-01,5.284795082716334802e-01,5.481524761924668754e-01,4.777953756233482285e-01,5.822632232869285884e-01,5.006926406807654661e-01,4.022103008575719230e-01,6.187892859897617948e-01,2.719159036401742613e-01,2.285492669247256026e-01,4.051628323607231463e-02,8.620970456025631168e-02,9.748927928693630618e-02,1.427824773473648778e-01,4.254431495624942938e-01,5.836128065637066209e-01,6.088478879143758293e-01,5.761277515019401774e-01,5.158266636013010276e-01,5.665636770940137845e-01,5.030643160704083572e-01,4.065822189006174092e-01,4.834173366557676932e-01,4.737020072403274051e-01,3.270132835410993755e-01,4.705053414476447204e-01,4.043091892317123293e-01,3.977523410262673864e-01,4.947636248192520680e-01,6.152619926750821922e-01,5.574627480865504969e-01,5.575683777162476762e-01,4.441266320390225841e-01,5.077527875628358167e-01,5.598353684278187803e-01,5.750019322975761238e-01,4.615127577798796010e-01,4.710733914998759819e-01,5.523110646695040815e-01,6.087700352395900572e-01,2.193469005720586895e-01,2.710069639996862678e-01,4.423404344941292976e-01,3.817644530379095680e-01,0.000000000000000000e+00,4.832656293262451164e-01,3.259349015347921541e-01,5.820631352986387341e-01,3.291279474696172658e-01,3.038661121141381649e-01,4.044102194361024472e-01,3.678558527417072344e-01,2.907554083629224628e-01,5.384133467533256390e-01,6.071510913644814211e-01,2.151210391372362918e-01,4.538907611352454574e-01,3.950334719319828491e-01,6.122396198771983267e-01,6.151184379971792460e-01,5.104612023990408032e-01,4.622306868970086358e-01,6.215674597945431978e-01,5.259347028151053483e-01,5.492050640701857667e-01,4.831428661538755831e-01,6.128723329397923747e-01,5.288626049606826030e-01,4.824094735479415030e-01,4.795485581925458818e-01,5.522967485065368720e-01,4.649976548431499213e-01,4.187022462584360505e-01,4.884035475721684172e-01,3.837590608916559565e-01,5.362639971866276500e-01,2.374692105581575896e-01,4.961899419390246035e-01,5.828561715098259377e-01,5.674204387714023579e-01,4.318861785651056384e-01,5.765012347105714641e-01,5.777173533819364160e-01,2.103103137566965930e-01,3.756368899222907731e-01,5.890879151015805393e-01,4.885601455385051306e-01,6.137109431177266705e-01,6.016952429753081866e-01,5.805771371757872945e-01,6.148498003050603122e-01,6.171701634310237106e-01,5.872144719222511799e-01,6.209717689693742271e-01,6.147228919409525316e-01,5.475613326219765931e-01,5.464053197923415262e-01,5.912726639403816931e-01,5.214296391258238517e-01,6.170236861078601809e-01,5.804577597069955353e-01,1.492290902366232297e-01,2.900549097146825628e-01,4.835269105064890494e-01,5.726677543676912396e-01,2.463044523001698682e-01,5.806201390413535668e-01,4.262154325328083027e-01,6.181482245987629520e-01,6.175221013797262959e-01,5.604965243706013789e-01,3.517848471494607887e-01,4.832375879040282096e-01,6.207438317820233031e-01,1.756512198166627903e-01,3.459878850408787399e-01,4.287402048244967068e-01,5.231269981316654105e-01,1.669129716632039850e-01,1.456711484180617799e-01,7.814022733560371803e-02,2.102992591159279223e-01,6.098772373898814214e-01,6.198819197204408216e-01,6.216589773609041414e-01,6.075477463361897978e-01,6.005851605358256684e-01,4.261323371245277492e-01,4.548508677811934908e-01,4.043736704485114686e-01,5.623879039686370263e-01,6.038066976081402082e-01,5.837602253202383018e-01,5.617502387904949046e-01,5.392794096403790149e-01,5.560506000457482445e-01,4.943769956207022531e-01,5.526058600348905392e-01,6.181646739404822455e-01,5.030474915936525848e-01,6.135303204074072925e-01,4.639911620738705333e-01,5.519708148728352803e-01,5.929303850607685611e-01,5.834161311215251278e-01,3.408087999351193109e-01,5.226573126605564834e-01,3.523386470339133769e-01,4.109398487684448598e-01,4.800612868593484017e-01,4.934380546224348407e-01,5.531896650206924448e-01,6.173999134525474108e-01,4.632443607701680066e-01,5.587189345998139212e-01,3.336289934033634941e-01,5.418687744932191297e-01,5.631826108941578868e-01,2.323315821072401699e-01,1.801869295017396178e-01,1.225204258579153382e-01,2.010401055245273905e-01,2.148775576220497974e-01,8.808766194970109320e-02,1.985208438679152421e-01,1.398894955035548393e-01,1.355139911721133794e-01,1.818019419060596664e-01,1.876384085753500866e-02,3.082212776064345919e-02,2.667931946409562993e-01,2.044897480287692915e-01,3.353376642192250068e-01,1.968806378190766648e-01,2.417802992688233565e-01,2.606559761412786114e-01,1.712504421922931008e-01,2.883821665861579508e-01,1.394389467575373187e-01,7.361967647762555911e-02,2.538620115555170753e-01,1.767859370856843249e-01,1.234574400971166497e-01,9.996079695367184048e-02,2.082551948429058747e-02,2.194172681353195181e-02,2.861700290127708879e-01,1.096894172154481983e-01,1.395381413610270183e-01,1.892906972775671159e-01
6.696177511175069874e-01,6.385176039074398346e-01,5.576243749387165272e-01,6.255062273510483273e-01,7.246456783053127904e-01,7.169063559506004824e-01,5.782540235852137167e-01,5.953183314308256868e-01,1.817176734353241341e-01,6.530765201835654343e-01,4.842700907542029087e-01,5.907614524359919850e-01,3.492126768394734349e-01,3.165083472517233876e-01,4.404297700600702248e-01,3.934371533044055957e-01,3.895464278223560450e-01,4.686537145662072468e-01,6.464183345549588955e-01,4.165313995983324080e-01,3.507860493287436321e-01,6.492686307508130916e-01,2.756133763539718173e-01,4.974213491522597730e-01,4.243823917650962896e-01,5.381727718326074772e-01,6.038443630026392173e-01,4.106962561056873295e-01,3.446946243128197196e-01,6.885012659369190713e-01,7.157286531258079121e-01,6.544400694078986724e-01,6.162323494290149473e-01,5.766202867732510562e-01,5.850830674524907238e-01,4.075060981459585618e-01,2.876841234749513698e-01,5.412469347409595288e-01,4.626754385703073513e-01,5.729718188896091302e-01,2.798546552043421065e-01,3.054428564007900526e-01,4.875827219005930968e-01,5.104920593267111562e-01,5.372557117457722464e-01,4.799112428662957730e-01,5.766468749929944959e-01,4.259430001130847243e-01,3.868886873159204653e-01,5.850428521614841060e-01,2.020263115470424531e-01,1.672012369194172121e-01,4.015961436164629250e-02,7.663666582280710682e-02,9.326754430354350367e-02,1.389058316542373384e-01,6.728682037328024279e-01,6.818968709447549292e-01,6.575153809756991707e-01,5.749640889997926774e-01,5.190977626398243228e-01,5.653139763392602823e-01,7.143780320377336457e-01,4.075977086109794367e-01,5.403890356668137329e-01,3.898294855898996047e-01,3.048836583586052029e-01,5.823848069304486952e-01,5.063035907934391178e-01,4.267400765929113549e-01,4.721008284826527235e-01,6.793644371301570395e-01,6.436440023962297641e-01,4.936039470579425270e-01,5.719817746743134368e-01,5.513513019171984997e-01,5.145455885138875418e-01,4.040734026971063431e-01,4.684267928465550290e-01,1.561423358239231729e-01,3.488871915003928237e-01,3.232946616182326705e-01,2.708034065352433739e-01,2.236317821363762448e-01,5.387100458183670115e-01,6.919594396537712688e-01,4.832656293262451164e-01,0.000000000000000000e+00,4.557110177234683923e-01,5.946555852147266119e-01,4.197679064938307225e-01,2.346276973252270637e-01,3.650750020925606631e-01,4.145013672033243113e-01,4.485021033831211867e-01,6.453990676194774068e-01,5.516608841737550284e-01,1.835059411118780126e-01,7.213428978521093660e-01,7.008005827736040194e-01,6.760444628465966943e-01,7.138984408288203687e-01,5.028793440380713298e-01,4.655847228044207031e-01,6.423985458121383996e-01,5.238629768077361915e-01,5.484618287237876810e-01,4.660372817978638560e-01,6.121066599243597528e-01,5.240698082787355050e-01,4.721315628568531486e-01,4.658042761097941908e-01,5.527159614769084905e-01,4.572017930338369007e-01,4.390801141831156551e-01,4.731405052036987136e-01,3.825558983234974009e-01,5.288523271759903999e-01,2.337198648897183539e-01,4.977981334607868291e-01,5.832296672224017708e-01,5.877460186233409711e-01,4.356797344600135125e-01,5.828082974238694147e-01,6.224934188319269923e-01,2.105950154361610482e-01,3.818022983279744653e-01,5.839543672664052609e-01,4.887301016937758424e-01,6.203051510515623646e-01,5.979481352751370160e-01,7.113889069211154492e-01,7.199616770195491622e-01,6.284636694420256964e-01,5.873645205819962856e-01,7.269609449954398395e-01,7.080786344046209324e-01,5.480949523458873429e-01,6.793726456128342805e-01,5.919790105726100427e-01,5.176853152710709782e-01,6.343702232591600376e-01,5.852042501182199707e-01,1.482490504114288288e-01,2.895702642911666680e-01,4.830870286249300816e-01,5.702238878071873573e-01,2.551843206622552152e-01,5.610439564615369301e-01,4.334596374988530232e-01,7.007656005088844786e-01,6.858378655339604224e-01,5.803086419509628779e-01,3.029224027915765616e-01,4.927804933966111189e-01,6.421282224596173149e-01,1.669518023145008800e-01,2.959495821450781050e-01,2.692146640145673397e-01,5.457671583274624760e-01,1.647146249095402804e-01,1.468806034316756937e-01,7.125309565254193955e-02,2.041129311722798267e-01,7.162804318868609688e-01,6.980621599561970259e-01,6.749111256358844013e-01,5.990822788910976637e-01,6.375171115070744632e-01,3.157553156091468249e-01,5.016612036140069009e-01,4.336554656767585558e-01,6.521844895879618242e-01,7.200247333279878870e-01,6.744730374686259688e-01,6.663085626077258627e-01,5.151388318217364759e-01,6.860989715204672823e-01,5.458945736754479139e-01,6.859498756965487498e-01,6.066094206342004247e-01,5.864884699475517715e-01,5.424818528856313327e-01,6.347985981626822483e-01,6.553854651720190105e-01,5.772795750698908046e-01,3.440467860409278655e-01,2.492350750020334571e-01,3.551338361289374523e-01,6.637720555584827320e-01,4.451050523650509350e-01,5.900950529428401481e-01,5.456603046229466791e-01,6.336544686338455579e-01,6.079505710243356953e-01,4.566879345243998745e-01,6.305879830079864634e-01,4.331867033903271658e-01,6.775838776119851303e-01,6.564946603882170217e-01,1.762652462180243906e-01,1.387964492538069361e-01,1.182543025229248063e-01,1.921879690081491898e-01,2.019399234940765231e-01,9.188309787314598298e-02,2.073433734969494791e-01,1.484632675141814295e-01,1.296608776483696157e-01,1.721237369148544694e-01,1.771831805161159026e-02,3.088401010609199276e-02,2.696283763184704196e-01,2.079221949653773938e-01,3.417636207336344767e-01,2.184453782853196246e-01,1.592355589824788753e-01,1.832195123360347289e-01,1.637868832098853811e-01,2.409467377705344360e-01,1.344006532234219287e-01,7.760049268581188653e-02,2.615999758469785275e-01,1.852634490928541655e-01,1.040476652440227578e-01,8.547078584973515081e-02,1.990055605949458614e-02,2.193660228995245737e-02,2.961756386681518860e-01,1.177687346723015616e-01,1.397512603610720217e-01,2.263727195943641135e-01
6.105630095421645809e-01,5.891854437821271162e-01,5.517989236619341709e-01,6.178518289246376360e-01,6.234851463904793611e-01,6.175918320706845765e-01,5.878957028796109041e-01,5.995705471831014322e-01,2.098497657165046271e-01,6.199487582155994714e-01,5.064719649386769662e-01,6.080925763197406742e-01,3.900830158777408574e-01,3.175863923239593545e-01,4.522115425606434425e-01,3.791636537807483998e-01,3.867993881601964890e-01,4.607417678623458301e-01,5.935116677073102309e-01,4.107414789507030095e-01,3.517824430322704088e-01,6.196052786309179661e-01,2.746749864480064751e-01,4.995432854090759434e-01,4.166617254063612608e-01,5.324099387286667096e-01,5.892946342224223422e-01,3.936909469312878662e-01,3.446305421905647703e-01,5.965823705543902289e-01,5.709694337546624698e-01,6.195398289718322404e-01,6.129543384234225067e-01,5.752662221492950145e-01,5.838220897760688644e-01,4.071765678560278490e-01,2.873179607539327329e-01,5.407248703180936866e-01,4.580672910282647114e-01,5.709135048775438870e-01,2.831782582040044960e-01,3.037935057338732592e-01,4.858044786634589385e-01,5.495766102959280808e-01,5.494929934476572297e-01,4.791989052954643835e-01,5.704573249442070892e-01,5.644213791462903140e-01,4.052651149498458505e-01,6.197580586077995335e-01,2.700670345777650416e-01,1.795034784319932686e-01,4.405892539160697480e-02,7.153902080285630405e-02,9.680789217689408921e-02,1.388372295642235354e-01,4.070133588346590003e-01,5.853770421906671073e-01,6.210653955315317276e-01,5.794537656860407893e-01,5.262606715286864967e-01,5.698607201381128418e-01,4.603368710596523194e-01,4.085828157744719191e-01,4.432855102047313922e-01,4.705125763698452257e-01,2.889796162360682152e-01,5.456394072034531639e-01,3.085635672204995461e-01,3.256548934319645205e-01,5.042189637010753289e-01,6.192925625629558395e-01,6.029488803989655477e-01,5.606991674049788266e-01,3.872021633690495013e-01,4.610260965700058167e-01,5.093830683804473347e-01,5.576422876154142338e-01,4.613184733983553554e-01,4.676295051692344606e-01,5.337186781301096472e-01,6.221702843595480203e-01,2.133139035663315641e-01,1.866852539859658322e-01,4.291068484949983053e-01,3.024219000383843725e-01,3.259349015347920431e-01,4.557110177234684478e-01,0.000000000000000000e+00,6.161948430367508722e-01,3.380703215042556442e-01,3.539819262355352047e-01,4.094590774652783760e-01,2.954625206862367959e-01,3.034142451992007383e-01,5.619562070374246598e-01,6.178731526849179367e-01,2.156857664853997769e-01,4.380250963125881247e-01,3.520330275027364619e-01,6.131542282310937786e-01,6.063573053047285333e-01,5.004228580501857149e-01,4.447445940831684097e-01,6.253609574500834656e-01,5.250192643901002709e-01,5.528708454119796167e-01,4.858659158439718739e-01,6.132223467201527445e-01,5.324333180996301262e-01,4.925454006140226326e-01,4.848437689493447222e-01,5.533973921502605142e-01,4.633101007263060178e-01,4.401061738368325926e-01,4.863147037211855706e-01,3.871139924260636467e-01,5.330237587560835433e-01,2.381280585686716134e-01,4.946140253615340376e-01,6.009704676302261017e-01,5.723575787249107760e-01,4.315715123307152790e-01,5.741334269342093233e-01,5.872213446023490935e-01,2.070977606039698937e-01,3.762379432289926773e-01,5.911736072272728570e-01,4.837307314089775434e-01,6.012498626619330322e-01,6.004107361334525272e-01,5.944650740702390745e-01,6.190604166209973114e-01,6.237941505500453898e-01,5.872105949748533948e-01,6.250890916760928340e-01,6.186090447958010330e-01,5.476414828873620300e-01,5.958057443575275336e-01,5.913799498728423698e-01,5.208056220213944654e-01,6.195535585870508566e-01,5.762160875648023595e-01,1.506246958209121189e-01,2.904127744605969341e-01,4.790781685148490787e-01,5.728027448606118899e-01,2.737347274742367165e-01,5.845777852149569576e-01,4.317809311083178336e-01,6.012856982886219948e-01,6.220991927297885304e-01,6.181571876473587190e-01,3.895233529212486778e-01,4.829661207997525407e-01,6.086610095492744898e-01,1.610694729950264692e-01,3.526728465778189991e-01,4.192839737090825469e-01,5.097269841963348869e-01,1.677444331353279972e-01,1.406003266582246114e-01,8.007979779014304245e-02,2.084267081185317838e-01,6.208633258920936981e-01,6.148840274179645515e-01,6.153374250256937739e-01,6.073076520364455444e-01,6.002970376732437163e-01,4.380544891422190612e-01,4.022254696998587842e-01,4.036197027811156968e-01,5.745557546208810429e-01,6.236412331971799006e-01,6.057550619127258784e-01,5.815078641175454033e-01,5.181418752515447590e-01,5.181419233805850677e-01,5.554254212136598978e-01,5.922242287538329597e-01,6.156705812752870655e-01,4.858242949758448392e-01,6.203030281846095839e-01,5.800239163263403164e-01,5.380963803121183719e-01,5.661292556490793437e-01,5.911705801555287021e-01,3.494826044915601559e-01,5.367984716834702796e-01,4.485955473279735206e-01,4.060084524150766039e-01,3.706408748795815278e-01,5.283634690231860942e-01,5.337918273355182208e-01,6.255332002084748044e-01,4.618064441835171841e-01,5.715527700652778265e-01,4.159006292087099044e-01,5.960742673298039529e-01,6.043021598891883395e-01,2.319113896602381653e-01,1.824857761266357459e-01,1.243069702611977606e-01,2.004175056716984427e-01,2.180230022557197445e-01,8.859131762379376940e-02,2.022699368031836975e-01,1.486769487661697975e-01,1.380610137204220655e-01,1.865015494720799472e-01,1.895828305699672617e-02,3.020369834645067128e-02,2.706970332137614843e-01,2.047508716587065347e-01,3.434113866174183238e-01,1.833290498032300875e-01,2.283225258744330799e-01,2.620922215984067827e-01,1.759554713541577053e-01,2.819808601018712890e-01,1.355448279642764153e-01,7.728158343782731698e-02,2.609807638084218895e-01,1.884014134397026252e-01,1.233392143698245624e-01,1.021883062102043882e-01,1.942325297778289481e-02,2.243340928206111543e-02,2.998776289585209365e-01,1.116910245826570197e-01,1.257470286785495328e-01,1.867281406642283259e-01
6.823362194891535726e-01,6.601090639791131753e-01,5.609087507754604296e-01,6.322359639825168021e-01,6.881829838163847635e-01,6.899041214928081089e-01,5.823957041962476433e-01,5.939943053715402987e-01,1.840433793528369610e-01,6.507718486531297586e-01,4.537807832458165547e-01,5.825797923928657251e-01,3.611811497830312856e-01,3.268627993520164532e-01,4.584213711212364872e-01,4.011630410454658513e-01,3.768187088813529928e-01,4.564392081495488029e-01,6.554400375577996707e-01,4.123915207058263532e-01,3.213765887631774287e-01,6.480814310195852634e-01,2.561055636054305751e-01,4.901734432489067150e-01,4.265187347659792905e-01,5.298516949186331537e-01,6.145603036998602553e-01,4.221215626025216494e-01,3.494500729436629816e-01,6.888839129107720005e-01,6.839473091565114737e-01,6.128186016711774098e-01,5.627407997822591046e-01,5.830816829683631575e-01,5.625815284067351429e-01,3.999526220015663380e-01,2.787270676071086917e-01,5.043230222896815107e-01,4.193896404384566123e-01,5.660416859611756557e-01,2.023093448515385084e-01,2.819390755451249286e-01,3.971028541035453996e-01,4.483909346630274850e-01,4.427830252296324764e-01,4.754024244148998823e-01,5.067851966823493370e-01,4.418486830396461396e-01,7.693968025766392826e-02,3.278627958485043625e-01,1.758430253349932693e-01,2.594885708824303250e-01,4.014798928609231848e-02,8.723636704764450855e-02,1.070650755942494370e-01,1.601132469110541356e-01,6.801032603336283344e-01,5.833935550447421070e-01,5.653445941298049782e-01,5.406027858534170338e-01,4.321535811164364804e-01,4.017821640740925071e-01,6.891125209671475904e-01,3.772294675647498430e-01,5.373550506266636662e-01,2.910778000911825592e-01,2.891989267713930278e-01,4.116725622537935614e-01,5.267564419969047451e-01,4.238133587373070221e-01,3.485038862175666718e-01,5.287745048294267836e-01,6.043200689154628602e-01,4.487125288564733916e-01,6.554924197828192467e-01,6.273722115253675957e-01,6.703133572880199953e-01,5.003556148885404120e-01,6.603172920560250736e-01,4.042054601967645100e-01,5.783321484383019406e-01,4.763136134115075193e-01,3.331880981276724163e-01,3.723186160053216787e-01,5.113981767825293012e-01,6.812989445034245417e-01,5.820631352986387341e-01,5.946555852147267229e-01,6.161948430367508722e-01,0.000000000000000000e+00,4.464368847445416288e-01,3.403776519200651940e-01,1.533557885009317889e-01,4.311943738482403865e-01,4.370194199088971998e-01,6.363602518320861101e-01,5.597049018075042071e-01,1.920253161711931167e-01,6.620148733463615542e-01,6.777974957631207609e-01,6.871518378203227417e-01,6.842150055775928497e-01,4.937082259091957748e-01,4.575164661374037656e-01,6.476620402625020700e-01,5.156762840792585845e-01,5.518868551900354413e-01,4.616881662621971083e-01,6.133516627425298351e-01,5.026200460496491607e-01,4.540514132894675203e-01,4.588649921120028785e-01,5.266465012294034853e-01,4.571924349510497754e-01,4.378028968648569053e-01,4.953645077331468860e-01,3.739698346697234999e-01,5.426589352390790433e-01,2.323481590487664894e-01,4.763042308228090937e-01,5.803047944040622408e-01,5.985805291644636927e-01,4.269583320032995233e-01,5.778617596144923763e-01,6.257252911903228298e-01,1.990112418603363353e-01,3.814151527450574952e-01,5.898048055484520491e-01,4.819896472176780078e-01,6.223724425290896312e-01,6.100793189712399034e-01,6.856143088096051663e-01,6.894244273565710568e-01,5.473194595907932003e-01,5.809094916934119945e-01,6.840783533783250103e-01,6.758412223395117158e-01,5.322254565236349544e-01,6.616881777197339831e-01,5.842007824344447320e-01,5.010317519016868060e-01,6.421587169270895901e-01,5.941720490311714897e-01,1.310351785130270952e-01,2.610772772779525464e-01,4.033033078348704503e-01,4.985656507982516583e-01,2.797423185479697150e-01,5.038531240782937459e-01,4.309657352156731625e-01,5.681955853115385757e-01,4.472509032064677648e-01,4.637654242701029772e-01,2.277680778251720550e-01,3.175298382234865158e-01,3.909914211134290496e-01,1.844111549417630502e-01,2.467812700948891491e-01,4.092096485830915009e-01,6.475590092643207507e-01,1.684918716635083469e-01,1.630862956383047901e-01,7.623227142198077400e-02,2.108538893903985079e-01,6.640183721739740808e-01,6.531149127071547156e-01,6.051955789613300274e-01,5.690115100228502198e-01,6.197456335739464084e-01,2.707521998403980557e-01,5.888013059324314069e-01,4.784951120318216011e-01,5.974382298745146702e-01,5.408508630706274634e-01,5.291006773554346454e-01,5.837878087098817836e-01,4.797516636943884860e-01,6.556246059134318571e-01,3.286582831601668198e-01,6.230659946669480087e-01,5.225925311252750394e-01,6.898061900500086496e-01,5.194513670088394264e-01,6.307480171536874458e-01,6.641275636086561018e-01,6.865808886771813668e-01,4.146749787222931971e-01,1.941981059858743919e-01,5.839335743831116643e-01,6.903120197516728895e-01,4.975514845123367169e-01,6.906030809759973188e-01,5.793370384905145443e-01,6.885674197679354513e-01,5.844145232352883079e-01,4.558788014119023457e-01,6.224643700158210002e-01,4.601112805947530360e-01,6.902896834580795060e-01,6.709878576697319019e-01,2.236707477449949577e-01,1.672740807986181910e-01,1.289781631792275285e-01,2.022312334688569635e-01,2.253563803816310274e-01,9.050683077006589639e-02,1.825905236432509016e-01,1.412750968815556785e-01,1.277093385300998862e-01,1.279422031944588423e-01,1.848070717369075869e-02,2.813470532626605181e-02,2.386058003198674449e-01,1.930239135033026132e-01,2.686772359027086443e-01,1.964347986759799880e-01,2.353413242332851041e-01,2.531503833516528523e-01,1.804705909708384792e-01,2.821599947915915396e-01,1.718036079243910330e-01,7.927031023736774706e-02,2.456456475286481755e-01,1.712621069174364019e-01,1.059899189768415545e-01,7.795832967349160258e-02,2.103019384317511564e-02,1.708920790974511120e-02,2.550934433129636858e-01,1.086702155103914241e-01,1.287562525875230457e-01,2.167202113454053669e-01
4.480338067395353563e-01,4.100648681627809822e-01,4.566744760970005701e-01,4.630563934201630261e-01,4.621709201136742218e-01,4.535337280455556397e-01,4.640888111598409083e-01,4.616623267627100735e-01,2.113003320795927842e-01,4.570534067042355542e-01,4.614026166568293008e-01,4.639179058017293689e-01,3.378958711204905208e-01,3.089268771891169885e-01,4.287193157213640138e-01,3.768104892389783078e-01,3.594379728953746578e-01,4.299078873223231012e-01,4.321508407954545716e-01,3.975023742741704558e-01,3.327355429013422738e-01,4.386655313852786953e-01,2.656980389348383986e-01,4.574786521896442859e-01,3.873319368970100651e-01,4.165173395623075758e-01,4.329164274944006796e-01,3.429536002036279729e-01,3.412677130080301602e-01,4.411254006464297994e-01,4.344049281172914223e-01,4.494845253889557801e-01,4.593401455013486068e-01,4.487823290199021709e-01,4.630125756583267083e-01,3.973126616803185907e-01,2.743276370933879771e-01,4.563534672136407289e-01,4.195556228535877730e-01,4.629034809819441154e-01,2.801278594784515907e-01,3.087377272068540512e-01,4.488874680137700524e-01,4.570605587654010815e-01,4.441974169656437987e-01,3.876674715577123065e-01,4.626380146367982671e-01,4.290746029549422635e-01,3.996214892194223656e-01,4.624685983059561578e-01,2.875647388780905866e-01,2.534687026734784854e-01,4.393706147718354910e-02,9.242201433945639033e-02,1.025717454036009363e-01,1.409914621512468047e-01,4.045103340853682949e-01,4.380619877592135114e-01,4.569870273221330881e-01,4.545292497160545730e-01,4.543665850994791922e-01,4.564467047689813040e-01,3.518576651355163065e-01,3.940336682635571797e-01,3.607862362880211449e-01,4.560432331840267306e-01,3.512766484530515654e-01,4.478852868160774769e-01,3.953556234576161565e-01,4.184960539360472187e-01,4.442756161688548033e-01,4.648373483268106177e-01,4.510355103796009346e-01,4.573917826776667250e-01,4.255372273113737225e-01,4.324465385584506660e-01,4.337936687973935057e-01,4.513747155670291833e-01,4.190466492250798924e-01,4.624991013504327619e-01,4.463019018255051096e-01,4.640711260434086105e-01,2.604713073219752650e-01,3.286216039662702704e-01,3.644939031857373224e-01,2.967680523056190900e-01,3.291279474696172658e-01,4.197679064938307225e-01,3.380703215042556442e-01,4.464368847445415178e-01,0.000000000000000000e+00,3.53171635464